323
476



1 81 1
1 312 1
2 92 1
2 116 1
2 262 1
3 98 1
3 151 1
3 169 1
4 25 1
4 130 1
4 134 1
4 142 1
4 209 1
5 226 1
5 306 1
6 64 1
6 265 1
7 105 1
7 261 1
8 51 1
8 78 1
8 319 1
9 164 1
9 282 1
10 39 101
10 268 128
10 284 282
11 174 1
11 269 1
12 67 1
12 73 1
12 112 1
12 181 1
12 202 1
12 261 1
13 54 1
13 179 1
14 79 1
14 154 1
14 271 1
15 23 1
15 235 1
15 257 1
16 70 1
16 290 1
17 84 1
17 195 1
18 229 1
18 245 1
19 201 1
19 316 1
20 190 1
20 218 1
21 27 1
21 69 1
21 121 1
21 252 1
21 281 1
21 318 1
22 46 1
22 138 1
22 184 1
22 225 1
22 305 1
23 257 1
24 131 1
24 152 1
25 130 1
25 209 1
26 197 1
26 285 1
27 179 1
27 223 1
28 44 33
28 58 11
28 103 18
29 117 1
29 192 1
29 194 1
29 246 1
29 322 1
30 85 1
30 308 1
31 48 1
31 215 1
32 148 1
32 178 1
33 95 1
33 254 1
34 89 1
34 180 1
35 43 1
35 125 2
35 293 1
35 295 1
36 59 1
36 89 1
36 230 1
37 207 5
37 240 1
38 82 1
38 127 1
38 219 1
40 110 1
40 174 1
41 129 1
41 158 1
41 216 1
42 270 1
42 288 1
42 307 1
43 78 1
44 125 13
44 248 2
45 109 1
45 322 1
46 184 1
47 274 1
47 312 1
48 106 1
49 224 2
49 268 6
50 268 3
50 280 2
51 78 1
52 227 1
52 229 4
52 251 1
53 157 2
53 203 3
54 295 1
54 304 1
55 270 1
55 288 1
55 307 1
56 99 7
56 123 14
56 212 18
56 220 40
57 147 1
57 207 5
58 103 2
59 89 1
59 180 1
59 230 1
60 115 1
60 201 1
61 87 1
61 109 1
61 243 1
62 145 1
62 260 1
63 237 1
63 241 1
64 253 1
64 265 1
65 156 1
65 223 1
66 70 1
66 190 1
67 255 1
68 99 1
68 209 1
68 260 1
69 163 1
69 198 1
70 190 1
70 267 1
71 156 1
71 163 1
71 170 1
72 85 1
72 191 1
72 277 1
73 112 1
74 272 1
74 309 1
75 80 1
75 206 1
76 136 1
76 149 1
76 244 1
76 298 2
77 90 1
77 111 1
77 120 1
77 233 2
77 323 1
79 262 1
80 210 1
80 321 1
81 139 1
82 249 1
82 321 1
83 195 1
83 228 1
83 301 1
84 171 1
84 175 1
85 108 2
85 139 1
85 191 1
85 282 1
85 308 1
86 101 1
86 140 1
86 146 1
86 199 1
86 279 1
86 281 1
87 92 1
87 243 1
88 162 1
88 173 1
88 227 1
90 120 1
91 119 1
91 160 1
91 180 1
91 258 1
92 194 1
93 176 1
93 257 1
93 311 1
94 233 2
94 293 1
95 153 1
96 133 1
96 314 1
97 172 2
97 211 1
97 249 1
98 146 1
99 209 1
99 212 2
100 104 1
100 143 1
100 214 1
101 146 1
101 199 1
102 244 1
102 287 1
104 213 1
104 214 1
105 255 1
105 261 1
106 118 1
106 234 1
107 205 1
107 323 1
108 204 1
108 277 1
108 310 1
109 322 2
110 301 1
111 133 1
111 314 1
113 128 1
113 237 1
114 127 1
114 244 1
115 316 1
116 178 1
117 192 1
117 236 1
118 155 2
118 215 1
118 234 1
119 177 1
119 185 1
119 189 1
119 242 1
119 291 1
121 252 1
122 182 1
122 244 1
123 145 4
123 212 4
124 126 1
124 164 2
124 222 1
124 251 1
124 282 1
124 317 1
125 193 1
125 208 7
125 233 25
126 164 1
127 136 1
127 219 1
128 237 1
129 216 1
129 254 1
131 155 1
131 186 1
131 190 1
132 167 1
132 183 1
133 143 1
134 142 1
135 264 1
135 294 1
136 149 1
136 210 1
136 259 1
137 187 1
137 229 4
137 245 1
138 184 1
139 191 1
140 301 1
141 174 1
141 284 5
141 302 1
143 165 11
143 323 1
144 188 1
144 190 1
144 218 1
145 220 11
147 183 1
148 162 1
148 166 1
148 178 1
149 283 1
150 239 1
150 313 1
151 169 1
151 226 1
152 186 1
153 231 1
153 300 1
154 167 1
154 240 1
154 271 1
155 190 1
156 223 1
157 175 1
157 203 1
157 299 1
158 216 1
158 221 1
159 188 1
159 190 1
160 168 1
160 177 1
160 302 1
161 264 1
161 292 1
161 320 1
162 178 1
163 170 1
163 198 1
164 251 2
165 207 66
165 233 46
166 225 1
166 305 1
167 240 1
168 230 1
169 301 1
171 175 1
171 235 1
171 299 1
172 272 1
172 290 1
172 294 2
173 320 1
174 239 1
174 275 1
174 284 5
175 281 1
176 236 1
176 286 1
177 185 1
177 302 1
179 221 1
179 295 1
181 202 1
181 278 1
182 232 1
182 287 1
183 311 1
184 201 1
185 224 1
187 204 1
187 245 1
189 255 1
189 291 1
190 211 1
190 267 1
193 208 1
193 248 1
194 246 1
195 228 4
196 213 1
196 316 1
197 260 1
197 285 1
199 306 1
200 231 1
200 279 1
200 300 1
202 206 1
202 261 1
203 311 1
203 318 1
204 310 1
205 315 1
206 210 1
206 211 1
206 247 1
206 261 1
207 240 4
210 321 1
213 315 1
215 234 1
217 256 1
217 303 1
221 295 1
222 241 1
224 268 4
224 298 2
225 305 1
226 273 1
226 296 1
227 251 1
227 274 1
228 284 14
228 301 2
231 279 1
231 300 1
232 287 1
234 272 1
234 285 1
234 297 1
236 287 1
238 276 1
238 281 1
238 318 1
239 269 1
239 313 1
241 317 1
242 283 1
243 264 1
243 292 1
243 294 1
245 310 1
246 322 1
247 278 1
250 263 7
250 289 159
250 309 3
251 312 1
253 265 1
256 303 1
258 303 1
259 321 1
263 309 1
264 320 1
266 289 49
266 294 3
268 280 6
269 275 1
270 288 1
272 290 1
272 297 1
273 296 1
274 312 1
276 281 1
276 318 1
279 306 1
284 301 9
286 311 1
288 307 1
304 319 1



255 0 52 saint-avit-81
175 0 19 moulayres
224 0 19 virac
369 0 12 rouairoux
96 0 14 lacapelle-segalar
66 0 17 appelle
1138 0 51 villefranche-d-albigeois
356 0 23 montgaillard-81
374 0 54 garrevaques
48916 0 1105 albi
367 0 20 saint-jean-de-marcel
412 0 72 trebas
171 0 9 larroque-81
790 0 42 saint-gauzens
1522 0 71 castelnau-de-levis
144 0 12 ferrieres-81
356 0 74 taïx
699 0 71 naves-81
108 0 19 veilhes
299 0 6 masnau-massuguies
1054 0 34 cahuzac-sur-vere
373 0 16 teyssode
1023 0 188 terssac
338 0 7 nages
554 0 32 albine
75 0 9 lasfaillades
957 0 10 castelnau-de-montmiral
13293 0 261 gaillac
608 0 49 montdragon
275 0 60 durfort-81
64 0 2 lamontelarie
471 0 38 jonquieres-81
253 0 15 milhars
161 0 12 ledas-et-penthies
504 0 15 grazac-81
57 0 10 montauriol-81
728 0 86 busque
240 0 17 roumegoux-81
6797 0 738 saint-juery-81
293 0 26 almayrac
71 0 13 roussayrolles
97 0 16 frausseilles
204 0 17 montvalen
4277 0 49 lisle-sur-tarn
449 0 36 saint-lieux-lafenasse
133 0 16 magrin
729 0 51 lempaut
44 0 2 margnes
2463 0 246 arthes
1163 0 50 garric
305 0 25 beauvais-sur-tescou
1979 0 177 semalens
2930 0 408 marssac-sur-tarn
238 0 15 sauziere-saint-jean
84 0 17 donnazac
9995 0 138 mazamet
732 0 33 labessiere-candeil
1353 0 41 montans
69 0 8 lacapelle-pinet
212 0 14 algans
732 0 26 venes
318 0 24 caucalieres
287 0 28 montgey
149 0 28 prades-81
122 0 15 sainte-cecile-du-cayrou
308 0 6 lacaze
100 0 13 saint-andre-81
940 0 26 saint-amans-valtoret
175 0 25 vieux-81
157 0 12 esperausses
115 0 15 campagnac-81
174 0 14 saint-amancet
93 0 14 fraissines
827 0 39 noailhac-81
248 0 8 rayssac
1319 0 75 frejairolles
423 0 41 lugan-81
255 0 25 tauriac-81
223 0 25 cabanes-81
177 0 12 mont-roc
225 0 21 lagardiolle
258 0 9 saint-antonin-de-lacalm
449 0 36 labastide-gabausse
255 0 20 mailhoc
2610 0 62 soreze
1011 0 122 cordes-sur-ciel
1756 0 32 lautrec
661 0 69 frejeville
43 0 13 treban-81
287 0 27 garrigues-81
1295 0 63 valence-d-albigeois
369 0 24 brousse-81
569 0 51 rouffiac-81
398 0 67 mezens
78 0 7 marnaves
878 0 92 saint-lieux-les-lavaur
2078 0 18 montredon-labessonnie
86 0 20 milhavet
1078 0 141 bout-du-pont-de-larn
303 0 26 marzens
241 0 10 saint-marcel-campes
435 0 31 lamillarie
2178 0 95 brens-81
163 0 18 lacougotte-cadoul
447 0 14 ambialet
763 0 10 castelnau-de-brassac
231 0 42 montcabrier-81
1287 0 56 dourgne
3294 0 229 realmont
193 0 11 trevien
408 0 67 saint-jean-de-rives
233 0 12 cadix
239 0 24 aguts
706 0 47 denat
262 0 21 cambon-les-lavaur
208 0 16 puycalvel
210 0 24 sieurac
1396 0 58 brassac-81
483 0 28 serenac
226 0 32 saint-agnan-81
103 0 31 montels-81
2916 0 232 puygouzon
2188 0 170 payrin-augmontel
1070 0 80 blan
5051 0 76 rabastens
677 0 29 cuq-toulza
490 0 28 fauch
126 0 25 mouzens-81
30 0 8 montrosier
1539 0 65 labastide-rouairoux
839 0 8 murat-sur-vebre
882 0 45 tecou
945 0 49 ambres
290 0 20 lacabarede
73 0 15 saint-jean-de-vals
417 0 31 mouzieys-teulet
1783 0 99 viviers-les-montagnes
352 0 54 viterbe
167 0 35 belleserre
451 0 20 saint-martin-laguepie
764 0 72 rosieres-81
179 0 14 sauveterre-81
1752 0 281 labastide-saint-georges
39 0 8 senaux
2731 0 142 aiguefonde
235 0 18 livers-cazelles
374 0 30 lasgraisses
816 0 87 guitalens-l-albarede
420 0 37 bellegarde-81
262 0 9 montirat-81
195 0 23 salles-81
319 0 21 moulin-mage
124 0 11 tonnac
1936 0 129 briatexte
2603 0 28 lacaune
116 0 12 saint-beauzile
983 0 68 labastide-de-levis
328 0 23 vaour
134 0 8 gijounet
384 0 14 andouque
175 0 23 montpinier
1444 0 124 vielmur-sur-agout
110 0 17 alos-81
3191 0 39 puylaurens
10148 0 161 lavaur-81
597 0 46 servies
491 0 23 peyrole
122 0 8 crespin-81
153 0 52 combefa
144 0 12 itzac
186 0 25 castanet-81
1731 0 60 lacrouzette
177 0 23 carbes
807 0 40 sainte-gemme-81
461 0 29 villeneuve-sur-vere
227 0 37 fenols
502 0 28 saussenac
479 0 31 cuq-81
474 0 12 puycelsi
195 0 13 padies
446 0 11 curvalle
781 0 220 salies
1473 0 36 cadalen
82 0 11 pratviel
449 0 35 saint-gregoire-81
211 0 14 barre-81
948 0 39 verdalle
49 0 4 escroux
219 0 11 saint-cirgue
620 0 16 viane
359 0 63 cahuzac-81
245 0 17 saint-genest-de-contest
396 0 36 loupiac-81
405 0 20 saint-julien-du-puy
3074 0 346 blaye-les-mines
136 0 22 villeneuve-les-lavaur
52 0 6 rialet
116 0 21 andillac
177 0 23 bournazel-81
83 0 9 labarthe-bleys
122 0 15 roquevidal
992 0 101 alban
1828 0 193 grave-81
422 0 41 massaguel
177 0 24 bannieres
530 0 7 paulinet
11955 0 210 graulhet
2260 0 83 coufouleux
1677 0 67 saint-amans-soult
456 0 18 teillet
626 0 17 saint-pierre-de-trivisy
2874 0 83 pont-de-larn
201 0 20 viviers-les-lavaur
321 0 37 massac-seran
531 0 6 angles-81
68 0 11 saint-michel-de-vax
156 0 10 assac
92 0 8 saint-salvi-de-carcaves
278 0 28 ronel
6459 0 629 aussillon
563 0 8 penne-81
120 0 28 saint-sernin-les-lavaur
238 0 24 verdier
1493 0 234 cunac
971 0 30 damiatte
103 0 12 laparrouquial
830 0 108 cambounet-sur-le-sor
2152 0 479 saint-benoît-de-carmaux
3307 0 239 saix-81
271 0 16 moulares
153 0 15 vindrac-alayrac
665 0 62 carlus
8091 0 337 saint-sulpice-81
812 0 25 bez
355 0 49 sainte-croix-81
310 0 35 orban
87 0 24 puechoursi
1059 0 70 senouillac
1084 0 28 mirandol-bourgnounac
597 0 31 puybegon
180 0 26 pechaudier
156 0 17 crespinet
398 0 37 montfa-81
375 0 50 labastide-denat
744 0 94 saint-affrique-les-montagnes
449 0 83 laboutarie
113 0 6 massals
883 0 30 parisot-81
156 0 7 arifat
6231 0 102 bruguiere-81
851 0 50 saint-germain-des-pres-81
104 0 25 broze
127 0 19 croisille-81
119 0 23 riols-81
82 0 8 courris
83 0 8 saint-michel-labadie
1543 0 284 sequestre
136 0 9 faussergues
239 0 19 terre-clapier
85 0 7 vintrou
387 0 13 fraysse
93 0 16 missecle
1774 0 365 lagarrigue-81
128 0 30 saint-germier-81
108 0 26 bertre
1902 0 58 burlats
105 0 10 berlats
4186 0 295 lescure-d-albigeois
761 0 20 pampelonne
70 0 14 amarens
865 0 34 fiac
556 0 30 saint-salvy-de-la-balme
237 0 12 segur-81
2308 0 162 soual
526 0 27 tanus
368 0 48 fayssac
182 0 4 arfons
103 0 8 miolles
352 0 57 cabannes-81
2284 0 92 cagnac-les-mines
478 0 28 cestayrols
424 0 65 palleville
279 0 33 marsal-81
10116 0 714 carmaux
338 0 14 cambounes
276 0 45 aussac
430 0 36 poulan-pouzols
186 0 19 souel
42314 0 431 castres-81
806 0 28 vabre
212 0 17 saint-julien-gaulene
94 0 20 peyregoux
386 0 24 roquemaure-81
2281 0 136 roquecourbe
1078 0 32 salvagnac
130 0 8 saint-christophe-81
389 0 20 boissezon
1917 0 248 cambon
174 0 31 bernac-81
93 0 21 loubers
1381 0 51 monesties
838 0 41 valderies
128 0 13 dourn
240 0 19 saint-urcisse-81
1071 0 62 saint-paul-cap-de-joux
223 0 16 mouzieys-panens
206 0 17 noailles-81
298 0 38 cammazes
824 0 137 valdurenque
643 0 27 escoussens
706 0 55 florentin
587 0 87 lescout
101 0 8 jouqueviel
1365 0 32 giroussens
196 0 18 belcastel-81
174 0 20 maurens-scopont
222 0 48 poudis
890 0 92 rivieres-81
323 0 20 montdurausse
138 0 29 laboulbene
127 0 15 travet
1046 0 26 lombers
484 0 48 teulat
