332
488



1 108 1
1 234 1
1 299 1
1 308 1
2 36 1
2 248 1
3 110 1
3 319 1
4 99 1
4 231 1
5 115 1
5 213 1
6 26 1
6 56 1
7 72 1
7 121 1
7 219 1
7 296 1
8 24 1
8 92 1
9 109 1
9 186 1
9 235 1
10 32 1
10 38 1
11 163 1
11 174 4
12 20 1
12 25 1
12 39 1
13 127 1
13 239 1
14 16 1
14 198 1
15 76 1
15 141 1
15 197 1
16 239 1
17 143 1
17 255 1
18 117 1
18 190 1
19 216 1
19 232 1
19 260 1
20 211 1
21 80 1
21 173 2
21 253 1
22 70 1
22 99 1
22 200 1
22 314 1
23 193 1
23 293 1
24 223 1
25 84 1
25 211 1
25 285 1
26 152 1
26 167 1
27 188 1
27 291 1
28 233 1
28 273 1
29 195 4
29 206 25
30 119 1
30 310 1
31 289 1
31 317 1
32 38 1
32 301 1
33 278 1
33 292 1
34 50 1
34 58 1
34 97 1
35 114 1
35 224 1
35 322 1
36 219 1
36 296 1
37 246 1
37 306 1
38 301 1
39 156 1
39 210 1
40 57 1
40 60 1
40 96 1
40 140 1
40 166 1
40 174 8
40 306 3
41 157 1
41 258 1
42 98 1
42 203 1
42 259 1
42 275 1
43 52 1
43 134 1
43 241 1
44 87 1
44 324 1
45 160 1
45 288 1
45 331 1
46 106 1
46 168 1
47 55 1
47 123 1
47 239 1
47 267 1
48 75 1
48 109 1
49 138 5
49 311 1
50 119 1
51 80 1
51 212 1
51 292 1
52 72 1
53 221 1
53 304 1
54 161 1
54 265 1
55 82 1
56 223 1
56 266 1
57 140 1
58 97 1
58 266 1
59 105 1
59 142 1
60 99 1
60 137 1
60 231 1
61 123 1
61 182 1
61 184 1
61 267 1
62 199 1
62 286 1
63 173 4
63 276 1
64 140 1
64 320 1
65 88 1
65 289 1
65 317 1
65 324 1
66 68 1
66 106 1
66 113 1
66 158 1
66 168 1
66 177 4
67 91 1
67 182 1
67 187 1
68 113 1
68 122 1
69 230 1
69 246 1
69 254 1
70 130 1
70 137 1
71 257 1
71 328 1
72 121 1
73 126 1
73 274 1
73 307 1
74 117 1
74 159 1
74 280 1
75 145 1
75 159 1
76 152 1
76 197 1
76 262 1
77 142 1
77 311 1
78 179 1
78 291 1
79 148 1
79 204 1
79 214 1
81 111 1
81 228 1
81 318 1
82 125 1
83 138 10
84 194 1
85 133 1
85 171 1
85 301 1
85 320 1
86 98 1
86 129 1
87 222 1
87 244 1
87 278 1
87 324 1
88 289 1
89 254 1
89 287 1
90 193 1
90 235 1
90 269 1
91 115 1
91 187 1
92 162 1
92 181 1
92 238 1
93 203 1
93 275 1
94 214 1
94 286 1
95 100 1
95 139 1
95 290 1
96 166 1
97 125 1
97 243 1
98 253 1
99 231 1
100 290 1
100 295 1
101 120 1
101 260 1
101 315 1
102 112 1
102 155 1
102 172 1
102 325 1
103 114 1
103 264 1
104 207 1
104 300 1
105 297 1
106 217 1
107 178 1
107 191 1
107 201 1
108 299 1
108 325 1
109 150 1
109 214 5
110 227 1
110 305 1
111 180 1
111 228 1
112 227 1
113 158 1
113 283 1
113 330 1
114 264 1
114 322 1
115 213 1
116 190 1
116 249 1
117 159 1
117 280 1
118 133 1
118 255 1
118 273 1
119 152 1
119 176 1
119 262 1
120 260 1
122 330 1
123 198 1
123 267 1
124 306 2
124 326 1
125 198 1
125 243 1
126 183 1
126 274 1
126 290 1
127 142 1
128 205 1
128 229 1
128 329 1
129 276 1
129 316 1
130 293 1
131 170 1
131 199 1
132 135 1
132 194 1
132 209 1
133 298 1
134 215 1
135 209 1
136 242 1
136 282 1
139 153 1
139 203 1
141 310 1
142 297 1
143 177 1
143 255 1
143 286 1
144 184 1
144 248 1
145 159 1
146 171 1
146 301 1
147 189 1
147 208 1
147 281 1
148 214 1
148 233 1
148 249 1
149 265 1
149 269 1
150 154 1
151 277 1
151 328 1
152 262 1
153 247 1
154 190 1
154 204 1
155 172 1
156 210 1
157 321 1
158 283 1
159 280 1
160 288 1
160 297 1
160 331 1
161 165 1
161 265 1
162 195 4
162 238 1
162 314 1
163 181 1
163 272 1
164 254 1
164 294 1
165 225 1
167 323 1
168 277 1
168 330 1
169 247 1
169 318 1
170 199 1
171 298 1
172 227 1
172 305 1
172 306 1
173 175 6
175 258 1
176 310 1
177 214 11
177 273 1
177 286 2
178 224 1
179 258 1
179 292 1
180 259 1
180 318 1
181 238 1
182 213 1
183 289 1
183 307 1
184 219 1
185 221 1
185 304 1
186 269 1
188 215 1
188 291 1
188 313 1
189 302 1
191 261 1
192 240 1
192 245 1
192 303 1
192 324 1
193 269 1
193 293 1
195 223 4
196 252 1
196 283 1
197 242 1
197 323 1
198 239 1
199 286 1
200 314 1
201 224 1
201 261 1
201 297 1
202 226 1
202 306 1
202 308 1
203 275 1
204 249 1
204 250 1
205 329 1
206 322 6
207 209 1
207 285 1
207 294 1
207 300 1
208 236 1
208 263 1
208 302 1
209 294 1
211 257 1
211 284 1
212 244 1
212 278 1
213 241 1
213 332 1
214 279 1
216 310 1
217 220 1
217 257 1
217 284 1
217 327 1
218 272 1
218 282 1
219 241 1
219 248 1
219 296 1
220 327 1
220 328 1
221 304 1
222 278 1
224 243 1
225 281 1
225 302 1
226 230 1
226 246 1
227 287 1
229 268 1
229 305 1
229 319 1
231 320 1
232 260 1
232 316 1
233 250 1
234 299 1
236 302 1
237 279 1
237 309 1
240 245 1
240 303 1
241 332 1
242 282 1
242 323 1
244 295 1
245 313 1
247 318 1
251 270 1
251 321 1
252 283 1
253 312 1
256 279 1
256 309 1
257 284 1
260 316 1
261 297 1
263 302 1
265 293 1
268 305 1
270 321 1
271 287 1
271 329 1
272 323 1
273 301 1
275 312 1
278 290 1
278 324 1
279 309 1
285 294 1
287 294 1
288 331 1
290 295 1
290 324 1
299 308 1
305 319 1
306 326 1
315 316 1



203 0 31 bedeilhac-et-aynat
61 0 7 contrazy
55 0 1 suc-et-sentenac
226 0 11 ventenac
53 0 22 thouars-sur-arize
118 0 16 artix-09
156 0 13 tourtouse
1248 0 152 rieux-de-pelleport
145 0 17 besset
158 0 24 lieurac
691 0 76 vernajoul
46 0 50 urs
1063 0 73 fossat
51 0 13 lanoux
112 0 4 bosc-09
31 0 16 casteras
116 0 3 montsegur
65 0 6 belloc
159 0 4 esplas-de-serou
62 0 5 lassur
555 0 116 eycheil
173 0 19 segura
585 0 14 dun
456 0 151 benagues
134 0 25 vebre
254 0 21 loubens-09
204 0 30 bastide-du-salat
39 0 10 raissac
2671 0 259 tour-du-crieu
40 0 6 larbont
29 0 6 saint-jean-du-castillonnais
153 0 16 carla-de-roquefort
274 0 36 engomer
44 0 5 aigues-juntes
303 0 36 bezac
201 0 27 montardit
325 0 73 ussat
129 0 14 sautel
38 0 5 lordat
1372 0 173 montgaillard-09
298 0 36 gajan-09
352 0 14 soulan
329 0 14 fabas-09
199 0 11 balagueres
136 0 37 labatut-09
104 0 18 ignaux
360 0 37 sabarat
27 0 11 sainte-foi
2343 0 58 lezat-sur-leze
23 0 7 suzan
69 0 11 montegut-en-couserans
59 0 17 bagert
91 0 9 rouze
700 0 53 pujols-09
94 0 7 gabre
237 0 18 saint-victor-rouzaud
357 0 25 montoulieu-09
45 0 6 cazaux
51 0 11 justiniac
111 0 16 pradieres
268 0 20 campagne-sur-arize
392 0 61 aiguillon-09
1047 0 35 montjoie-en-couserans
119 0 11 celles-09
112 0 11 galey
1363 0 45 ax-les-thermes
95 0 13 castex-09
185 0 2 merens-les-vals
37 0 10 bouan
48 0 7 malleon
19 0 2 bestiac
82 0 8 bedeille-09
20 0 9 balacet
184 0 15 garde-09
48 0 7 malegoude
221 0 12 alzen
252 0 24 sainte-suzanne-09
216 0 12 cazavet
348 0 122 tabre
99 0 20 encourtiech
693 0 15 massat
25 0 4 monesple
3707 0 84 mazeres-09
28 0 4 appy
153 0 12 roquefixade
188 0 6 riverenert
116 0 29 audressein
148 0 4 saint-lary-09
20 0 3 larnat
243 0 48 tourtrol
97 0 26 meras
648 0 64 crampagna
554 0 29 oust
365 0 52 dreuilhe
98 0 3 bethmale
361 0 46 prayols
327 0 17 montegut-plantaurel
144 0 15 erp
143 0 13 gudas
101 0 6 arrien-en-bethmale
82 0 9 montseron
61 0 17 alliat
648 0 115 vernet-09
46 0 9 pech
95 0 12 esplas
423 0 14 savignac-les-ormeaux
81 0 9 lescousse
323 0 11 rabat-les-trois-seigneurs
3137 0 66 mirepoix-09
582 0 3 auzat
192 0 7 boussenac
27 0 3 lapege
190 0 2 orlu-09
722 0 74 bonnac-09
31 0 12 loubaut
62 0 10 saint-julien-de-gras-capou
166 0 16 camon-09
638 0 12 montferrier
958 0 21 bastide-de-serou
61 0 6 allieres
36 0 12 barjac-09
94 0 3 hospitalet-pres-l-andorre
517 0 40 bordes-sur-arize
1150 0 77 mercus-garrabet
396 0 18 pailhes-09
135 0 3 bonac-irazein
132 0 20 villeneuve-du-latou
23 0 1 lercoul
507 0 19 lescure
26 0 6 calzan
522 0 16 fougax-et-barrineuf
8 0 1 senconac
123 0 22 nalzen
154 0 10 cerizols
55 0 52 aulos
638 0 26 brassac-09
59 0 12 arabaux
4528 0 73 saverdun
93 0 5 sentenac-d-oust
1260 0 55 saint-paul-de-jarrat
42 0 8 burret
163 0 14 durfort-09
155 0 10 benaix
81 0 9 montfa-09
43 0 9 cazals-des-bayles
97 0 13 roquefort-les-cascades
218 0 20 gaudies
114 0 32 esclagne
620 0 111 rieucros
339 0 27 bastide-de-bousignac
47 0 1 prades-09
236 0 21 cadarcet
82 0 1 couflens
327 0 36 saint-quentin-la-tour
27 0 3 genat
33 0 5 vernaux
217 0 37 taurignan-vieux
139 0 3 ascou
154 0 22 roumengoux
207 0 21 cante
252 0 66 issards
3036 0 258 varilhes
227 0 78 loubieres
39 0 4 larcat
91 0 22 vals
822 0 237 ferrieres-sur-ariege
160 0 10 baulou
95 0 5 sorgeat
237 0 4 aulus-les-bains
1102 0 40 belesta-09
106 0 18 leychert
195 0 48 niaux
6500 0 339 saint-girons
9885 0 511 foix
1453 0 161 saint-lizier
73 0 24 nescus
6525 0 519 lavelanet
44 0 16 saint-amans-09
120 0 13 montgauch
294 0 12 biert
1145 0 89 saint-jean-de-verges
714 0 51 daumazan-sur-arize
150 0 2 sentein
180 0 6 camarade
50 0 4 artigues-09
124 0 8 manses
73 0 9 sieuras
122 0 27 lacave-09
264 0 44 bastide-de-lordat
95 0 11 troye-d-ariege
73 0 12 saint-michel-09
42 0 8 villeneuve-09
129 0 29 vivies
12 0 2 caychax
2317 0 205 verniolle
37 0 12 puch
787 0 44 serres-sur-arget
566 0 23 artigat
238 0 14 lesparrou
435 0 64 saint-felix-de-rieutord
123 0 15 unzent
204 0 74 bompas-09
790 0 9 seix
577 0 111 aigues-vives-09
21 0 4 illier-et-laramade
15372 0 335 pamiers
351 0 403 cabannes-09
144 0 13 saint-felix-de-tournegat
231 0 19 verdun-09
24 0 2 axiat
168 0 55 garanou
75 0 24 arrout
390 0 38 bastide-de-besplas
2720 0 189 laroque-d-olmes
364 0 16 betchat
36 0 2 sentenac-de-serou
204 0 11 perles-et-castelet
692 0 294 saint-pierre-de-riviere
117 0 18 merigon
31 0 6 vaychis
91 0 2 mijanes
141 0 26 cescau-09
2719 0 674 saint-jean-du-falga
414 0 27 escosse
75 0 40 ludies
217 0 25 arnave
184 0 66 capoulet-et-junac
208 0 4 port-09
27 0 5 sem
44 0 2 cazenave-serres-et-allens
215 0 14 herm-09
420 0 31 castelnau-durban
41 0 11 pradettes
645 0 14 saurat
158 0 37 coutens
235 0 25 carlaret
596 0 49 leran
782 0 102 dalou
770 0 21 carla-bayle
83 0 20 illartein
650 0 33 sainte-croix-volvestre
172 0 61 benac-09
214 0 20 madiere
35 0 32 sor
24 0 2 buzan
257 0 21 ornolac-ussat-les-bains
334 0 3 ustou
42 0 8 mauvezin-de-sainte-croix
108 0 8 limbrassac
83 0 38 regat
167 0 24 taurignan-castet
72 0 11 carcanieres
198 0 12 lacourt
104 0 25 sinsat
1125 0 190 villeneuve-d-olmes
114 0 6 montbel-09
121 0 45 unac
1324 0 215 lorp-sentaraille
152 0 10 aleu
163 0 24 durban-sur-arize
261 0 22 saint-martin-d-oydes
161 0 43 montels-09
113 0 5 penne-09
684 0 19 montaut-09
215 0 24 arvigna
64 0 14 saint-bauzeil
1215 0 30 mas-d-azil
40 0 3 goulier
172 0 19 teilhet-09
374 0 27 mercenac
9 0 0 gesties
375 0 58 cos
193 0 36 pereille
24 0 5 uchentein
406 0 29 soueix-rogalle
250 0 15 montesquieu-avantes
32 0 3 montaillou
416 0 84 castillon-en-couserans
724 0 151 bastide-sur-l-hers
210 0 80 moulin-neuf-09
101 0 25 tremoulet
692 0 34 ganac
141 0 3 querigut
551 0 20 luzenac
134 0 17 albies
403 0 89 saint-jean-d-aigues-vives
111 0 5 miglos
208 0 55 lissac-09
165 0 22 orgibet
170 0 3 bordes-sur-lez
834 0 57 prat-bonrepaux
789 0 21 moulis
172 0 32 vira-09
218 0 1 aston
45 0 7 salsein
205 0 24 lasserre-09
191 0 27 brie-09
95 0 3 freychenet
352 0 158 surba
49 0 62 chateau-verdun
122 0 17 ilhat
231 0 49 saint-amadou
64 0 10 aucazein
46 0 3 pla
556 0 92 vicdessos
3468 0 400 tarascon-sur-ariege
62 0 3 antras-09
712 0 80 arignac
479 0 78 peyrat
49 0 6 montagagne
665 0 27 saint-ybars
130 0 5 alos-09
89 0 48 mauvezin-de-prat
223 0 28 coussa
95 0 12 clermont-09
584 0 20 rimont
64 0 6 augirein
560 0 13 erce
28 0 3 orus
206 0 18 soula
310 0 33 caumont-09
669 0 58 villeneuve-du-pareage
359 0 39 saint-martin-de-caralp
177 0 15 argein
93 0 5 gourbit
293 0 116 quie
19 0 5 tignac
65 0 4 caussou
99 0 2 siguer
88 0 4 orgeix
374 0 99 saint-quirc
109 0 11 fornex
