895
1292



1 233 1
1 687 1
1 709 1
2 685 1
2 870 1
3 99 1
3 433 1
4 202 1
4 492 1
4 522 1
5 355 1
5 679 1
6 58 1
6 397 1
6 586 1
7 71 3
7 595 1
8 406 1
8 487 1
8 498 1
9 458 1
9 491 2
9 566 2
10 549 1
10 642 1
11 111 1
11 123 1
11 367 1
11 440 1
12 13 1
12 519 1
12 678 1
13 176 1
13 666 1
13 685 1
13 791 1
14 89 1
14 745 1
14 820 1
15 135 1
15 251 1
16 47 1
16 214 1
16 371 1
17 765 1
17 830 1
18 225 1
18 581 1
19 190 1
19 734 1
20 151 1
20 730 1
20 774 1
21 530 1
21 876 1
22 500 1
22 501 1
23 54 1
23 210 1
23 231 1
23 696 1
24 687 1
24 790 1
25 374 1
25 766 1
26 220 1
26 640 1
27 680 1
27 755 1
28 393 3
28 554 3
29 291 1
29 883 1
30 199 1
30 695 1
31 339 1
31 732 1
32 207 1
32 226 1
32 410 1
32 636 1
33 177 1
33 762 1
34 869 1
34 873 1
35 380 2
35 481 2
36 68 1
36 494 1
36 521 1
37 158 1
37 869 1
38 268 1
38 613 1
39 124 1
39 248 1
39 480 23
39 761 1
40 328 1
40 744 1
41 554 1
41 606 1
42 224 2
42 409 7
43 258 1
43 386 1
43 591 1
43 768 2
44 77 1
44 498 1
45 371 1
45 716 1
45 747 1
46 178 1
46 368 1
47 95 1
48 190 1
48 286 1
48 734 1
49 536 21
49 818 3
49 853 34
49 891 26
50 462 1
50 497 1
51 262 1
51 363 1
51 369 1
51 695 1
51 885 1
52 283 1
52 432 1
52 702 3
52 838 5
53 87 1
53 261 1
53 731 1
54 119 1
54 291 1
54 327 1
54 883 1
55 595 1
55 601 1
56 310 1
56 715 1
57 706 1
57 889 1
58 252 1
59 422 1
59 733 1
60 284 1
60 720 1
61 71 1
61 393 2
61 852 1
62 364 1
62 490 1
62 501 1
62 524 2
62 672 1
63 411 1
63 481 2
64 299 13
64 863 10
65 134 1
65 254 1
65 617 1
65 865 1
66 320 2
66 517 26
67 363 1
67 846 1
68 310 1
69 355 1
69 453 1
69 679 1
70 341 7
70 637 12
72 263 8
72 632 4
72 842 15
73 789 1
73 865 1
74 571 28
74 622 52
75 142 1
75 254 1
76 207 1
76 303 1
77 440 1
77 597 1
77 621 1
78 647 1
78 819 3
79 322 1
79 561 1
79 848 1
80 104 1
80 106 1
81 219 1
81 240 1
81 389 1
82 95 1
82 114 1
83 698 1
83 867 1
84 305 65
84 382 74
84 700 129
85 221 1
85 224 1
86 583 7
86 786 2
87 261 1
88 404 1
88 828 1
89 583 14
90 516 1
90 645 1
91 596 1
91 810 1
92 774 1
92 798 1
93 363 1
93 536 3
93 885 1
94 689 1
94 823 1
95 371 1
95 395 1
95 712 1
96 318 1
96 677 1
96 766 1
97 103 1
97 276 1
98 105 1
98 338 1
98 800 1
99 433 1
100 109 1
100 800 1
101 330 1
101 562 1
102 136 1
102 237 1
102 512 1
103 129 1
103 276 1
103 416 1
103 645 1
104 106 1
105 800 1
106 152 1
106 674 1
107 465 1
107 868 1
108 420 1
108 853 2
109 800 1
110 493 1
110 636 1
111 117 1
111 182 1
112 859 1
112 890 1
113 314 1
113 609 1
113 702 3
113 834 9
114 258 1
114 371 1
115 852 1
115 884 6
116 279 1
116 432 2
116 599 1
117 367 1
117 694 1
118 184 1
118 524 1
118 878 1
119 291 1
119 799 1
120 710 1
120 805 1
121 124 1
121 292 1
121 306 1
122 316 11
122 708 45
123 427 1
123 709 1
124 248 1
125 693 1
125 754 1
126 651 1
126 703 1
127 155 1
127 333 1
127 826 1
128 297 19
128 580 10
129 659 1
130 420 1
130 634 1
131 222 1
131 545 1
131 661 1
132 260 1
132 606 1
133 653 1
133 747 1
134 153 1
135 386 1
135 570 1
136 139 1
137 634 1
137 697 1
138 274 1
138 653 1
139 387 1
139 810 1
140 288 1
140 300 1
141 227 1
141 650 1
141 879 1
142 153 1
142 596 1
142 810 1
143 330 1
143 562 1
144 547 1
144 625 1
145 170 1
145 195 1
146 411 1
146 481 1
147 297 16
147 847 1
148 191 1
148 398 1
148 864 1
149 542 1
149 584 1
150 289 1
150 294 1
151 655 1
152 294 1
152 537 1
152 610 1
152 718 1
152 722 1
153 387 1
154 383 1
154 415 1
154 628 1
154 668 1
155 296 1
155 633 1
156 397 1
156 508 1
156 535 1
156 720 1
157 540 1
157 560 1
157 711 1
157 832 1
158 241 1
158 436 1
158 759 1
158 869 1
159 361 2
159 421 1
159 757 1
160 486 53
160 567 106
161 343 1
161 753 1
162 342 1
162 466 1
163 289 1
163 888 1
164 317 1
164 610 1
164 667 1
165 390 15
165 569 3
166 294 1
166 298 1
166 707 1
167 370 15
167 533 5
167 590 5
168 220 1
168 375 1
168 832 1
169 437 1
169 863 4
170 195 1
170 364 1
170 524 1
170 695 1
171 494 1
171 772 1
171 830 1
172 270 1
172 566 1
172 628 1
173 279 1
173 379 1
173 472 1
174 267 1
174 685 1
175 245 1
175 334 1
175 480 2
175 618 1
175 750 1
175 761 1
176 685 1
177 762 4
178 603 1
179 370 31
179 409 33
180 286 1
180 333 1
180 661 1
181 571 134
181 657 80
182 440 1
183 198 1
183 583 2
183 663 2
184 870 1
184 878 1
185 396 1
185 399 1
185 646 1
186 295 1
186 688 1
187 199 1
187 450 1
187 895 1
188 300 1
188 360 1
189 324 1
189 848 1
190 492 1
191 438 1
191 445 1
191 850 1
191 858 1
192 499 1
192 660 1
192 795 1
193 449 1
193 453 1
193 511 3
194 467 1
194 721 1
196 434 1
196 716 1
197 326 20
197 573 20
197 817 6
197 891 40
198 745 1
199 262 1
199 695 1
200 591 1
200 727 1
200 769 1
201 606 1
201 640 1
202 522 1
202 824 1
203 216 1
203 544 1
203 839 1
204 689 1
204 709 1
204 798 1
205 401 165
206 223 1
206 560 1
207 636 1
207 726 1
208 295 1
208 296 1
208 688 1
208 755 1
208 826 1
208 876 1
209 392 1
209 601 1
210 266 1
210 319 1
210 343 1
210 676 1
210 753 1
211 232 2
211 553 1
211 594 1
212 247 1
212 568 1
213 467 1
213 672 1
213 881 1
214 371 1
215 786 1
215 804 1
216 452 1
216 544 1
216 889 1
217 369 1
217 636 1
218 260 1
218 408 1
218 606 1
219 733 1
220 399 1
220 640 1
220 646 1
220 816 1
221 234 1
221 613 3
222 293 1
222 545 1
223 560 1
223 659 1
224 232 5
225 581 1
226 675 1
227 879 1
228 564 1
228 655 1
229 542 1
229 584 1
230 309 1
230 329 1
230 457 1
231 319 1
231 572 1
232 409 20
232 553 5
233 709 1
234 268 1
234 613 1
234 670 1
235 396 1
235 738 1
235 801 1
236 347 1
236 438 1
237 395 1
237 506 1
237 512 1
238 445 1
238 766 1
238 817 1
239 449 1
239 525 8
240 636 1
240 726 1
241 436 1
241 630 1
241 767 1
242 614 29
243 570 1
243 589 1
244 468 1
244 836 1
245 618 1
246 487 1
246 804 1
246 879 1
247 568 1
249 652 2
249 854 6
250 272 34
250 692 5
250 834 99
251 491 1
251 748 1
252 586 1
252 861 3
253 336 1
253 631 1
253 841 1
255 743 1
255 821 1
255 866 1
256 408 1
256 652 1
256 770 1
257 459 1
257 668 1
257 674 1
259 632 14
259 792 50
260 578 1
260 756 1
261 743 6
261 857 39
263 842 20
264 376 1
264 728 1
264 851 1
265 292 1
265 424 1
265 806 1
266 676 1
266 721 1
267 469 1
267 666 1
268 613 2
268 670 1
269 400 1
269 722 1
270 275 1
270 656 1
270 758 1
271 746 1
271 820 1
272 692 1
273 467 1
273 881 1
274 278 1
274 653 1
274 747 1
275 431 1
275 630 1
277 520 1
277 557 1
278 473 1
278 735 1
278 775 1
279 283 1
280 321 1
280 749 1
281 360 1
281 521 1
281 562 1
282 294 1
282 718 1
284 308 1
285 484 4
285 588 1
286 522 1
286 734 1
287 803 1
287 865 1
288 300 1
289 888 1
290 399 1
290 828 1
292 306 1
292 763 1
293 545 1
293 572 1
293 883 1
294 707 1
295 688 1
296 497 1
296 633 1
296 649 1
297 777 25
297 842 39
297 847 2
298 425 1
299 863 10
300 521 1
301 423 1
301 475 1
302 419 1
302 561 1
303 675 1
304 378 1
304 892 1
305 346 16
305 485 3
305 787 4
307 478 2
307 651 2
307 703 2
308 531 8
308 705 2
308 860 6
309 329 1
309 532 1
310 803 1
310 808 1
311 405 4
311 714 3
311 822 2
312 556 2
312 811 2
313 315 10
313 484 36
313 531 14
313 857 48
314 887 1
315 775 2
316 515 1
316 815 6
317 781 1
318 438 1
318 858 1
320 592 1
321 364 1
321 695 1
321 795 1
322 418 1
322 848 1
323 855 132
324 419 1
324 538 1
324 719 1
325 509 1
325 574 1
325 647 1
326 822 6
327 443 1
327 489 1
328 528 1
328 744 1
329 542 1
329 836 1
330 520 1
330 764 1
331 555 1
331 770 1
332 495 1
332 706 1
332 783 1
332 889 1
334 618 1
335 379 1
335 616 1
336 474 1
336 631 1
336 864 1
337 681 1
337 738 1
337 797 1
338 351 1
339 730 1
339 732 1
339 774 1
340 693 1
340 856 1
341 637 8
342 466 1
343 753 1
344 564 1
344 699 1
344 755 1
345 487 1
345 673 1
345 843 1
346 787 2
347 679 1
347 736 1
348 550 1
348 853 5
349 550 1
349 623 5
350 392 1
350 406 1
350 485 1
351 800 1
351 823 1
352 605 1
352 800 1
353 585 5
353 773 1
354 643 1
354 820 1
354 894 1
355 445 1
356 543 1
356 757 1
357 493 1
357 600 1
358 552 1
358 690 1
358 874 1
359 573 3
359 891 6
360 403 1
360 521 1
361 421 2
362 426 1
362 692 1
362 765 1
363 536 1
363 695 1
364 501 1
364 782 1
364 788 1
364 833 1
365 656 1
365 758 1
366 418 2
366 577 2
366 861 5
366 862 32
367 694 1
367 725 1
367 774 1
368 662 1
368 669 1
370 543 4
372 373 1
372 447 1
372 717 1
373 428 1
374 380 2
374 413 8
375 832 1
375 880 1
376 728 1
376 851 2
377 541 1
377 666 1
378 582 1
378 882 1
379 428 1
379 472 1
379 671 1
380 481 1
381 451 2
381 463 210
381 806 1
382 384 43
383 656 1
384 446 23
384 837 150
385 732 1
385 774 1
386 768 1
387 502 1
387 527 1
388 547 7
388 625 6
389 452 1
390 435 67
390 796 57
391 462 1
391 669 1
392 745 1
393 554 2
394 579 1
394 813 1
394 846 1
395 506 1
395 701 1
396 529 1
398 677 1
399 646 1
399 828 1
400 722 1
401 724 66
401 792 41
402 440 1
402 603 1
402 621 1
403 582 1
403 892 1
404 416 1
404 615 1
404 691 1
404 880 1
405 714 12
405 891 21
407 710 1
407 805 2
408 770 1
409 463 258
410 675 1
411 481 1
412 654 1
412 738 1
413 461 8
413 517 91
413 574 4
414 513 1
414 793 1
415 658 1
416 615 1
417 537 1
417 642 1
417 664 1
417 781 1
420 634 1
420 818 1
421 757 1
422 677 1
422 839 1
423 599 1
423 773 1
424 763 1
425 631 1
425 722 1
425 864 1
426 651 1
427 503 1
427 804 1
428 472 1
428 789 1
429 442 1
429 641 1
430 556 1
430 773 1
430 811 1
431 491 1
432 838 4
434 701 1
434 716 1
434 747 1
434 844 1
435 569 13
435 620 12
436 869 1
437 607 1
437 863 2
439 454 1
439 892 1
440 725 1
441 877 27
442 576 1
442 704 1
442 771 1
443 489 1
444 617 1
444 803 1
444 865 1
445 677 1
447 470 1
447 717 1
448 480 3
448 752 1
448 840 1
449 477 1
449 511 6
450 895 1
451 539 1
451 806 1
452 495 1
453 679 1
454 690 1
454 762 1
455 607 2
455 807 4
455 829 2
456 639 4
456 838 32
457 584 1
458 491 1
458 589 1
459 589 1
460 597 1
460 621 1
460 820 1
460 894 1
461 574 2
462 669 1
463 539 105
463 635 52
464 549 1
464 727 1
464 778 1
465 518 1
465 710 1
467 645 1
467 791 1
467 881 1
468 479 1
468 836 1
469 666 1
470 717 1
470 856 1
471 682 1
471 760 1
473 588 1
473 735 1
473 775 1
474 683 1
475 683 1
476 758 1
476 760 1
477 511 8
478 703 1
478 772 1
478 830 1
479 666 1
479 849 1
480 482 197
480 750 20
480 840 9
482 862 302
483 711 1
483 845 1
483 872 1
487 843 1
488 507 1
488 573 3
488 839 1
489 711 1
490 629 1
491 748 1
494 521 1
495 536 1
496 650 1
496 687 1
496 790 1
496 879 1
497 649 1
497 725 1
498 597 1
499 660 1
500 629 1
500 665 1
500 782 1
501 795 1
502 527 1
503 709 1
504 526 1
504 754 1
505 645 1
505 654 1
505 791 1
506 638 1
506 701 1
507 733 1
508 720 1
509 574 1
510 593 1
510 668 1
510 674 1
510 859 1
511 525 57
512 638 1
513 523 1
513 682 1
514 535 1
514 588 1
515 548 1
515 862 3
516 645 1
518 710 1
518 720 1
518 860 1
519 678 1
520 764 1
522 734 1
522 824 1
523 656 1
525 585 57
526 717 1
526 754 1
526 856 1
528 676 1
529 541 1
529 654 1
530 688 1
530 826 1
532 536 2
532 783 1
533 764 2
534 644 2
534 884 2
536 783 3
537 718 1
537 888 1
538 575 1
538 713 1
538 882 1
539 635 2
540 560 1
541 791 1
542 584 1
543 757 1
544 818 1
545 883 1
546 638 1
546 716 1
547 569 3
547 625 3
548 723 1
548 862 9
550 623 5
551 789 1
551 808 2
551 814 1
552 827 1
552 874 1
555 739 1
556 811 1
557 590 1
558 563 27
558 583 18
558 663 17
558 729 20
559 749 1
559 780 1
559 833 1
561 848 1
564 794 1
565 829 1
565 863 4
566 628 1
566 656 1
568 712 1
569 620 3
570 664 1
570 748 1
573 817 2
575 719 1
576 641 1
576 719 1
576 892 1
577 596 1
577 861 1
578 602 1
579 813 1
579 846 1
580 777 14
582 882 1
582 892 1
583 673 2
583 786 4
585 698 7
586 720 1
587 708 87
587 815 17
588 735 1
592 608 2
592 807 1
593 825 1
594 763 1
595 601 1
596 810 1
598 723 1
598 809 1
599 841 1
600 893 1
600 895 1
602 886 1
603 621 1
604 831 1
604 867 1
605 800 1
605 823 1
607 807 2
608 807 7
609 802 1
610 667 1
611 686 2
611 877 9
612 741 1
612 785 1
612 873 1
615 737 1
615 880 1
616 648 1
617 865 1
619 662 1
619 686 1
619 855 2
622 854 30
623 624 72
626 729 18
627 762 2
627 874 1
630 767 1
631 812 1
631 864 1
637 777 14
639 692 1
640 816 1
642 778 1
643 740 4
643 742 1
644 740 18
644 884 10
645 791 1
647 819 2
648 718 1
648 888 1
649 725 1
650 879 1
651 703 1
652 770 1
653 785 1
657 784 7
657 854 10
658 825 1
658 893 1
659 799 1
661 826 1
662 669 1
665 793 1
665 875 1
666 849 1
671 789 1
673 786 1
674 890 1
676 721 1
680 684 1
680 794 1
681 801 1
682 760 1
683 867 1
684 755 1
684 794 1
686 742 1
686 855 4
687 790 1
689 823 1
691 737 1
696 799 1
697 739 1
698 736 1
699 755 1
701 844 1
702 834 23
704 835 1
705 860 3
710 779 1
710 805 1
711 845 1
711 872 1
713 882 1
715 765 1
715 802 1
716 747 1
717 856 1
718 888 1
719 771 1
721 744 1
723 809 1
723 835 1
727 769 1
728 851 1
730 774 1
731 775 1
736 867 1
738 801 1
738 886 1
739 770 1
739 797 1
741 821 1
743 821 1
743 866 2
746 843 1
749 833 1
751 758 1
751 759 1
752 840 1
755 876 1
756 886 1
765 802 1
771 868 1
776 792 33
779 860 2
780 833 1
782 788 1
784 837 63
785 873 1
793 875 1
796 871 30
801 849 1
802 808 2
802 887 1
807 829 2
808 814 3
809 835 1
812 864 1
812 888 1
820 894 1
825 893 1
826 876 1
827 874 1
831 867 1
832 880 1
845 872 1
850 858 1
855 877 24
870 878 1



956 0 116 marquion
172 0 33 estree-wamin
450 0 78 campagne-les-guines
385 0 66 boiry-sainte-rictrude
374 0 115 lieres
242 0 29 lacres
4345 0 383 vimy
232 0 66 eterpigny-62
2272 0 2443 hesdin
121 0 16 royon
326 0 36 hendecourt-les-cagnicourt
65 0 20 denier
300 0 40 berlencourt-le-cauroy
489 0 98 fresnes-les-montauban
316 0 44 contes-62
72 0 18 marant
495 0 49 moringhem
276 0 30 wail
200 0 46 ablainzevelle
1069 0 75 vaulx-vraucourt
251 0 50 favreuil
173 0 27 noeux-les-auxi
359 0 49 souastre
531 0 65 epinoy
219 0 172 oblinghem
1177 0 109 duisans
287 0 76 rocquigny-62
2523 0 373 souchez
114 0 34 gommecourt-62
19 0 8 guinecourt
123 0 39 velu
789 0 100 anvin
788 0 41 wierre-effroy
203 0 40 roussent
2372 0 154 gonnehem
245 0 39 bouvelinghem
793 0 59 buire-le-sec
519 0 115 nielles-les-ardres
5174 0 384 marquise
119 0 25 famechon-62
710 0 82 carency
1979 0 95 attaques
1950 0 148 beaurainville
257 0 42 haucourt-62
376 0 40 beaumerie-saint-martin
210 0 61 saint-martin-sur-cojeul
274 0 27 aix-en-issart
314 0 57 douchy-les-ayette
7129 0 650 divion
261 0 39 hamelincourt
308 0 46 croix-en-ternois
1688 0 189 helfaut
200 0 33 airon-saint-vaast
613 0 82 bienvillers-au-bois
651 0 160 willerval
684 0 47 acquin-westbecourt
168 0 48 marquay-62
218 0 56 wierre-au-bois
272 0 64 sains-les-pernes
267 0 37 widehem
1449 0 115 neuville-saint-vaast
648 0 27 bonnieres-62
3120 0 219 saint-venant
4467 0 875 auchy-les-mines
313 0 36 ledinghem
1628 0 437 essars
176 0 45 herlin-le-sec
217 0 77 affringues
417 0 134 lespesses
4090 0 421 sailly-sur-la-lys
1218 0 135 thelus
3109 0 1546 pont-a-vendin
522 0 43 wismes
6715 0 2085 grenay-62
276 0 45 becourt
211 0 75 bergueneuse
652 0 101 vis-en-artois
1697 0 277 labeuvriere
529 0 52 lottinghen
187 0 51 canlers
87 0 37 conteville-en-ternois
137 0 33 saint-denoeux
577 0 105 witternesse
11956 0 1587 mericourt-62
1126 0 194 balinghem
2221 0 854 corbehem
197 0 39 airon-notre-dame
240 0 31 lattre-saint-quentin
4446 0 236 vitry-en-artois
239 0 36 sombrin
485 0 37 parenty
625 0 69 queant
883 0 149 gauchin-verloingt
637 0 55 graincourt-les-havrincourt
297 0 37 sempy
241 0 61 nedonchel
100 0 47 couturelle
170 0 53 neuville-bourjonval
702 0 87 bouquehault
127 0 39 bus
571 0 145 zouafques
192 0 33 bernieulles
719 0 56 saulty
56 0 25 tramecourt
279 0 43 ruyaulcourt
307 0 36 azincourt
338 0 57 questrecques
446 0 88 beugin
61 0 16 lechelle-62
132 0 48 fleury-62
283 0 59 riencourt-les-cagnicourt
121 0 28 maisoncelle
1291 0 225 hallines
216 0 21 marenla
2697 0 525 anzin-saint-aubin
2004 0 159 ecques
247 0 38 bullecourt
240 0 49 bouret-sur-canche
240 0 41 pommier
1887 0 255 hesdin-l-abbe
329 0 41 leubringhen
5070 0 360 saint-etienne-au-mont
425 0 45 cagnicourt
413 0 59 leulinghen-bernes
223 0 24 ergny
1149 0 110 serques
110 0 27 biefvillers-les-bapaume
3758 0 809 meurchin
159 0 29 herliere
321 0 109 bajus
339 0 46 achiet-le-petit
552 0 113 acq
489 0 38 boisjean
615 0 46 campagne-les-boulonnais
748 0 111 aubin-saint-vaast
236 0 47 enquin-sur-baillons
244 0 48 frevillers
315 0 58 campigneulles-les-grandes
562 0 35 preures
243 0 51 rebergues
702 0 127 rumaucourt
520 0 70 zoteux
957 0 161 nordausques
973 0 549 cambrin
96 0 13 sibiville
1609 0 146 calonne-sur-la-lys
3088 0 537 hulluch
533 0 36 febvin-palfart
238 0 27 houvin-houvigneul
187 0 41 matringhem
286 0 50 fremicourt
2586 0 136 fruges
728 0 32 bourthes
373 0 37 vieil-hesdin
126 0 41 behagnies
299 0 30 cormont
965 0 193 beaumetz-les-loges
307 0 34 douriez
1125 0 105 saint-omer-capelle
9877 0 1789 oignies
181 0 28 gaudiempre
228 0 21 verchin
188 0 31 reclinghem
44 0 20 avondance
2028 0 572 verquigneul
115 0 23 hezecques
4892 0 338 audruicq
366 0 67 warlus-62
1758 0 423 cuinchy
402 0 60 nuncq-hautecote
231 0 73 boisdinghem
410 0 110 sainte-austreberthe-62
491 0 107 herbelles
172 0 30 gouy-en-ternois
328 0 82 maninghen-henne
66 0 27 sars-le-bois
2748 0 327 rinxent
204 0 38 heninel
9589 0 303 marck
1068 0 210 achiet-le-grand
31873 0 2484 lievin
280 0 44 fontaine-les-croisilles
740 0 82 quiery-la-motte
271 0 32 rebreuviette
538 0 85 hermaville
197 0 33 martinpuich
139 0 51 beauvois
266 0 41 clerques
323 0 50 selles-62
237 0 38 adinfer
622 0 77 ligny-les-aire
223 0 47 ponchel
486 0 184 ecquedecques
318 0 36 amplier
54 0 22 sericourt
695 0 103 attin
11031 0 1838 auchel
929 0 93 izel-les-equerchin
106 0 21 hericourt-62
179 0 21 hesmond
1005 0 63 mont-saint-eloi
289 0 82 boiry-saint-martin
582 0 49 bours-62
605 0 54 inchy-en-artois
26278 0 1268 henin-beaumont
273 0 69 bailleulval
566 0 69 heuchin
577 0 56 ligny-thilloy
566 0 62 gavrelle
810 0 74 pas-en-artois
668 0 90 saint-tricat
58 0 14 quilen
179 0 35 souich
286 0 56 marles-sur-canche
239 0 117 bellonne
460 0 113 thieuloye
219 0 45 wavrans-sur-ternoise
646 0 115 camblain-l-abbe
245 0 31 hestrus
675 0 92 agnez-les-duisans
1296 0 178 bremes
660 0 56 puisieux-62
257 0 47 bailleulmont
1515 0 211 andres
180 0 42 galametz
158 0 25 tilly-capelle
439 0 79 saudemont
78 0 17 bancourt
173 0 45 buneville
255 0 49 maisnil-62
103 0 17 couin
5644 0 213 guînes
338 0 53 sains-les-marquion
298 0 100 autingues
476 0 57 berles-monchel
457 0 94 rely
511 0 32 beussent
942 0 242 ferfay
1402 0 256 guarbecque
257 0 37 eps
638 0 47 gouy-saint-andre
6225 0 517 hersin-coupigny
251 0 41 wambercourt
265 0 38 bailleul-aux-cornailles
118 0 48 pittefaux
336 0 63 dury-62
147 0 37 maninghem
423 0 32 bazinghen
2470 0 272 bouvigny-boyeffles
14506 0 884 saint-omer-62
456 0 73 bouin-plumoison
3633 0 216 samer
456 0 51 enguinegatte
252 0 125 senlecques
432 0 48 waben
322 0 96 gouy-servins
1698 0 176 auchy-les-hesdin
218 0 55 lespinoy
12373 0 1149 harnes
392 0 109 frevin-capelle
4057 0 387 rang-du-fliers
248 0 78 siracourt
4267 0 985 annay-62
540 0 254 drouvin-le-marais
1056 0 82 wissant
636 0 125 mondicourt
168 0 24 maizieres-62
930 0 72 louches
87 0 15 fontaine-les-boulans
463 0 83 capelle-les-hesdin
3907 0 420 biache-saint-vaast
3729 0 754 saint-martin-au-laert
99 0 21 beaudricourt
584 0 94 campigneulles-les-petites
165 0 45 guigny
106 0 26 coullemont
679 0 59 muncq-nieurlet
645 0 94 sorrus
356 0 111 inghem
142 0 52 aubrometz
683 0 64 bonningues-les-ardres
74 0 36 mencas
990 0 138 pihem
264 0 32 lefaux
503 0 72 tubersent
443 0 55 courcelles-le-comte
666 0 64 coulomby
160 0 29 haut-loquin
164 0 35 vincly
189 0 71 gouves
189 0 59 hannescamps
415 0 55 audembert
534 0 48 hebuterne
178 0 36 senlis-62
162 0 31 sars
338 0 45 mory
8255 0 1392 wingles
224 0 50 beaumetz-les-aire
4482 0 803 haisnes
273 0 81 journy
2022 0 212 mametz-62
449 0 75 escoeuilles
53 0 12 equirre
274 0 44 sanghen
8778 0 1367 rouvroy-62
726 0 110 saint-inglevert
3225 0 126 eperlecques
2780 0 172 camiers
122 0 40 foufflin-ricametz
331 0 99 bayenghem-les-seninghem
1225 0 569 lozinghem
2312 0 434 racquinghem
5167 0 392 cucq
242 0 64 wisques
3089 0 143 merlimont
3581 0 1053 saint-leonard-62
109 0 17 planques
163 0 33 nedon
163 0 37 henu
2317 0 243 locon
527 0 25 fillievres
468 0 75 saint-martin-choquel
41611 0 3577 arras
377 0 61 brunembert
1234 0 613 fouquereuil
2983 0 539 burbure
512 0 57 berles-au-bois
121 0 96 thievres-62
134 0 53 ternas
565 0 104 recques-sur-hem
835 0 105 fresnicourt-le-dolmen
308 0 39 brias
155 0 42 gomiecourt
232 0 93 wacquinghen
1136 0 77 delettes
1078 0 97 enquin-les-mines
206 0 54 mingoval
194 0 41 trescault
584 0 58 beaumetz-les-cambrai
257 0 36 rumilly-62
2651 0 206 fleurbaix
149 0 21 crepy-62
153 0 29 warlincourt-les-pas
223 0 45 beaulencourt
709 0 210 tortequesne
2983 0 877 drocourt-62
1436 0 251 norrent-fontes
1095 0 102 rebreuve-ranchicourt
1532 0 308 ruitz
825 0 131 arleux-en-gohelle
642 0 59 metz-en-couture
936 0 123 bertincourt
874 0 222 wittes
1119 0 129 fampoux
621 0 176 ames
967 0 60 guemps
145 0 44 humeroeuille
719 0 150 caffiers
1690 0 168 camblain-chatelain
484 0 52 audrehem
2214 0 123 saint-folquin
1775 0 316 tatinghem
311 0 38 ramecourt-62
605 0 65 boubers-sur-canche
154 0 33 cheriennes
5179 0 549 desvres
501 0 59 ecoust-saint-mein
493 0 72 henin-sur-cojeul
266 0 43 pierremont
5427 0 160 oye-plage
787 0 73 brimeux
303 0 45 saint-martin-d-hardinghem
591 0 49 merck-saint-lievin
2217 0 266 hinges
441 0 78 berneville
3318 0 896 verquin
127 0 51 villers-sir-simon
109 0 56 hocquinghen
672 0 109 clety
1394 0 122 mont-bernanchon
4673 0 327 sangatte
9956 0 2606 sallaumines
308 0 31 saint-georges-62
6896 0 1853 noyelles-sous-lens
177 0 26 morchies
887 0 112 maresquel-ecquemicourt
519 0 68 hucqueliers
4445 0 427 vermelles
117 0 35 huclier
12206 0 1380 noeux-les-mines
225 0 66 boisleux-saint-marc
363 0 74 oppy
2057 0 345 givenchy-en-gohelle
220 0 32 hautecloque
356 0 25 alette
695 0 81 izel-les-hameau
251 0 31 hubersent
399 0 36 fiefs
438 0 86 montenescourt
197 0 51 predefin
10047 0 2870 montigny-en-gohelle
361 0 79 guemappe
1562 0 85 licques
317 0 78 hauteville-62
5744 0 1262 marles-les-mines
253 0 84 fresnoy-en-gohelle
2575 0 158 condette
324 0 69 cambligneul
5686 0 620 coulogne
197 0 30 erin
523 0 129 saint-floris
236 0 82 tilloy-les-hermaville
5683 0 931 annezin
251 0 20 quoeux-haut-maînil
74 0 30 fresnoy
368 0 48 bavincourt
489 0 23 crequy
711 0 134 menneville-62
501 0 73 surques
827 0 124 comte
1359 0 64 vieille-eglise
303 0 51 sachin
446 0 92 rebecques
154 0 17 tardinghen
346 0 40 laires
1107 0 151 tilques
255 0 57 villers-les-cagnicourt
546 0 114 avroult
202 0 217 wast
661 0 233 quiestede
150 0 49 brevillers-62
1311 0 226 heuringhem
543 0 124 rodelinghem
663 0 75 neuville-sous-montreuil
8817 0 523 beuvry
304 0 57 saulchoy-62
919 0 236 givenchy-les-la-bassee
464 0 108 auchy-au-bois
347 0 53 hermelinghen
290 0 46 cherisy-62
5569 0 496 dainville
339 0 34 alincthun
504 0 45 monchy-au-bois
875 0 68 nielles-les-blequin
502 0 73 amettes
5299 0 1492 loison-sous-lens
978 0 137 fauquembergues
710 0 124 audresselles
1001 0 312 ham-en-artois
165 0 35 linzeux
697 0 66 peuplingues
576 0 62 valhuon
571 0 142 bourecq
1122 0 136 hardinghen
2418 0 139 richebourg-62
9991 0 445 arques-62
83 0 36 neuville-au-cornet
937 0 75 huby-saint-leu
251 0 34 wamin
709 0 107 pelves
2371 0 653 vendin-les-bethune
275 0 64 boyelles
73636 0 2198 calais
243 0 20 embry
568 0 90 carly
131 0 38 ambricourt
350 0 47 sus-saint-leger
268 0 32 averdoingt
226 0 48 ambrines
747 0 32 thiembronne
124 0 11 gennes-ivergny
777 0 84 dohem
493 0 164 beutin
943 0 177 estree-blanche
854 0 158 blessy
179 0 21 labroye
1261 0 132 busnes
922 0 204 bayenghem-les-eperlecques
875 0 81 tincques
7442 0 965 wimereux
1282 0 121 robecq
43070 0 5115 boulogne-sur-mer
298 0 64 blairville
11279 0 870 etaples
608 0 200 acheville
8580 0 1300 libercourt
448 0 87 etaing
1629 0 355 pernes
384 0 51 ransart
219 0 37 fortel-en-artois
1208 0 217 marconnelle
119 0 53 hendecourt-les-ransart
155 0 28 bermicourt
278 0 140 quercamps
295 0 47 troisvaux
1267 0 111 oisy-le-verger
393 0 55 ervillers
284 0 79 remy-62
84 0 17 vaulx-62
47 0 14 boffles
389 0 40 beauvoir-wavans
183 0 25 clenleu
245 0 35 buissy
36 0 12 avesnes
2089 0 222 avesnes-le-comte
376 0 39 montcavrel
262 0 82 marest
777 0 39 frencq
810 0 312 hesdigneul-les-bethune
773 0 66 blangy-sur-ternoise
10055 0 373 lillers
165 0 43 inxent
122 0 30 fontaine-l-etalon
83 0 33 maresville
376 0 64 echinghen
249 0 61 warluzel
25655 0 2711 bethune
381 0 54 verlincthun
151 0 51 lignereuil
787 0 165 polincove
865 0 82 alquines
291 0 44 moyenneville-62
245 0 41 vacqueriette-erquieres
3784 0 248 frevent
9289 0 646 isbergues
324 0 19 herly-62
128 0 18 bimont
236 0 69 halloy-62
185 0 45 manin
133 0 43 avesnes-les-bapaume
4495 0 293 touquet-paris-plage
608 0 64 roellecourt
1632 0 123 nortkerque
790 0 133 roclincourt
250 0 22 longvilliers-62
5185 0 629 saint-pol-sur-ternoise
553 0 37 coupelle-vieille
129 0 36 longueville-62
2291 0 261 coquelles
139 0 41 basseux
138 0 54 givenchy-le-noble
53 0 15 monts-en-ternois
1107 0 82 offekerque
774 0 64 dieval
1490 0 71 bucquoy
176 0 71 madelaine-sous-montreuil
2366 0 592 annequin
1347 0 50 baincthun
256 0 26 lebiez
1494 0 268 maisnil-les-ruitz
915 0 144 elnes
483 0 52 pihen-les-guînes
1431 0 111 hames-boucres
1791 0 181 ablain-saint-nazaire
341 0 56 gauchin-legal
1139 0 242 campagne-les-wardrecques
1577 0 113 ruminghem
6122 0 1101 courcelles-les-lens
96 0 20 blangerval-blangermont
96 0 35 monchiet
600 0 43 quesques
1413 0 77 tournehem-sur-la-hem
7139 0 1147 leforest
36 0 10 riencourt-les-bapaume
1601 0 234 lorgies
1116 0 266 marconne
17152 0 815 carvin
123 0 21 saint-michel-sous-bois
2306 0 493 labourse
485 0 40 cavron-saint-martin
6778 0 533 loos-en-gohelle
284 0 30 sailly-au-bois
2973 0 949 cauchy-a-la-tour
1095 0 452 fouquieres-les-bethune
221 0 25 bournonville
767 0 77 colembert
479 0 46 courset
194 0 65 capelle-fermont
108 0 47 framecourt
4387 0 592 billy-berclau
177 0 17 willeman
380 0 88 herbinghen
4902 0 453 brebieres
136 0 34 moncheaux-les-frevent
9861 0 295 aire-sur-la-lys
326 0 28 tingry
9569 0 2485 portel
673 0 92 brexent-enocq
192 0 282 loge
1520 0 82 sainte-marie-kerque
242 0 26 loison-sur-crequoise
766 0 224 vieille-chapelle
162 0 26 eclimeux
237 0 95 nielles-les-calais
538 0 154 farbus
506 0 36 doudeauville-62
457 0 74 boiry-notre-dame
473 0 60 pernes-les-boulogne
290 0 41 clarques
210 0 30 humieres
1257 0 134 bailleul-sir-berthoult
236 0 72 agnieres
658 0 73 wancourt
40 0 34 rombly
1178 0 90 hermies
533 0 102 villers-au-bois
1306 0 170 festubert
4241 0 200 lestrem
1571 0 167 esquerdes
215 0 47 coupelle-neuve
1958 0 323 agny
154 0 22 tigny-noyelle
4223 0 312 ardres
7551 0 1221 barlin
344 0 34 gouy-en-artois
580 0 41 coyecques
435 0 50 blequin
265 0 101 offrethun
495 0 70 neuville-vitasse
2128 0 353 sailly-labourse
624 0 67 monchy-le-preux
12337 0 1610 bully-les-mines
4919 0 1102 haillicourt
23408 0 1431 bruay-la-buissiere
2243 0 886 noyelles-les-vermelles
5619 0 536 dourges
1851 0 206 ferques
299 0 139 grigny-62
270 0 32 villers-l-hopital
253 0 16 mouriez
328 0 60 erny-saint-julien
1809 0 712 estevelles
178 0 53 sapignies
625 0 63 magnicourt-en-comte
1135 0 143 frethun
291 0 46 monchy-cayeux
4838 0 266 laventie
267 0 55 recques-sur-course
626 0 34 clairmarais
334 0 150 etrun
268 0 35 boursin
159 0 30 torcy-62
1015 0 233 athies-62
4843 0 1518 saint-nicolas
397 0 37 grand-rullecourt
677 0 96 habarcq
1044 0 472 gosnay
658 0 43 audincthun
406 0 54 saint-leger-62
566 0 204 palluel
1004 0 186 moulle
1050 0 165 servins
992 0 69 wailly-beaucamp
253 0 47 noyelle-vion
138 0 34 beugnatre
361 0 45 quesnoy-en-artois
3999 0 829 angres
67 0 36 incourt
208 0 94 cauchie
145 0 59 willencourt
370 0 79 bihucourt
615 0 106 mercatel
4544 0 994 evin-malmaison
541 0 31 fressin
214 0 18 buire-au-bois
429 0 46 penin
167 0 42 ruisseauville
794 0 85 parcq
408 0 89 boiry-becquerelle
697 0 122 landrethun-les-ardres
337 0 64 remilly-wirquin
17 0 4 canteleux
810 0 192 noyelles-sous-bellonne
349 0 30 rollancourt
285 0 41 teneur
313 0 70 pommera
383 0 109 bailleul-les-pernes
276 0 82 liencourt
841 0 116 saint-hilaire-cottes
251 0 32 barastre
170 0 40 bethonsart
184 0 19 caumont-62
293 0 95 liettres
219 0 37 villers-au-flos
109 0 23 magnicourt-sur-canche
1394 0 181 tilloy-les-mofflaines
391 0 95 sauchy-cauchy
162 0 43 warlencourt-eaucourt
1213 0 98 bourlon
886 0 76 fiennes
227 0 36 barly-62
504 0 126 salperwick
176 0 36 aix-en-ergny
137 0 28 noreuil
315 0 41 croisette
144 0 26 saint-amand-62
207 0 49 hermin
1064 0 243 lambres
94 0 39 morval
17271 0 1324 avion
350 0 110 estreelles
3310 0 537 wizernes
983 0 150 houlle
339 0 63 bellebrune
1291 0 126 dannes
259 0 66 ostreville
146 0 51 lugy
14527 0 2048 outreau
482 0 60 baralle
692 0 208 hesdigneul-les-boulogne
1125 0 94 riviere-62
240 0 30 humbert
170 0 40 nabringhen
3288 0 381 lapugnoy
561 0 56 quelmes
2282 0 800 montreuil-62
575 0 36 renty
288 0 58 radinghem
306 0 55 henneveux
310 0 56 halinghen
394 0 32 orville-62
569 0 32 lisbourg
1506 0 231 capelle-les-boulogne
10602 0 1228 courrieres
1419 0 122 croisilles-62
139 0 25 boyaval
72 0 41 boubers-les-hesmond
708 0 157 houchin
5141 0 943 noyelles-godault
367 0 62 beugny
260 0 57 saint-aubin-62
252 0 53 lebucquiere
233 0 48 tangry
320 0 62 ayette
645 0 68 calotterie
444 0 85 mazinghem
140 0 25 fosseux
965 0 128 savy-berlette
325 0 58 caucourt
6059 0 616 saint-laurent-blangy
133 0 28 colline-beaumont
1040 0 190 feuchy
2269 0 205 verton
176 0 26 sarton
479 0 110 neuvireuil
490 0 100 hamblain-les-pres
782 0 85 ecuires
291 0 250 guisy
188 0 19 conchy-sur-canche
4231 0 190 wimille
219 0 37 raye-sur-authie
589 0 44 audinghen
42 0 15 grincourt-les-pas
203 0 29 wicquinghem
438 0 42 transloy
411 0 103 haute-avesnes
510 0 56 nouvelle-eglise
219 0 52 regnauville
250 0 21 tortefontaine
91 0 21 tollent
398 0 83 beuvrequen
2073 0 113 rety
233 0 39 hervelinghen
1713 0 104 zutkerque
838 0 115 zudausques
198 0 57 aumerval
110 0 27 saint-remy-au-bois
1765 0 112 campagne-les-hesdin
209 0 39 offin
370 0 95 estree-cauchy
775 0 66 cremarest
203 0 58 nort-leulinghem
1872 0 174 roquetoire
347 0 41 lagnicourt-marcel
1188 0 56 saint-josse
8163 0 3012 billy-montigny
4978 0 519 douvrin
145 0 20 rimboval
962 0 190 nesles
192 0 34 flers-62
175 0 26 sains-les-fressin
78 0 23 vacquerie-le-boucq
935 0 156 saint-michel-sur-ternoise
2887 0 2467 eleu-dit-leauwette
280 0 25 lepine
1224 0 223 gouy-sous-bellonne
818 0 206 bois-bernard
196 0 27 ligny-sur-canche
534 0 101 ouve-wirquin
457 0 50 sauchy-lestree
430 0 53 beaufort-blavincourt
6538 0 1579 fouquieres-les-lens
47 0 19 haravesnes
188 0 36 haplincourt
2898 0 107 auxi-le-chateau
7496 0 728 mazingarbe
119 0 37 villers-chatel
323 0 53 pronville
232 0 64 humbercamps
436 0 102 ytres
307 0 80 villers-brûlin
644 0 165 setques
667 0 44 seninghem
229 0 68 recourt
1168 0 167 isques
301 0 41 escalles
2645 0 195 couture-62
3763 0 380 lumbres
468 0 222 conteville-les-boulogne
357 0 27 bezinghem
1174 0 315 wardrecques
600 0 41 bomy
112 0 50 ecoivres
1328 0 115 wavrans-sur-l-aa
2904 0 762 equihen-plage
2506 0 212 maroeuil
858 0 184 floringhem
774 0 146 ourton
2996 0 376 chocques
460 0 190 plouvain
1045 0 62 conchil-le-temple
3066 0 392 allouagne
388 0 23 havrincourt
502 0 107 boisleux-au-mont
20 0 14 neulette
378 0 59 grevillers
634 0 74 bonningues-les-calais
184 0 91 noyellette
1345 0 723 neuve-chapelle
599 0 55 mentque-nortbecourt
213 0 58 linghem
530 0 104 simencourt
85 0 16 monchel-sur-canche
10925 0 1300 longuenesse
539 0 58 belle-et-houllefort
244 0 46 ligny-saint-flochel
35032 0 2994 lens
5184 0 542 blendecques
291 0 67 pressy
1912 0 350 ambleteuse
1072 0 128 therouanne
7664 0 718 vendin-le-vieil
718 0 96 sailly-en-ostrevent
303 0 67 estree
493 0 84 ficheux
109 0 36 herlincourt
340 0 80 benifontaine
391 0 67 vieil-moutier
291 0 36 chelers
216 0 72 westrehem
891 0 297 vaudricourt-62
418 0 139 ecurie
7633 0 1211 houdain
3843 0 368 aix-noulette
5083 0 848 beaurains
614 0 39 verchocq
15367 0 1032 berck
108 0 28 fontaine-les-hermans
117 0 36 blingel
3774 0 181 neufchatel-hardelot
1407 0 137 longfosse
11230 0 853 saint-martin-boulogne
3713 0 370 violaines
509 0 46 flechin
485 0 63 vaudringhem
1468 0 181 groffliers
456 0 165 quernes
741 0 59 wirwignes
389 0 32 maintenay
63 0 35 canettemont
6450 0 1129 sains-en-gohelle
1037 0 105 wailly
181 0 40 nempont-saint-firmin
1199 0 155 landrethun-le-nord
92 0 23 rougefay
4115 0 714 bapaume
7705 0 1297 achicourt
219 0 26 rebreuve-sur-canche
1753 0 184 ecourt-saint-quentin
699 0 68 wanquetin
263 0 35 ivergny
169 0 25 bainghen
471 0 50 foncquevillers
3411 0 775 sainte-catherine-62
499 0 50 hernicourt
1384 0 220 aubigny-en-artois
230 0 48 leulinghem
374 0 100 dennebroeucq
421 0 61 monchy-breton
114 0 15 bealencourt
5759 0 1249 calonne-ricouart
604 0 67 alembon
61 0 52 noyelles-les-humieres
1392 0 285 roeux
255 0 29 oeuf-en-ternois
