650
941



1 418 1
1 492 1
1 637 1
2 109 1
2 547 2
2 567 1
2 587 1
3 151 8
3 400 4
3 432 3
4 75 2
4 512 2
5 122 3
5 480 4
6 70 1
6 223 1
6 574 1
7 236 1
7 241 12
7 284 1
8 343 1
8 365 1
8 454 1
8 621 2
9 124 1
9 282 1
9 380 1
10 80 1
10 112 1
11 533 1
11 563 1
12 92 1
12 510 1
13 225 1
13 430 1
14 218 1
14 358 1
15 107 77
15 499 5
16 29 1
16 217 1
17 300 1
17 473 1
18 132 1
18 430 1
19 127 1
19 168 1
20 83 2
20 301 1
20 547 1
21 138 47
21 167 5
22 511 3
22 579 2
23 211 2
23 386 1
24 341 1
24 425 1
25 52 2
25 174 4
26 98 2
26 152 1
26 170 1
26 350 1
26 354 2
27 275 2
27 495 1
28 303 5
28 642 26
29 217 1
30 40 2441
30 327 5425
31 434 9
31 447 14
32 435 2
32 527 1
32 594 3
33 276 3
33 413 1
33 429 1
33 504 1
33 568 1
33 603 1
34 263 1
34 448 1
34 477 1
34 502 2
34 606 1
35 54 1
35 482 1
36 62 1
36 418 1
37 159 4
37 332 13
37 495 1
38 113 1
38 235 1
38 275 2
39 77 3
39 136 1
40 556 240
41 382 820
41 488 538
42 441 1
42 515 1
43 207 14
43 391 36
44 276 16
44 525 10
45 456 7
45 498 4
46 207 38
46 336 81
46 613 66
47 246 1
47 309 7
47 383 1
48 353 32
48 389 3
49 290 1
49 452 1
49 579 1
49 602 1
49 638 3
49 648 1
50 51 26
50 233 3
51 230 24
52 174 1
52 201 1
53 127 1
53 215 1
54 180 1
54 239 1
54 240 1
54 482 1
55 116 1
55 170 1
56 103 1
56 255 9
57 93 3096
57 179 3185
58 108 2
58 465 1
58 472 1
59 94 1
59 104 1
59 219 1
59 435 1
59 573 4
60 68 1
60 257 3
60 456 4
61 380 1
61 417 1
62 313 1
62 637 2
63 409 1
63 494 1
64 426 22
64 532 49
65 197 4
65 255 12
66 234 3
66 265 12
67 321 3
67 328 1
67 487 2
68 203 5
68 257 4
68 555 12
69 491 1
69 640 1
70 304 2
70 371 1
70 629 2
71 142 1
71 312 1
71 468 5
72 292 69
72 401 60
72 516 238
72 583 60
73 474 1
73 504 1
74 371 1
74 536 1
75 170 1
75 459 2
76 343 1
76 410 1
76 580 1
77 113 3
77 582 4
78 92 1
78 158 1
78 467 1
79 386 1
79 542 1
80 271 1
81 377 1
81 414 1
81 607 1
82 456 11
82 532 39
83 180 3
83 384 3
83 404 3
84 569 1
84 574 1
85 130 1
85 209 1
85 523 1
86 143 1
86 306 1
86 372 1
87 186 1
87 193 1
87 379 1
88 165 1
88 356 3
88 367 1
89 302 1
89 356 1
89 518 1
89 551 1
90 293 1
90 376 1
91 196 14
91 436 4
92 204 1
94 219 1
95 115 30
95 250 3
96 222 2
96 315 2
96 395 2
97 286 7
97 581 144
97 612 26
98 102 1
98 533 3
99 443 71
99 530 9
100 176 6
100 573 9
101 275 1
101 603 1
102 563 1
103 185 1
103 255 3
103 522 2
104 440 2
104 573 2
105 244 1
105 306 1
105 349 1
105 595 3
106 299 1
106 387 1
106 450 1
106 486 1
106 586 1
107 443 425
107 620 52
108 465 1
108 472 1
109 587 1
110 317 3
110 553 3
111 164 1
111 585 1
112 633 1
112 649 1
113 172 2
114 128 1
114 250 1
115 250 6
115 440 27
116 421 1
116 639 1
117 402 4
117 468 6
117 490 18
118 195 18
118 316 81
118 423 14
119 399 1
119 469 1
119 595 3
119 637 1
120 359 4
120 566 20
121 463 1
121 546 1
121 625 1
122 480 4
122 616 2
123 253 12
123 487 5
124 326 1
124 506 1
125 558 194
126 626 1
126 638 1
127 166 1
127 168 1
127 512 1
128 380 1
128 506 1
129 166 1
129 561 1
130 246 1
130 331 1
131 135 2
131 442 38
131 592 4
132 221 1
132 435 1
133 311 1
133 541 1
134 147 1
134 184 1
134 400 1
134 432 1
135 342 1
136 431 1
137 256 1
137 557 4
138 174 7
138 264 20
139 184 1
139 432 1
140 148 5
140 526 1
141 409 1
141 474 1
141 494 1
141 523 1
142 272 2
142 468 3
143 595 2
144 364 1
144 610 1
145 455 8
145 513 68
145 618 4
146 506 1
146 644 1
147 400 1
148 329 2
148 512 6
148 526 4
149 199 2
149 432 2
149 591 13
150 360 1
150 414 1
151 188 4
151 400 3
152 249 1
152 350 1
153 327 1123
154 317 3
154 397 5
154 538 2
154 553 3
155 160 1
155 245 1
155 362 1
156 590 1
156 607 1
156 649 1
157 487 1
157 634 1
158 607 1
159 283 1
159 495 3
160 530 5
161 182 1
161 216 2
161 266 10
162 451 1
162 502 1
162 606 1
163 294 16
163 615 29
164 192 27
164 394 5
165 343 1
165 347 1
165 398 1
165 479 1
165 580 1
166 289 1
166 313 1
166 637 2
167 599 2
169 241 36
169 551 3
170 459 2
170 526 1
170 533 1
171 308 1
171 589 11
172 275 3
172 594 2
173 320 1
173 415 5
174 264 4
175 208 297
175 385 361
175 392 321
175 552 197
176 415 17
177 314 3
177 625 5
178 187 1
178 259 1
179 503 398
179 516 545
180 384 1
180 395 2
181 330 2
181 463 1
182 266 10
182 592 2
183 190 1
183 245 3
183 362 2
185 255 3
185 540 1
186 493 1
186 542 1
187 204 1
187 423 3
187 633 1
188 359 2
188 567 1
189 475 1
189 559 1
190 245 1
190 297 1
190 362 1
191 304 1
191 466 1
192 565 81
192 585 2
193 260 1
193 343 1
193 344 1
193 379 1
194 325 5
194 547 5
194 621 7
195 316 132
196 436 32
197 220 4
197 553 3
198 234 7
198 583 43
198 597 11
199 408 1
199 591 8
200 274 8
200 351 11
201 246 1
202 324 7
202 461 5
203 385 42
203 411 10
204 254 2
204 510 3
204 631 2
205 300 1
205 473 1
206 524 1
206 548 1
207 391 36
207 613 24
208 242 59
208 258 84
208 392 81
209 331 1
209 372 1
209 409 1
209 605 1
210 338 16
210 510 5
211 361 1
211 386 1
212 420 1
212 598 1
213 414 1
213 470 2
213 590 1
213 617 2
214 268 12
214 396 35
215 579 1
216 227 2
216 266 16
217 470 2
217 524 5
217 617 2
217 638 8
218 300 1
218 358 1
219 322 1
220 402 4
220 539 3
220 553 4
221 322 1
221 435 1
222 497 1
222 505 19
223 605 1
224 354 1
224 357 1
225 455 1
226 261 1
226 285 13
226 475 5
227 330 2
227 449 2
228 553 1
228 630 1
229 407 1
229 510 2
229 631 1
230 441 3
230 578 3
230 645 1
231 299 3
231 307 14
231 558 51
232 312 1
232 509 1
233 291 1
233 375 2
233 578 1
234 287 1
235 352 1
235 582 1
236 347 1
236 384 1
236 479 1
237 272 9
237 353 25
238 260 1
238 542 1
239 240 1
239 462 1
241 505 175
242 309 32
242 428 17
243 253 4
243 389 1
243 487 2
244 399 1
247 251 1
247 641 1
248 267 3
248 340 2
248 507 6
249 641 1
251 496 1
252 514 9
252 558 29
253 389 2
254 338 14
254 467 1
255 539 8
256 557 7
256 560 6
257 405 1
258 647 51
259 278 11
259 640 2
260 386 1
261 290 1
261 559 1
262 501 3
262 608 2
263 477 1
265 549 39
267 545 16
268 396 72
268 540 10
269 301 1
269 547 1
270 318 1
270 474 2
271 373 1
271 617 1
272 353 20
273 544 1
273 568 1
273 601 1
274 351 2
274 390 2
274 586 1
276 458 1
276 480 6
276 525 6
277 361 7
277 457 39
278 316 273
278 521 11
279 368 1
279 465 1
279 576 2
280 364 1
280 502 3
280 513 52
280 606 2
281 334 1
281 455 5
281 570 1
281 618 3
282 417 1
282 471 1
283 484 1
284 367 1
285 333 14
285 475 17
286 614 2
287 305 1
288 289 1
288 313 1
291 341 1
291 425 1
292 503 202
292 583 69
293 329 1
293 376 1
294 538 4
294 615 19
295 397 6
295 600 8
296 370 1
296 448 1
297 362 1
298 521 2
298 593 10
298 632 1
299 321 1
302 406 1
303 353 8
303 642 7
304 466 1
304 629 1
305 387 1
305 586 1
306 595 3
306 605 1
307 514 11
307 586 3
308 589 10
309 428 11
310 316 15
310 337 1
310 489 1
310 531 1
310 628 1
311 498 3
311 564 4
314 340 1
314 403 1
314 540 2
315 395 3
316 593 139
318 383 1
318 523 1
319 471 1
319 570 1
319 635 1
320 419 1
320 573 3
320 594 1
321 642 10
323 416 1
323 529 1
324 461 33
325 344 1
325 621 2
325 650 1
326 506 1
327 336 577
327 488 777
328 450 1
329 561 1
330 611 2
332 352 16
332 354 19
332 431 11
332 459 19
332 513 264
332 639 7
333 475 5
333 640 4
334 570 1
335 359 4
335 501 5
337 627 1
338 510 20
339 449 3
339 564 4
339 622 1
340 403 1
341 425 1
342 464 1
342 541 1
342 592 1
343 410 1
345 398 1
345 479 1
346 393 25
346 499 4
346 519 20
347 363 1
347 479 1
348 412 1285
348 566 99
349 399 1
351 586 2
352 582 2
354 431 2
355 567 2
355 608 2
356 406 1
356 453 1
356 551 2
357 431 1
358 473 1
359 501 1
359 566 6
360 414 1
361 394 1
363 588 1
364 641 1
365 454 1
366 370 1
366 439 1
366 445 1
366 451 1
367 453 1
368 444 1
368 465 1
368 599 3
369 378 5
369 589 42
370 481 1
371 536 1
373 617 1
374 431 1
374 550 1
375 578 4
377 607 1
378 498 3
378 589 11
380 506 1
381 507 3
381 545 19
382 485 259
382 545 222
383 392 7
384 479 1
385 411 28
385 442 134
385 532 163
385 555 107
385 647 56
386 493 1
387 450 1
387 486 1
388 619 1
388 650 1
390 597 3
393 622 5
394 623 1
395 462 1
396 581 196
397 600 13
397 630 2
398 580 1
400 432 1
400 534 1
401 488 84
404 547 1
404 588 1
405 571 1
406 453 1
407 510 4
408 619 1
408 623 1
409 523 1
412 565 1175
413 568 1
416 496 1
417 471 1
417 635 1
418 492 1
418 584 1
419 435 1
419 573 4
420 508 1
420 535 1
421 526 1
422 437 1
422 540 1
424 536 1
424 629 1
426 440 24
426 532 116
427 524 1
427 645 1
429 504 1
430 455 8
430 513 69
431 550 1
432 619 1
433 459 1
433 537 1
433 624 1
434 478 9
434 499 3
436 556 23
437 546 1
438 495 1
438 584 1
439 481 1
441 515 1
441 524 3
443 530 134
444 465 1
444 599 4
445 481 1
446 460 21
446 483 72
447 611 8
452 562 1
452 577 1
452 602 1
452 626 1
455 513 76
457 565 66
458 603 1
459 526 1
459 537 1
460 604 16
461 520 22
463 546 1
464 541 1
466 629 1
469 601 1
470 524 3
470 617 1
471 635 1
475 640 5
476 559 1
476 648 1
478 499 2
482 497 1
482 528 1
483 503 421
483 505 212
483 543 24
483 549 131
484 544 1
487 634 1
489 628 1
490 509 30
490 612 24
490 614 26
491 521 1
491 632 1
492 637 1
496 643 1
497 528 2
497 575 1
498 589 27
500 541 1
500 592 1
502 606 2
507 545 33
508 644 1
509 614 8
510 631 5
511 579 1
512 609 1
513 643 10
514 558 40
517 519 6
517 572 5
518 551 2
519 572 13
519 598 8
520 575 5
521 593 6
522 546 4
522 625 6
524 548 1
524 638 9
525 552 11
526 624 1
527 529 1
531 593 4
531 627 1
531 628 1
532 616 21
533 563 1
534 566 5
535 598 8
535 620 15
538 600 5
543 549 8
544 601 1
546 625 2
554 581 18
554 612 3
555 647 53
557 560 23
560 615 26
561 584 1
562 577 1
564 622 4
569 574 1
571 616 1
572 598 7
575 604 3
576 592 3
577 646 1
579 646 1
583 597 14
596 610 1
596 636 1
598 644 1
602 638 2
609 624 1
610 636 1



315 0 68 salesches
1849 0 138 rexpoede
3886 0 2943 bergues
2559 0 155 busigny
2290 0 519 prouvy
404 0 76 bermeries
889 0 163 wallon-cappel
1583 0 118 arneke
559 0 118 fressies
351 0 72 dimechaux
43 0 22 deheries
586 0 151 cerfontaine
588 0 115 ramillies
280 0 57 eclaibes
7615 0 1754 waziers
371 0 65 flaumont-waudrechies
551 0 63 dourlers
354 0 127 eswars
321 0 35 mazinghien
991 0 75 houtkerque
9731 0 528 conde-sur-l-escaut
3581 0 165 landrecies
2608 0 356 watten
268 0 16 eppe-sauvage
4465 0 449 crespin-59
1787 0 203 ligny-en-cambresis
1550 0 95 haussy
5533 0 717 sainghin-en-weppes
313 0 41 bas-lieu
94713 0 7158 roubaix
2738 0 167 coutiches
3200 0 250 iwuy
1121 0 170 vendegies-sur-ecaillon
1432 0 118 gouzeaucourt
923 0 102 fletre
353 0 259 hecq
1458 0 136 viesly
1520 0 187 saint-aubert
1524 0 198 rieux-en-cambresis
41541 0 3090 wattrelos
63572 0 2315 villeneuve-d-ascq
271 0 50 larouillies
4696 0 922 wervicq-sud
6446 0 938 trith-saint-leger
1942 0 263 helesmes
12848 0 1213 roncq
1890 0 132 sebourg
5265 0 1367 bauvin
925 0 70 dompierre-sur-helpe
3280 0 147 anor
12687 0 552 fourmies
820 0 203 thivencelle
469 0 49 groise
1812 0 177 caestre
585 0 99 montigny-en-cambresis
2605 0 349 genech
227560 0 6533 lille
1621 0 743 mortagne-du-nord
1676 0 224 marquette-en-ostrevant
1194 0 349 bellaing
580 0 117 hem-lenglet
1305 0 282 englefontaine
440 0 65 ruesnes
3908 0 1474 lourches
3309 0 251 fretin
2483 0 220 frelinghien
2147 0 301 herlies
1468 0 339 aubry-du-hainaut
523 0 159 boussieres-sur-sambre
3516 0 347 bavay
1636 0 221 camphin-en-carembault
9797 0 2015 marquette-lez-lille
1034 0 157 artres
423 0 208 flamengrie-59
1487 0 131 maretz
557 0 47 zuytpeene
3672 0 407 avesnes-les-aubert
361 0 39 aibes
287 0 98 wulverdinghe
258 0 40 wattignies-la-victoire
168 0 22 beaurieux-59
3088 0 657 haveluy
4055 0 135 steenvoorde
297 0 81 audignies
1067 0 187 wargnies-le-grand
342 0 58 frasnoy
304 0 80 broxeele
2071 0 109 renescure
796 0 105 thiennes
761 0 117 pommereuil
1718 0 9544 lannoy
154 0 35 quievelon
21887 0 7599 mons-en-baroeul
585 0 93 marcq-en-ostrevent
4573 0 642 auberchicourt
1632 0 205 saint-jans-cappel
13223 0 2095 wattignies
2087 0 138 walincourt-selvigny
2712 0 1623 courchelettes
3686 0 916 roeulx
233 0 65 montrecourt
635 0 75 elincourt
850 0 340 louvil
909 0 152 mastaing
890 0 223 jolimetz
1343 0 196 radinghem-en-weppes
16257 0 1409 sin-le-noble
1645 0 113 flines-les-mortagne
320 0 125 wylder
2262 0 206 bersee
308 0 37 saint-georges-sur-l-aa
259 0 47 obrechies
1247 0 139 villers-en-cauchies
2575 0 380 monchecourt
10347 0 1586 aniche
466 0 140 beaumont-en-cambresis
2309 0 345 attiches
4222 0 729 rousies
955 0 113 louvignies-quesnoy
4482 0 615 leffrinckoucke
1031 0 277 wannehain
2371 0 462 haulchin
6235 0 1761 bassee
465 0 145 aubencheul-au-bac
21592 0 3106 loos
389 0 43 haut-lieu
837 0 64 catillon-sur-sambre
873 0 136 fressain
245 0 61 croix-caluyau
328 0 115 eth
3721 0 292 hasnon
658 0 115 thun-l-eveque
566 0 145 warlaing
964 0 120 socx
664 0 190 millonfosse
1070 0 131 carnieres
884 0 165 esquerchin
7676 0 652 fresnes-sur-escaut
713 0 91 crochte
1049 0 83 neuvilly
895 0 187 maresches
989 0 424 carnin
524 0 156 orsinval
697 0 39 rues-des-vignes
3350 0 530 proville
952 0 151 bugnicourt
1146 0 61 quaedypre
7039 0 258 cateau-cambresis
2497 0 246 armbouts-cappel
556 0 31 liessies
3192 0 577 hoymille
209 0 58 haucourt-en-cambresis
20199 0 1608 halluin
2139 0 172 mons-en-pevele
1057 0 220 goeulzin
125 0 23 solrinnes
861 0 100 fromelles
165 0 28 berelles
4605 0 198 solesmes-59
1462 0 264 ferin
1514 0 171 sameon
766 0 159 noyelles-sur-escaut
6193 0 864 roost-warendin
6911 0 179 bourbourg
921 0 110 bavinchove
1699 0 171 bousies
898 0 184 odomez
246 0 38 rejet-de-beaulieu
2658 0 59 morbecque
1146 0 115 clary
1382 0 189 rieulay
2800 0 229 haspres
768 0 152 noyelles-sur-selle
1438 0 366 vicq-59
43335 0 3135 valenciennes
2560 0 540 neuville-sur-escaut
4452 0 512 baisieux
961 0 75 beaufort-59
22442 0 7902 madeleine
1166 0 113 eecke
1368 0 148 mouchin
1580 0 204 rumegies
2935 0 264 arleux
213 0 59 bissezeele
871 0 764 peronne-en-melantois
503 0 50 volckerinckhove
1018 0 190 ferriere-la-petite
2064 0 74 warhem
270 0 65 sassegnies
780 0 217 hamel-59
926 0 57 taisnieres-sur-hon
6302 0 176 loon-plage
940 0 63 rubrouck
5229 0 190 wormhout
6830 0 1157 louvroil
12950 0 3972 lys-lez-lannoy
2157 0 217 ennevelin
7126 0 496 quesnoy-sur-deûle
1594 0 173 spycker
8104 0 2674 perenchies
358 0 85 saint-aybert
1241 0 193 neuf-berquin
4958 0 1089 petite-foret
1679 0 89 colleret
240 0 77 semousies
241 0 25 ramousies
4702 0 730 bousbecque
10983 0 910 saint-saulve
788 0 150 wargnies-le-petit
2669 0 552 marpent
935 0 245 holque
755 0 290 loffre
1801 0 130 solre-le-chateau
3064 0 1431 lezennes
481 0 41 favril-59
2377 0 198 landas
2505 0 197 avesnelles
575 0 84 limont-fontaine
573 0 110 wasnes-au-bac
2634 0 1186 pont-a-marcq
673 0 238 estrun
2146 0 116 meteren
222 0 144 amfroipret
555 0 115 bevillers
589 0 177 tilloy-lez-cambrai
2326 0 394 leval-59
1101 0 168 aix-59
687 0 338 tourmignies
909 0 145 elesmes
3099 0 223 wignehies
5618 0 742 santes
403 0 185 herrin
1292 0 108 ohain
1690 0 170 deûlemont
887 0 200 saint-vaast-en-cambresis
931 0 73 hondeghem
4129 0 1217 provin
412 0 68 saint-momelin
365 0 111 pradelles-59
573 0 96 borre
21598 0 824 hazebrouck
8709 0 671 onnaing
1992 0 288 marquillies
361 0 89 potelle
1450 0 155 cantin
761 0 158 rombies-et-marchipont
330 0 45 seranvillers-forenville
3014 0 721 chereng
660 0 45 esnes
884 0 172 emerchicourt
306 0 49 wambaix
3199 0 651 emmerin
2981 0 567 salome
2395 0 114 cousolre
5786 0 365 templeuve
1806 0 492 lauwin-planque
3840 0 857 herin
12276 0 1832 bruay-sur-l-escaut
1193 0 201 saint-remy-du-nord
980 0 95 nieurlet
512 0 86 monceau-saint-waast
3266 0 198 ghyvelde
726 0 64 villers-guislain
4237 0 733 escautpont
7611 0 672 houplines
10494 0 948 vieux-conde
1446 0 1377 forest-sur-marque
6394 0 760 lesquin
729 0 61 bambecque
2058 0 319 saultain
326 0 43 dimont
3337 0 601 allennes-les-marais
434 0 67 escarmain
1620 0 870 capinghem
1701 0 168 saulzoir
3987 0 341 maing
11516 0 508 gravelines
14239 0 1160 hautmont
1136 0 306 thun-saint-amand
2626 0 239 masnieres
2358 0 332 raillencourt-sainte-olle
448 0 79 abancourt-59
435 0 72 romeries
681 0 68 staple
8642 0 997 aulnoye-aymeries
879 0 369 noyelles-les-seclin
211 0 50 warneton
661 0 86 fontaine-au-bois
186 0 79 robersart
492 0 95 saint-remy-chaussee
157 0 19 baives
11336 0 3587 saint-andre-lez-lille
566 0 47 bazuel
4126 0 372 raimbeaucourt
2588 0 454 wahagnies
373 0 42 ribecourt-la-tour
1442 0 290 lecluse
2181 0 123 longueville-59
889 0 176 beaucamps-ligny
138 0 29 floursies
528 0 132 oost-cappel
712 0 100 boeseghem
1365 0 588 don
868 0 71 houdain-lez-bavay
563 0 417 englos
944 0 171 villereau-59
3997 0 918 hallennes-lez-haubourdin
1338 0 309 bruille-lez-marchiennes
5998 0 1273 quievrechain
774 0 119 mairieux
1254 0 199 wandignies-hamage
645 0 185 chemy
837 0 209 preux-au-bois
1262 0 667 tressin
2026 0 170 godewaersvelde
31046 0 1647 maubeuge
2096 0 218 faumont
1091 0 179 curgies
201 0 51 sancourt-59
1260 0 246 lieu-saint-amand
2035 0 247 fournes-en-weppes
440 0 115 wavrechain-sous-faulx
539 0 86 cagnoncles
8993 0 333 merville-59
1464 0 84 zegerscappel
635 0 325 brunemont
91923 0 6051 tourcoing
382 0 137 wicres
350 0 63 montay
2464 0 128 nomain
376 0 130 bry
14393 0 1112 caudry
2586 0 228 pont-sur-sambre
450 0 137 sailly-lez-cambrai
4666 0 544 bray-dunes
10132 0 1639 neuville-en-ferrain
264 0 93 bersillies
9772 0 957 jeumont
1517 0 174 bouvignies
1145 0 365 gruson
61 0 8 moustier-en-fagne
315 0 100 bousignies
788 0 46 noordpeene
1403 0 79 bollezeele
554 0 62 terdeghem
6525 0 1089 lallaing
2287 0 180 cassel
22474 0 2458 coudekerque-branche
346 0 3 locquignol
466 0 186 caullery
2164 0 426 premesques
1742 0 253 quievy
9663 0 1072 annoeullin
2143 0 608 beauvois-en-cambresis
4106 0 173 hondschoote
2000 0 109 blaringhem
428 0 88 boussieres-en-cambresis
111 0 32 ecuelin
1324 0 160 uxem
166 0 40 willies
984 0 111 saint-pierre-brouck
967 0 166 estrees-59
382 0 62 hardifort
678 0 35 crevecur-sur-l-escaut
194 0 40 zermezeele
243 0 44 anneux
657 0 71 ebblinghem
1283 0 216 nivelle
5355 0 926 fenain
276 0 43 flesquieres
614 0 103 saint-waast
289 0 56 preux-au-sart
581 0 65 beugnies
453 0 83 estourmel
3090 0 78 trelon
653 0 36 ors
291 0 47 hestrud
1448 0 246 erre
513 0 83 buysscheure
1849 0 359 fechain
1776 0 400 sailly-lez-lannoy
20676 0 4656 croix-59
961 0 181 estreux
1105 0 135 saint-sylvestre-cappel
13412 0 3684 anzin
783 0 62 millam
307 0 165 escobecques
259 0 76 drincham
1046 0 500 hantay
2335 0 753 lompret
12372 0 772 comines
11871 0 1476 marly-59
6154 0 641 pecquencourt
1148 0 65 cappelle-brouck
2197 0 161 boeschepe
18120 0 3343 ronchin
3916 0 557 thumeries
510 0 108 oxelaere
176 0 169 raucourt-au-bois
1644 0 148 bierne-59
9930 0 760 bondues
2559 0 185 avelin
1267 0 550 anstaing
1215 0 78 winnezeele
564 0 219 oisy-59
411 0 82 sercus
1757 0 939 assevent
1281 0 107 brouckerque
1235 0 101 villers-pol
341 0 61 ochtezeele
3322 0 853 sentinelle
92005 0 2096 dunkerque
526 0 99 saint-martin-sur-ecaillon
368 0 48 clairfayts
10425 0 1133 douchy-les-mines
572 0 101 cauroir
470 0 148 bantigny
493 0 49 vendegies-au-bois
1472 0 260 hordain
394 0 123 roucourt
729 0 186 inchy
709 0 261 bouvines
5464 0 545 ferriere-la-grande
350 0 101 gussignies
299 0 38 wallers-en-fagne
9149 0 917 escaudain
211 0 34 rainsars
3091 0 251 quarouble
903 0 93 verchain-maugre
3415 0 514 escaudoeuvres
1192 0 157 fontaine-au-pire
1272 0 123 steene
528 0 80 honnechy
5443 0 283 flines-lez-raches
991 0 131 paillencourt
3989 0 1669 toufflers
527 0 185 cobrieux
720 0 104 briastre
447 0 60 moeuvres
4228 0 581 abscon
1390 0 55 etroeungt
16697 0 493 saint-amand-les-eaux
42197 0 2499 douai
1614 0 204 bruille-saint-amand
296 0 39 doignies
4535 0 503 erquinghem-lys
8178 0 748 orchies
414 0 37 villers-plouich
2737 0 218 beuvry-la-foret
609 0 173 maisnil-59
423 0 65 cantaing-sur-escaut
1249 0 47 cartignies
691 0 76 lynde
673 0 96 ledringhem
3744 0 1579 neuville-saint-remy
5577 0 266 wallers
5434 0 1736 grand-fort-philippe
551 0 121 monchaux-sur-ecaillon
2210 0 258 bertry
7587 0 440 nieppe
5956 0 396 gorgue
506 0 97 berthen
1448 0 225 bachy
556 0 101 tilloy-lez-marchiennes
868 0 196 chateau-l-abbaye
830 0 75 hon-hergies
432 0 35 bousignies-sur-roc
4457 0 562 phalempin
483 0 106 ghissignies
1606 0 82 felleries
360 0 100 blecourt-59
957 0 184 maulde
374 0 36 saint-aubin-59
1870 0 294 preseau
3193 0 243 berlaimont
466 0 54 taisnieres-en-thierache
329 0 66 gonnelieu
2740 0 562 raches
834 0 110 sainte-marie-cappel
2560 0 305 thiant
339 0 44 boursies
773 0 164 strazeele
25375 0 4040 armentieres
467 0 80 vertain
20046 0 2922 wasquehal
534 0 305 erquinghem-le-sec
1419 0 179 illies
13566 0 3253 mouvaux
853 0 73 vieux-reng
12295 0 705 seclin
577 0 96 vieux-mesnil
291 0 91 neuville-en-avesnois
574 0 53 merckeghem
587 0 97 sepmeries
991 0 133 saint-python
693 0 109 awoingt
1065 0 105 merris
3426 0 382 hornaing
968 0 566 anhiers
528 0 203 sars-et-rosieres
1669 0 641 zuydcoote
1830 0 121 marcoing
28504 0 4627 lambersart
945 0 218 querenaing
14480 0 333 bailleul-59
1217 0 235 aubigny-au-bac
3015 0 519 willems
608 0 133 villers-au-tertre
3967 0 482 gondecourt
3259 0 518 boussois
1436 0 64 maroilles
1290 0 101 saint-souplet
32584 0 1792 cambrai
4385 0 1115 sequedin
513 0 29 floyon
38947 0 2774 marcq-en-baroeul
2002 0 500 ecaillon
1472 0 160 haverskerque
4872 0 898 montigny-en-ostrevent
5992 0 467 estaires
1254 0 1036 neuf-mesnil
4563 0 335 cysoing
1054 0 178 jenlain
3004 0 187 sains-du-nord
2519 0 532 famars
823 0 97 troisvilles
531 0 88 thun-saint-martin
2504 0 96 vieux-berquin
605 0 116 naves-59
5092 0 577 lambres-lez-douai
789 0 99 gognies-chaussee
20351 0 1766 denain
2182 0 307 villers-outreaux
1167 0 97 coudekerque-village
4660 0 1150 guesnain
247 0 73 bettrechies
422 0 200 maurois
1448 0 291 moncheaux
2119 0 261 cappelle-en-pevele
2493 0 237 sainghin-en-melantois
735 0 256 brillon
592 0 68 lederzeele
1521 0 209 bois-grenier
161 0 31 capelle-59
17369 0 1799 hem
1563 0 238 bourghelles
1518 0 88 herzeele
540 0 40 semeries
8259 0 798 chapelle-d-armentieres
676 0 125 cattenieres
1743 0 145 steenbecque
7280 0 1189 aulnoy-lez-valenciennes
2485 0 288 merignies
1634 0 635 vendeville
12754 0 382 raismes
9286 0 1719 leers
6626 0 945 cuincy
14455 0 2722 haubourdin
314 0 48 noyelles-sur-sambre
5624 0 790 flers-en-escrebieux
549 0 61 forest-en-cambresis
295 0 36 petit-fayt
508 0 49 malincourt
4742 0 221 marchiennes
20991 0 979 grande-synthe
7072 0 384 teteghem
964 0 80 killem
651 0 97 bermerain
652 0 136 mecquignies
594 0 100 haynecourt
659 0 202 rouvignies
4361 0 612 masny
4053 0 327 bouchain
704 0 129 obies
1402 0 119 doulieu
2653 0 163 lecelles
515 0 58 grand-fayt
1833 0 155 glageon
996 0 43 prisches
250 0 60 wemaers-cappel
17407 0 3767 faches-thumesnil
1643 0 256 saint-hilaire-lez-cambrai
9745 0 629 wambrechies
228 0 225 beaurain
597 0 77 craywick
1190 0 113 ennetieres-en-weppes
586 0 77 west-cappel
668 0 71 oudezeele
12506 0 1015 somain
215 0 47 lez-fontaine
8173 0 1496 cappelle-la-grande
1863 0 228 rosult
7222 0 384 feignies
1358 0 130 avesnes-le-sec
4994 0 350 quesnoy
743 0 47 honnecourt-sur-escaut
2385 0 236 verlinghem
2739 0 702 lewarde
4276 0 397 hergnies
5225 0 687 ostricourt
571 0 72 beaudignies
780 0 50 saint-hilaire-sur-helpe
338 0 93 sommaing
3471 0 126 steenwerck
2265 0 143 gommegnies
1449 0 215 rumilly-en-cambresis
100 0 28 eccles
808 0 41 moeres
355 0 76 saint-benin
323 0 52 banteux
1478 0 189 auchy-lez-orchies
3158 0 685 templemars
8257 0 705 linselles
3431 0 529 houplin-ancoisne
7535 0 1058 auby
1638 0 691 wavrechain-sous-denain
1473 0 186 sars-poteries
1717 0 163 fontaine-notre-dame-59
918 0 39 pitgam
5135 0 553 dechy
2145 0 168 esquelbecq
1348 0 394 vred
1180 0 60 looberghe
379 0 136 reumont
1977 0 306 camphin-en-pevele
328 0 37 boulogne-sur-helpe
262 0 56 bettignies
995 0 117 villers-sire-nicole
894 0 172 bellignies
680 0 172 neuville-59
2347 0 380 recquignies
583 0 113 hargnies-59
229 0 45 damousies
1528 0 150 aubers
201 0 71 cuvillers
409 0 54 bantouzelle
2107 0 243 poix-du-nord
4976 0 2154 avesnes-sur-helpe
749 0 145 bethencourt
2398 0 255 bachant
408 0 48 lesdain
7641 0 563 wavrin
497 0 114 niergnies
766 0 145 erchin
548 0 40 feron
255 0 32 beaurepaire-sur-sambre
6652 0 2217 beuvrages
472 0 71 marbaix
67 0 26 choisies
470 0 40 eringhem
