261
378



1 81 1
1 226 2
2 143 1
2 190 1
2 194 6
3 15 1
3 252 4
3 261 5
4 49 12
4 125 1
4 179 2
4 182 1
5 129 1
5 260 1
6 170 1
6 171 1
7 132 3
7 237 1
7 243 4
8 192 3
8 225 5
8 258 2
9 132 4
9 159 5
9 243 7
10 181 2
10 201 1
11 209 1
11 260 2
12 25 1
12 134 1
12 156 1
13 22 14
13 102 11
14 119 1
14 203 1
15 85 1
16 114 1
16 209 2
16 226 2
17 89 345
17 166 18
17 184 40
17 207 49
17 231 19
18 139 2
18 185 8
19 120 3
19 122 1
20 117 4
20 159 7
20 220 3
21 89 194
21 185 28
21 236 7
22 50 310
23 160 2
23 244 3
24 118 2
24 209 1
25 123 1
25 134 1
26 56 4
26 81 1
26 108 1
26 164 1
27 40 1
27 155 1
27 238 1
28 95 36
28 120 15
28 233 3
29 183 1
29 191 2
30 42 8
30 95 40
30 215 4
31 135 2
31 212 3
32 150 4
32 228 7
33 79 1
33 174 1
33 197 1
34 149 5
34 160 4
35 152 1
35 249 1
36 170 1
36 197 1
36 259 1
37 49 24
37 172 1
37 179 3
37 246 1
38 133 1
38 145 1
38 202 1
38 247 1
39 44 1
39 107 1
39 169 1
40 167 1
41 84 1
41 151 1
42 126 2
42 198 1
43 230 1
43 234 1
43 237 1
44 157 2
44 189 1
45 220 1
45 243 3
46 225 10
46 256 2
47 108 1
47 164 1
48 60 1
48 196 2
49 55 17
49 110 42
49 153 31
49 179 15
50 105 794
51 146 2
51 257 11
52 97 1
52 134 1
52 206 1
53 126 2
53 160 2
53 244 3
54 114 1
54 118 1
55 63 2
55 201 2
56 64 1
56 194 10
57 177 2
57 196 4
58 198 1
58 214 1
59 239 1
59 242 1
60 107 1
60 170 1
61 77 13
61 83 9
62 96 4
62 216 9
62 241 4
63 130 4
63 152 1
64 164 1
65 229 6
65 251 1
66 117 2
66 175 4
67 195 1
67 199 1
68 171 5
68 196 7
68 253 2
69 111 2
69 190 2
69 213 3
69 218 1
70 80 1
70 187 1
71 141 2
71 230 2
72 74 1
72 141 1
73 133 1
73 202 1
74 141 1
74 151 1
75 88 5
75 225 7
75 258 4
76 204 1
76 223 1
77 83 7
77 140 22
77 224 5
78 148 1
78 240 1
79 174 1
79 201 1
79 259 1
80 88 4
80 220 3
81 226 1
82 91 14
82 126 5
82 166 6
83 140 14
84 98 2
84 138 2
84 141 1
85 114 1
85 226 1
86 214 1
86 235 3
87 134 3
87 137 2
89 95 280
89 245 342
90 171 1
90 253 1
91 95 28
91 115 19
92 129 1
92 131 5
92 212 2
93 185 3
93 217 1
94 155 4
94 165 2
94 187 1
96 241 6
96 248 3
97 137 1
98 138 1
98 234 1
99 121 1
99 178 20
99 191 12
99 221 7
100 167 2
100 185 9
101 187 1
101 202 1
102 106 65
102 136 4
103 122 2
103 161 1
104 190 1
104 218 1
105 106 204
106 110 66
106 136 9
109 211 1
109 236 1
110 144 6
111 218 1
112 203 2
112 207 5
112 216 5
112 232 3
113 127 1
113 226 2
114 210 1
115 166 9
115 184 18
116 195 1
116 223 1
117 205 6
117 245 14
118 148 2
118 209 2
119 256 1
120 122 4
121 193 1
122 161 1
123 134 1
124 138 1
124 148 1
124 217 1
125 182 1
126 142 1
127 261 3
128 140 91
130 256 2
131 212 4
132 243 10
133 145 1
133 249 1
134 137 2
135 168 1
135 212 1
136 157 3
137 206 1
138 148 1
139 185 10
139 190 1
140 189 4
140 224 11
141 151 1
141 180 1
142 215 1
143 254 1
144 248 1
144 257 5
145 250 2
146 228 2
146 248 1
147 240 1
147 254 1
148 208 1
149 188 3
149 231 3
149 235 6
150 228 4
151 217 1
153 163 2
154 163 1
154 173 1
155 165 3
156 206 1
157 169 7
158 163 1
158 173 1
158 176 1
160 244 3
162 214 1
162 235 2
163 176 1
165 223 1
167 180 2
167 185 12
168 227 1
168 255 3
169 181 3
169 259 1
170 196 2
171 177 1
171 196 3
172 246 1
175 232 11
175 258 7
176 249 2
177 196 2
178 185 1
178 221 20
179 201 2
180 185 7
180 238 1
181 200 2
183 191 1
183 193 1
184 207 21
186 215 1
186 233 1
188 235 7
190 213 1
191 221 11
191 222 16
192 225 7
195 199 1
195 213 1
200 251 1
202 247 1
203 229 11
204 223 1
205 245 30
208 240 1
209 210 1
211 255 7
211 260 4
213 219 1
213 223 1
214 235 7
219 223 1
221 222 8
225 256 2
226 242 1
227 255 5
229 251 4
230 243 3
231 244 5
239 242 1
239 252 3
239 261 3
248 257 5
249 250 2
252 261 6



1839 0 74 peillac
1647 0 66 beignon
2305 0 47 saint-dolay
1485 0 47 neulliac
857 0 87 guerno
1107 0 28 plouray
1331 0 80 vraie-croix
1754 0 51 moustoir-ac
2025 0 110 trefflean
1507 0 37 melrand
1306 0 51 limerzel
247 0 74 île-d-arz
2594 0 415 gestel
734 0 33 chapelle-neuve-56
547 0 37 thehillac
2064 0 57 malansac
12322 0 1783 auray
1460 0 35 augan
1227 0 533 trinite-surzur
3077 0 121 monterblanc
7391 0 111 questembert
8798 0 367 queven
1630 0 262 trinite-sur-mer
1346 0 47 molac
629 0 196 île-aux-moines
2222 0 134 gacilly
837 0 58 croix-hellean
6736 0 142 theix
755 0 39 bieuzy
7682 0 127 sarzeau
2996 0 103 ferel
3489 0 113 erdeven
869 0 36 locmalo
4295 0 131 carnac
823 0 42 kerfourn
1234 0 16 ploerdut
2915 0 46 cleguerec
1192 0 30 pleugriffet
422 0 45 kernascleden
341 0 43 hellean
546 0 81 saint-abraham
1656 0 108 saint-gildas-de-rhuys
580 0 37 cours-56
714 0 39 lanvaudan
1055 0 40 tredion
3783 0 62 moreac
763 0 70 cournon
1344 0 36 meslan
13765 0 553 pontivy
57204 0 3272 lorient
3058 0 173 merlevenez
1305 0 79 chapelle-caro
1661 0 151 locmariaquer
750 0 34 saint-congard
2018 0 125 sourn
2761 0 46 carentoir
2344 0 27 guiscriff
806 0 39 locmaria
1163 0 186 saint-perreux
1538 0 44 berne
5097 0 362 riantec
1998 0 115 landaul
1892 0 88 saint-thuriau
552 0 39 quelneuc
1569 0 54 guenin
1382 0 98 locmaria-grand-champ
358 0 24 saint-brieuc-de-mauron
4084 0 54 gourin
3284 0 48 mauron
396 0 32 billio
3004 0 50 serent
682 0 40 lizio
487 0 39 buleon
340 0 63 quily
2729 0 59 bignan
564 0 34 saint-malo-des-trois-fontaines
4208 0 1175 locmiquelic
359 0 29 reminiac
1204 0 1029 guemene-sur-scorff
2685 0 46 plumelec
946 0 47 fougerets
4137 0 175 baden
2718 0 2540 port-louis
2488 0 428 malestroit
336 0 59 saint-gorgon-56
897 0 40 sauzon
2433 0 489 sainte-anne-d-auray
2724 0 65 saint-jean-brevelay
52515 0 1625 vannes
642 0 20 saint
5378 0 290 arradon
2004 0 59 marzan
590 0 208 gourhel
2424 0 45 guegon
8682 0 435 sene
3257 0 145 landevant
2336 0 45 brehan
1035 0 80 saint-marcel-56
3306 0 102 cleguer
1556 0 37 loyat
794 0 34 guehenno
6918 0 162 caudan
1625 0 159 damgan
110 0 20 trehorenteuc
22219 0 1209 lanester
15191 0 818 hennebont
480 0 29 saint-caradec-tregomel
881 0 64 glenac
948 0 88 lauzach
7318 0 67 languidic
756 0 47 concoret
1204 0 46 brandivy
1600 0 41 caden
740 0 46 saint-grave
5786 0 283 ploeren
716 0 56 trinite-porhoet
2119 0 369 meucon
1799 0 52 pleucadeuc
640 0 38 saint-allouestre
3720 0 64 surzur
714 0 44 croisty
1732 0 45 ambon
251 0 86 île-d-houat
1169 0 30 caro-56
648 0 21 kergrist
2112 0 236 arzon
1387 0 39 beganne
17805 0 448 ploemeur
761 0 1769 roche-bernard
3607 0 53 plumeliau
4066 0 73 nivillac
3206 0 114 sulniac
989 0 45 radenac
2176 0 365 bono
918 0 64 camoel
957 0 77 calan
1616 0 83 locqueltas
1078 0 80 missiriac
1811 0 29 campeneac
8334 0 1146 larmor-plage
936 0 94 roc-saint-andre
810 0 206 larmor-baden
484 0 138 saint-malo-de-beignon
1232 0 204 branderion
1813 0 64 reguiny
1093 0 135 sainte-helene-56
726 0 23 monteneuf
1413 0 38 ruffiac-56
2038 0 111 plouharnel
2077 0 1193 etel
355 0 134 montertelot
641 0 51 moustoir-remungol
3726 0 69 noyal-pontivy
152 0 24 croixanvec
2501 0 558 josselin
372 0 95 saint-laurent-sur-oust
5284 0 78 plouay
1072 0 65 saint-gonnery
3736 0 144 saint-nolff
1564 0 221 saint-philibert-56
1130 0 121 tour-du-parc
932 0 36 bangor
1025 0 56 saint-gerand
731 0 93 chapelle-gaceline
1690 0 38 lanouee
2404 0 112 plougoumelen
2162 0 74 taupont
918 0 156 billiers
2086 0 40 inguiniel
1039 0 23 priziac
1916 0 22 langonnet
726 0 18 seglien
525 0 25 gueltas
322 0 16 persquen
4964 0 73 grand-champ
1653 0 70 rohan
1214 0 41 lanvenegen
10359 0 198 guidel
1741 0 45 malguenac
1338 0 61 guillac-56
2388 0 34 bubry
660 0 24 saint-aignan-56
166 0 9 sainte-brigitte
5149 0 196 pluneret
9067 0 178 ploermel
730 0 149 hezo
633 0 36 cruguel
2158 0 286 saint-pierre-quiberon
737 0 392 gavres
988 0 30 neant-sur-yvel
6013 0 134 inzinzac-lochrist
2514 0 80 plumelin
401 0 20 saint-tugdual
6193 0 118 guer
179 0 35 evriguet
2866 0 84 faouet-56
405 0 18 langoelan
119 0 57 hoedic
187 0 14 brignac-56
1407 0 32 quistinic
1422 0 30 guern
303 0 39 lantillac
2821 0 76 camors
330 0 41 gree-saint-laurent
4696 0 201 plescop
1276 0 45 saint-martin-sur-oust
6487 0 158 brech
458 0 35 saint-nicolas-du-tertre
1361 0 38 pluherlin
660 0 540 rochefort-en-terre
2480 0 50 noyal-muzillac
1443 0 61 arzal
1334 0 37 guilliers
2552 0 146 palais
846 0 106 saint-armel-56
7006 0 84 pluvigner
387 0 55 monterrein
181 0 114 saint-lery
1586 0 23 meneac
1617 0 39 plaudren
3211 0 136 pont-scorff
5003 0 140 plouhinec-56
985 0 26 mohon
2253 0 152 groix
4268 0 878 locmine
1744 0 76 saint-jacut-les-pins
1900 0 87 penestin
3497 0 223 belz
6010 0 124 baud
1060 0 53 saint-guyomard
2533 0 100 ploemel
3552 0 84 plumergat
777 0 157 noyalo
832 0 98 bohal
5058 0 572 quiberon
1591 0 74 berric
872 0 51 larre-56
778 0 34 saint-servant
1522 0 180 saint-jean-la-poterie
659 0 34 treal
3149 0 78 locoal-mendon
1391 0 88 saint-vincent-sur-oust
5310 0 82 elven
3283 0 107 crach
10450 0 400 saint-ave
454 0 20 silfiac
400 0 7 forges-56
1380 0 87 nostang
1500 0 44 credin
1714 0 41 naizin
1166 0 53 saint-barthelemy-56
2904 0 104 rieux-56
712 0 28 roudouallec
671 0 42 porcaro
4694 0 118 muzillac
959 0 35 remungol
5965 0 150 kervignac
2230 0 84 colpo
910 0 23 lignol
2516 0 64 peaule
3658 0 87 allaire
