419
599



1 106 1
1 269 1
2 72 1
2 153 1
2 216 1
3 239 1
3 261 1
3 320 1
4 186 1
4 331 2
5 278 1
5 309 1
6 45 1
6 198 3
6 286 1
6 356 1
7 208 4
7 248 9
7 288 7
7 315 4
8 339 1
8 403 1
9 93 1
9 152 7
9 249 1
9 290 2
9 397 2
10 39 1
10 248 1
10 394 1
11 53 1
11 59 1
11 171 1
12 24 1
12 198 5
12 286 1
13 40 1
13 55 1
13 263 1
13 349 1
14 125 1
14 352 1
15 31 1
15 149 1
15 179 1
16 123 2
16 374 6
17 213 1
17 326 1
18 274 3
18 316 2
18 345 1
19 44 8
19 243 1
19 375 24
20 335 1
20 384 1
21 53 1
21 151 1
21 244 1
22 179 1
22 291 1
23 25 1
23 38 1
23 339 1
23 354 1
24 198 4
25 272 1
26 52 1
26 65 1
26 220 1
27 85 1
27 202 19
28 87 1
28 127 1
29 299 1
29 355 7
29 417 3
30 105 1
30 285 1
31 179 2
31 227 2
32 71 1
32 167 1
32 311 1
33 245 1
33 419 1
34 389 1
34 419 1
35 177 2
35 258 1
36 95 1
36 240 1
37 245 1
37 252 9
38 46 1
38 159 2
38 202 29
38 305 17
38 339 1
39 399 1
40 75 1
41 82 1
41 409 1
42 79 2
42 321 1
43 231 1
43 319 1
44 90 2
44 118 5
44 180 2
44 340 2
44 364 1
45 74 1
46 406 1
47 57 1
47 280 1
47 314 1
48 79 2
48 316 1
49 152 29
49 204 10
49 262 11
49 382 7
50 185 1
50 190 1
51 224 1
51 241 1
51 251 1
52 272 1
52 289 1
54 94 1
54 145 1
55 75 1
55 263 1
55 321 1
55 365 1
56 72 1
56 77 3
56 380 3
57 184 1
57 186 1
57 331 1
58 318 1
58 355 5
59 171 1
59 210 1
59 332 1
60 161 1
60 257 1
61 104 1
61 119 1
62 63 1
62 142 1
63 142 1
63 400 1
64 146 1
64 331 3
64 353 1
65 220 1
65 404 1
66 277 4
66 304 2
67 271 1
67 352 1
68 214 3
68 265 4
68 378 20
69 88 1
69 91 1
70 191 1
70 304 1
71 167 1
71 414 1
72 300 1
73 389 1
73 419 1
74 103 1
74 145 1
75 116 1
76 77 1
76 203 1
76 236 1
78 383 2
78 392 1
80 206 3
80 222 2
81 100 1
81 140 1
81 274 2
81 357 3
82 148 1
83 132 1
83 195 1
83 392 1
84 89 2
84 361 6
85 202 6
85 418 1
86 295 2
86 329 1
86 352 1
87 127 1
87 327 1
88 91 1
89 222 3
89 361 4
90 364 1
91 134 1
92 127 2
92 411 4
93 397 1
94 145 1
94 273 1
95 240 1
96 346 1
96 354 1
97 161 1
97 225 1
98 209 1
98 213 1
99 176 1
99 410 1
99 413 1
100 228 1
100 408 1
101 230 1
101 360 1
102 233 1
102 260 1
103 193 1
103 297 1
104 119 1
104 317 1
105 350 1
106 237 1
106 348 1
107 219 1
107 407 1
108 114 6
108 223 3
108 374 17
109 301 1
109 390 1
110 163 1
110 184 1
111 375 23
111 377 1
112 241 1
112 251 1
113 173 1
113 412 3
114 223 2
115 254 1
115 256 1
116 190 1
116 314 1
117 140 1
117 356 1
118 180 1
118 301 1
119 308 1
119 317 1
120 195 3
120 236 1
120 367 1
121 322 1
121 380 1
122 353 1
122 371 1
123 160 2
123 374 8
124 250 1
124 321 1
125 318 1
125 319 1
126 312 1
126 359 1
126 394 1
127 327 1
127 411 2
128 141 1
128 226 1
129 234 1
129 379 1
130 168 1
130 189 1
131 202 8
131 357 1
132 195 3
132 392 1
133 178 1
133 405 4
134 305 2
134 338 1
134 350 1
135 264 22
135 307 14
136 298 1
136 375 8
136 377 1
137 174 4
137 382 1
137 396 1
138 153 1
138 395 1
139 166 1
139 246 1
141 226 1
142 248 12
142 337 1
142 415 1
143 159 1
143 181 1
143 220 1
143 404 1
144 269 1
144 362 1
145 198 1
146 331 1
147 191 1
147 277 2
148 193 1
148 356 1
148 409 1
149 179 1
149 209 1
150 304 1
150 329 1
151 244 1
151 402 1
152 397 5
153 172 1
153 216 1
153 322 1
153 395 1
154 268 1
154 292 1
154 379 1
155 270 1
155 292 1
156 351 1
156 359 1
157 218 1
157 228 1
157 403 1
158 410 1
158 413 1
159 406 1
160 192 2
160 226 1
161 257 1
162 189 1
162 234 1
162 260 1
163 184 1
164 412 52
165 238 1
165 375 4
166 246 1
166 375 3
167 267 1
167 282 1
168 240 1
168 350 1
169 302 1
169 332 1
170 309 1
170 363 1
171 398 1
172 322 1
172 402 1
173 207 1
173 366 1
174 325 4
174 412 26
175 181 1
175 285 1
176 311 1
177 184 1
177 258 1
178 303 2
178 390 1
181 235 1
181 287 1
182 302 1
182 333 1
183 245 1
183 279 1
183 363 1
185 258 1
185 280 1
185 301 1
186 314 1
186 331 1
186 381 1
187 201 1
187 388 1
188 296 1
188 416 1
189 233 1
189 305 3
190 314 1
191 215 1
191 387 1
192 347 7
193 297 1
193 356 1
194 254 2
194 284 2
195 347 13
196 279 1
196 309 1
196 363 1
197 294 1
197 399 1
198 202 57
199 389 2
199 391 2
200 254 1
200 315 1
201 237 1
201 335 2
201 384 1
201 388 1
202 286 6
203 367 1
203 399 1
204 262 2
204 323 1
204 382 1
205 247 1
205 306 1
206 264 11
207 325 2
207 366 1
208 288 3
209 289 1
209 404 1
210 332 1
210 334 1
211 234 1
211 379 1
212 313 1
212 326 1
213 326 1
213 404 1
214 334 1
215 221 1
215 387 1
217 280 1
217 358 1
218 336 1
218 386 1
219 273 1
219 344 1
219 407 1
220 404 1
221 255 1
222 295 13
224 256 1
224 372 1
225 410 1
225 413 1
226 369 2
226 387 1
227 306 1
228 403 1
229 370 30
230 231 1
230 360 1
231 360 1
232 311 1
232 372 1
234 260 1
235 287 1
236 367 1
237 384 1
238 249 1
238 393 1
239 296 1
239 328 1
240 260 1
241 251 1
241 391 1
242 270 1
242 291 1
242 292 1
243 349 1
246 247 1
247 306 1
247 324 1
247 341 1
248 351 2
249 393 1
250 321 1
250 365 1
251 302 1
252 376 148
253 320 1
253 328 1
253 342 1
254 315 1
255 415 1
257 279 1
259 345 1
259 360 1
261 296 1
263 349 1
264 401 4
265 308 1
265 371 1
266 310 1
266 313 1
267 282 1
268 270 1
269 362 1
269 373 1
269 384 1
271 352 1
272 406 1
273 407 1
274 357 2
275 347 3
275 383 1
276 303 50
276 405 48
276 416 5
277 401 2
278 309 1
279 363 1
280 358 1
281 294 1
281 380 1
283 370 13
284 362 1
285 344 1
288 343 1
288 373 4
290 397 1
292 305 2
292 310 1
293 303 3
293 330 1
294 380 1
295 361 18
298 342 1
298 377 1
299 418 1
300 385 1
302 333 4
303 330 4
303 390 2
304 415 1
305 313 2
307 401 3
308 398 1
310 313 1
310 338 1
312 398 1
313 338 1
314 381 1
315 395 2
316 345 1
318 355 5
319 417 2
320 323 1
321 386 1
322 402 1
324 341 1
329 400 1
332 334 1
335 384 1
335 388 1
336 349 1
337 415 1
339 368 1
340 364 1
342 377 1
343 348 1
346 354 1
347 374 25
349 386 1
351 398 1
353 371 1
355 361 17
355 417 14
356 408 1
367 399 1
368 386 1
369 387 1
372 414 1
376 378 135
383 392 2
385 399 1
389 391 1
389 419 1
396 412 2
410 413 1



618 0 93 ozan
1058 0 107 cormoranche-sur-saone
129 0 20 plagne-01
1406 0 138 tossiat
88 0 14 pouillat
698 0 65 torcieu
3500 0 210 replonges
243 0 17 corcelles
2143 0 82 peron
466 0 37 relevant
927 0 54 chaveyriat
1169 0 142 vaux-en-bugey
668 0 59 maillat
681 0 60 faramans-01
373 0 36 beon-01
1375 0 436 saint-bernard-01
148 0 18 rossillon
2627 0 234 pont-d-ain
3713 0 290 nantua
680 0 41 chavannes-sur-reyssouze
1504 0 56 neuville-les-dames
63 0 22 flaxieu
306 0 10 hotonnes
1061 0 116 saint-sorlin-en-bugey
130 0 6 songieu
309 0 18 virieu-le-petit
2178 0 834 saint-denis-en-bugey
911 0 137 charnoz-sur-ain
1464 0 66 chazey-sur-ain
118 0 9 marchamp
2909 0 150 culoz
288 0 26 mantenay-montlin
2182 0 54 marboz
1912 0 47 foissiat
2204 0 55 treffort-cuisiat
201 0 26 izieu
2441 0 86 saint-etienne-du-bois-01
4044 0 80 hauteville-lompnes
1877 0 44 saint-trivier-sur-moignans
171 0 28 peyriat
140 0 11 evosges
1644 0 83 poncin
269 0 20 crans-01
3457 0 269 montreal-la-cluse
135 0 17 cleyzieu
122 0 10 lompnieu
1208 0 69 villereversure
1651 0 58 saint-martin-du-mont-01
8914 0 912 saint-genis-pouilly
94 0 19 bolozon
1157 0 63 confrancon
91 0 12 lochieu
706 0 52 chanoz-chatenay
1153 0 79 villebois
265 0 26 ceignes
2776 0 111 saint-didier-sur-chalaronne
788 0 101 revonnas
1173 0 130 bourg-saint-christophe
756 0 34 condeissiat
360 0 27 pirajoux
2322 0 70 chalamont
540 0 27 plantay
332 0 17 versailleux
1646 0 119 montagnat
380 0 58 vieu
2991 0 144 saint-andre-de-corcy
709 0 91 bressolles-01
6054 0 344 peronnas
115 0 19 colomieu
599 0 55 monthieux
744 0 27 saint-jean-sur-reyssouze
656 0 76 garnerans
2362 0 229 montrevel-en-bresse
104 0 6 conand
179 0 23 challes-la-montagne
727 0 84 mogneneins
1540 0 1149 thoissey
1165 0 68 chaleins
1571 0 79 neuville-sur-ain
1070 0 207 thil-01
2097 0 136 jujurieux
91 0 11 oncieu
393 0 81 lurcy
2348 0 130 balan-01
729 0 139 ambutrix
534 0 50 sainte-croix-01
886 0 95 blyes
135 0 18 conzieu
1488 0 142 nievroz
1058 0 54 nurieux-volognat
116 0 19 ambleon
2498 0 98 saint-maurice-de-gourdans
434 0 9 chezery-forens
1043 0 185 sault-brenaz
241 0 37 murs-et-gelignieux
138 0 5 petit-abergement
625 0 31 cormoz
443 0 52 saint-martin-de-bavel
1013 0 61 saint-trivier-de-courtes
321 0 18 boyeux-saint-jerome
1818 0 113 chateau-gaillard
234 0 30 premeyzel
163 0 11 arandas
352 0 23 chatenay-01
114 0 8 innimond
496 0 67 boz
893 0 72 briord
4093 0 260 reyrieux
652 0 30 matafelon-granges
209 0 26 drom
3120 0 82 chatillon-en-michaille
2403 0 119 polliat
526 0 49 vesancy
2428 0 783 massieux
1636 0 96 saint-cyr-sur-menthon
119 0 14 serrieres-sur-ain
143 0 17 nivollet-montgriffon
2278 0 109 izernore
880 0 35 saint-nizier-le-desert
1308 0 290 guereins
570 0 27 illiat
301 0 20 trancliere
1792 0 274 saint-didier-de-formans
139 0 43 merignat
399 0 27 saint-eloi-01
341 0 25 chapelle-du-chatelard
1421 0 100 saint-jean-de-niost
1204 0 81 savigneux-01
564 0 54 nattages
773 0 35 saint-benoît-01
962 0 182 douvres
1323 0 97 francheleins
1996 0 110 dortan
387 0 23 saint-germain-les-paroisses
9066 0 370 miribel-01
1052 0 108 lancrans
1631 0 99 echenevex
1082 0 96 saint-jean-sur-veyle
484 0 35 billiat
221 0 24 abergement-de-varey
1383 0 51 villeneuve-01
4399 0 178 villars-les-dombes
324 0 12 thezillieu
531 0 38 saint-etienne-sur-reyssouze
261 0 19 souclin
881 0 260 saint-just-01
1362 0 68 civrieux
421 0 53 argis
425 0 88 talissieu
236 0 14 birieux
715 0 72 saint-julien-sur-veyle
5205 0 179 thoiry-01
1130 0 109 laiz
374 0 47 cressin-rochefort
139 0 27 saint-champ
197 0 34 saint-georges-sur-renon
257 0 38 lantenay-01
285 0 27 vernoux
859 0 45 cormaranche-en-bugey
1482 0 321 sainte-euphemie
624 0 44 beaupont
1158 0 167 brens-01
250 0 25 ramasse
8160 0 240 divonne-les-bains
569 0 49 leaz
385 0 41 villes
668 0 88 saint-julien-sur-reyssouze
353 0 48 groslee
619 0 65 vandeins
250 0 48 verjon
1079 0 44 saint-andre-sur-vieux-jonc
543 0 60 saint-andre-d-huiriat
762 0 101 grilly
3992 0 624 cessy
141 0 9 ordonnaz
208 0 16 vescours
1298 0 73 meillonnas
903 0 272 geovreisset
929 0 47 ceyzerieu
925 0 197 beard-geovreissiat
72 0 6 burbanche
826 0 74 perrex
632 0 45 villemotier
1552 0 81 jasseron
602 0 26 corveissiat
324 0 133 journans
669 0 40 sermoyer
294 0 16 charix
480 0 36 arbignieu
153 0 16 leyssard
710 0 44 saint-jean-de-thurigneux
1984 0 248 frans
1120 0 85 tenay
3040 0 76 bage-la-ville
3823 0 918 montmerle-sur-saone
507 0 34 courmangoux
572 0 64 baneins
6756 0 247 lagnieu
2936 0 157 attignat
635 0 235 saint-andre-de-bage
2205 0 292 pont-de-vaux
13835 0 562 amberieu-en-bugey
473 0 54 peyzieux-sur-saone
1862 0 67 crozet-01
942 0 392 seyssel-01
4475 0 420 beynost
2144 0 364 versonnex-01
1749 0 3300 saint-laurent-sur-saone
1126 0 300 artemare
967 0 66 montracol
360 0 65 parves
168 0 34 pugieu
1156 0 92 virieu-le-grand
906 0 122 saint-remy-01
641 0 67 rance
1899 0 127 grieges
161 0 22 grand-corent
256 0 43 outriaz
495 0 79 montagnieu-01
765 0 42 champagne-en-valromey
1616 0 101 amberieux-en-dombes
2928 0 311 boisse-01
1095 0 348 parcieux
863 0 56 saint-didier-d-aussiat
703 0 24 saint-nizier-le-bouchoux
1367 0 248 ars-sur-formans
994 0 33 anglefort
124 0 22 corlier
8025 0 1678 ferney-voltaire
709 0 68 saint-maurice-de-remens
1562 0 111 chatillon-la-palud
142 0 26 saint-sulpice-01
123 0 13 saint-bois
855 0 108 virignin
36 0 4 premillieu
609 0 149 genouilleux
929 0 97 reyssouze
1897 0 116 collonges
480 0 42 saint-germain-de-joux
832 0 75 bregnier-cordon
790 0 61 saint-martin-le-chatel
148 0 41 marignieu
637 0 67 neyrolles
569 0 52 sulignat
724 0 39 beny
1055 0 35 injoux-genissiat
617 0 34 chanay
4922 0 273 chatillon-sur-chalaronne
854 0 59 farges-01
163 0 20 saint-alban-01
702 0 56 curtafond
6006 0 133 viriat
321 0 18 belleydoux
796 0 904 bage-le-chatel
303 0 41 sainte-olive
408 0 35 saint-genis-sur-menthon
473 0 31 domsure
644 0 29 chavannes-sur-suran
1488 0 94 priay
821 0 58 peyrieu
239 0 15 lalleyriat
1977 0 208 sergy-01
1077 0 56 saint-martin-du-frene
3865 0 552 saint-maurice-de-beynost
1184 0 90 servas-01
407 0 83 cuzieu-01
1049 0 64 jayat
148 0 23 lavours
933 0 54 chevroux
157 0 42 pollieu
2905 0 218 beligneux
92 0 9 brenaz
275 0 17 benonces
1609 0 104 saint-jean-le-vieux-01
870 0 925 beauregard-01
22650 0 626 oyonnax
2077 0 105 mionnay
145 0 15 germagnat
1154 0 68 coligny
650 0 39 simandre-sur-suran
784 0 49 abergement-clemenciat
683 0 34 lescheroux
3531 0 626 ornex
841 0 48 dommartin-01
149 0 11 lompnas
724 0 214 bettant
20 0 2 armix
3115 0 208 feillens
199 0 25 chavornay
1225 0 141 challex
74 0 36 vongnes
419 0 67 magnieu
1143 0 180 groissiat
389 0 81 dompierre-sur-chalaronne
6999 0 174 montluel
422 0 23 poizat
82 0 7 hostiaz
330 0 24 montanges
889 0 79 sainte-julie
245 0 88 bey-01
320 0 22 sonthonnax-la-montagne
2072 0 108 mezeriat
3537 0 451 bellignat
1212 0 104 saint-marcel-01
8755 0 390 belley
1176 0 37 corbonod
2472 0 461 neyron
1551 0 59 saint-paul-de-varax
224 0 37 pressiat
744 0 70 chazey-bons
160 0 20 servignat
887 0 52 marlieux
340 0 48 andert-et-condon
773 0 35 hautecourt-romaneche
1722 0 142 crottet
1134 0 54 druillat
1226 0 42 dompierre-sur-veyle
1204 0 63 perouges
950 0 63 rignieux-le-franc
162 0 17 giron
741 0 60 cerdon-01
818 0 69 cruzilles-les-mepillat
225 0 12 lelex
59 0 16 lhopital
1649 0 508 segny
157 0 25 cheignieu-la-balme
957 0 44 saint-vulbas
772 0 27 echallon
244 0 15 montellier
1604 0 121 martignat
2738 0 292 ceyzeriat
665 0 99 montcet
2790 0 156 vonnas
1669 0 163 buellas
1161 0 70 saint-benigne
162 0 24 chevillard
309 0 11 bouligneux
539 0 38 contrevoz
464 0 26 champdor
847 0 199 port-01
78 0 18 surjoux
677 0 20 champfromier
91 0 23 vesines
138 0 14 seillonnaz
521 0 65 varambon
109 0 3 grand-abergement
5976 0 1242 jassans-riottier
73 0 15 asnieres-sur-saone
404 0 87 condamine-01
854 0 34 lhuis
587 0 26 romans-01
777 0 69 pizay
1445 0 90 certines
202 0 14 ruffieu
7268 0 528 meximieux
2164 0 75 saint-rambert-en-bugey
2362 0 70 ambronay
170 0 37 cize-01
236 0 14 saint-germain-sur-renon
673 0 34 villette-sur-ain
4099 0 616 dagneux
288 0 31 boissey-01
284 0 36 salavre
517 0 115 brion-01
204 0 23 labalme
1078 0 570 sauverny
1164 0 116 montceaux
544 0 22 brenod
1762 0 237 miserieux
5980 0 495 prevessin-moens
1328 0 42 lent-01
1005 0 54 marsonnas
1924 0 152 manziat
6730 0 1178 trevoux-01
11790 0 773 bellegarde-sur-valserine
40088 0 1680 bourg-en-bresse
525 0 45 confort
5405 0 429 saint-denis-les-bourg
608 0 63 massignieu-de-rives
1468 0 69 saint-etienne-sur-chalaronne
811 0 34 bohas-meyriat-rignat
1235 0 211 chevry-01
2137 0 259 fareins
799 0 116 gorrevod
88 0 20 valeins
693 0 29 vieu-d-izenave
769 0 162 toussieux
399 0 22 arbigny
952 0 103 malafretaz
718 0 51 samognat
1256 0 90 cras-sur-reyssouze
1209 0 203 messimy-sur-saone
802 0 103 pougny-01
524 0 18 sandrans
1593 0 821 pont-de-veyle
379 0 17 mijoux
1496 0 121 saint-jean-de-gonville
316 0 33 saint-andre-le-bouchoux
820 0 64 chaneins
223 0 13 joyeux
1674 0 129 tramoyes
797 0 69 biziat
164 0 12 izenave
514 0 25 belmont-luthezieu
3476 0 147 arbent
235 0 12 sutrieu
1174 0 146 serrieres-de-briord
302 0 13 aranc
127 0 27 chaley
456 0 19 curciat-dongalon
2645 0 124 loyettes
10372 0 323 gex
266 0 29 courtes
445 0 41 bereziat
292 0 14 lapeyrouse-01
363 0 24 apremont-01
3095 0 194 villieu-loyes-mollon
1273 0 89 leyment
803 0 66 etrez
