404
580



1 194 1
1 399 1
2 242 1
2 283 1
3 29 1
3 339 1
4 365 1
4 366 1
5 7 1
5 26 1
6 72 1
6 133 1
6 336 1
6 371 1
7 68 1
7 170 1
8 62 1
8 188 1
9 124 4
9 221 5
9 292 2
10 230 1
10 389 1
11 22 1
11 319 7
12 157 1
12 169 1
12 301 1
13 108 1
13 402 1
14 144 1
14 326 1
14 403 1
15 320 1
15 373 1
16 300 1
16 349 1
17 120 1
17 219 1
17 245 1
18 27 1
18 76 1
18 153 1
19 34 14
19 379 32
20 76 1
20 170 1
20 387 1
20 393 1
21 34 2
21 79 7
21 276 2
22 88 1
22 243 1
23 143 1
23 396 1
24 113 1
24 205 1
25 159 1
25 262 1
26 333 1
26 356 1
26 387 1
27 29 1
28 78 1
28 353 1
29 153 1
29 339 1
30 54 1
30 134 1
30 259 1
31 152 1
31 174 1
31 272 1
31 311 1
32 86 1
32 234 1
32 289 1
33 350 1
33 354 1
35 56 1
35 319 16
36 40 1
36 120 1
36 197 1
36 241 1
36 249 1
37 131 1
37 293 1
37 376 1
38 264 1
38 328 1
38 355 1
39 394 1
39 400 1
40 120 1
40 154 1
40 245 1
40 382 1
41 314 1
41 403 1
42 173 1
42 177 1
42 279 1
42 289 1
42 317 1
43 67 1
43 244 1
44 182 1
44 275 1
45 268 1
45 357 1
46 297 1
46 321 1
46 400 1
47 51 2
47 319 44
47 335 2
48 223 1
48 354 1
49 292 1
49 398 1
50 214 1
50 306 1
51 313 1
52 120 1
52 205 1
52 256 1
52 384 1
53 83 1
53 155 1
54 259 1
54 340 1
54 392 1
55 125 1
55 169 1
56 64 1
56 258 1
57 114 1
57 342 1
58 185 1
58 323 1
59 73 1
59 129 1
59 132 1
60 223 1
60 227 1
60 368 1
61 290 1
61 327 1
62 212 1
63 94 1
63 286 1
64 216 1
64 258 1
65 259 1
65 280 1
66 142 1
66 230 1
67 91 1
67 244 1
67 252 1
68 180 1
68 368 1
69 315 1
69 352 1
70 142 1
70 370 1
71 80 1
71 138 1
71 255 1
71 387 1
72 106 1
72 147 1
72 208 1
72 275 1
72 401 1
73 129 1
73 132 1
74 246 1
74 367 1
74 380 1
75 238 1
75 245 1
76 153 1
77 214 1
77 285 1
77 306 1
78 262 1
78 265 1
79 345 17
79 360 182
80 138 1
80 387 1
81 200 1
81 288 1
82 104 1
82 261 1
82 322 1
83 100 1
84 166 1
84 312 1
85 186 1
85 318 1
86 284 1
86 304 1
86 341 1
87 202 2
87 366 1
88 243 1
89 277 1
89 287 1
90 158 1
90 201 1
90 291 1
91 161 1
91 252 1
91 264 1
92 330 1
92 334 1
93 113 1
93 184 1
93 232 1
93 312 1
94 151 1
95 211 1
95 297 1
96 135 1
96 341 1
97 344 1
97 361 1
97 363 1
98 176 1
98 365 2
99 101 1
99 134 1
99 235 1
99 265 1
99 316 1
99 353 1
100 155 1
100 203 1
100 299 1
101 207 1
102 195 2
102 303 1
103 185 1
103 331 1
103 351 1
104 261 1
105 164 1
105 253 1
106 208 1
107 144 1
107 189 1
108 217 1
108 404 1
109 157 1
109 209 1
109 393 1
110 112 1
110 207 1
110 235 1
111 325 1
111 375 1
112 179 1
112 295 1
113 118 1
113 190 1
113 256 1
114 209 1
114 342 1
115 214 1
115 290 1
115 327 1
116 178 1
116 189 1
116 232 1
116 274 1
116 277 1
117 250 1
117 398 2
118 232 1
119 276 1
119 329 1
119 345 2
121 184 1
121 213 1
122 347 1
122 376 1
123 133 1
123 336 1
124 221 7
125 169 1
125 301 1
126 266 1
126 359 1
127 226 1
127 340 1
128 174 1
128 213 1
128 397 1
129 343 1
130 210 1
130 254 1
130 293 1
130 294 1
131 250 1
131 293 1
132 172 1
133 211 1
133 276 1
134 265 1
134 295 1
135 344 1
135 361 1
136 191 1
136 210 1
136 257 1
137 166 1
137 231 2
138 308 1
139 147 1
139 156 1
139 182 1
140 294 1
140 350 1
141 238 1
141 298 2
142 346 1
143 396 1
144 403 1
145 269 1
145 326 1
145 403 1
146 188 1
146 309 1
146 333 1
147 329 1
148 206 1
148 317 1
149 200 1
149 288 1
150 251 1
150 260 1
150 307 1
151 321 1
151 369 1
151 394 1
152 220 1
153 311 1
154 337 1
155 203 1
155 295 1
156 401 1
157 315 1
158 201 1
159 262 1
160 259 1
160 280 1
161 355 1
162 227 1
162 339 1
163 249 1
163 337 1
164 253 1
164 403 1
165 229 2
165 319 27
166 231 1
166 272 1
167 260 1
167 385 1
168 286 1
168 321 1
169 301 1
169 393 1
171 234 1
171 376 1
172 373 1
173 317 1
174 272 1
175 327 1
175 357 1
176 296 1
176 300 1
177 304 3
177 344 1
178 277 1
178 391 1
179 239 1
179 295 1
180 358 1
180 368 1
181 194 1
181 310 1
181 399 1
182 275 1
183 281 14
183 303 2
185 331 1
186 316 1
186 353 1
187 233 1
187 389 1
188 350 1
190 222 1
191 193 1
191 202 2
192 217 1
192 351 1
193 237 1
194 213 1
195 290 1
196 220 1
196 377 13
197 249 1
198 337 1
198 364 1
199 221 16
199 247 26
199 332 6
199 354 4
200 288 1
201 291 1
202 300 1
202 319 47
203 299 1
204 229 1
204 267 1
205 346 1
205 388 1
206 215 1
207 235 1
210 349 1
211 224 1
212 343 1
215 236 1
215 278 1
215 282 1
216 248 1
216 267 1
217 404 1
218 263 1
218 343 1
219 256 1
220 227 1
222 225 1
222 325 1
222 391 1
223 227 1
224 371 1
225 391 1
226 321 1
227 311 1
228 304 1
228 344 1
229 319 14
230 264 1
230 328 1
231 298 1
232 274 1
233 386 1
233 389 1
234 401 1
235 295 1
235 367 1
236 313 1
236 338 1
237 248 1
237 343 1
238 268 1
239 367 1
240 344 1
240 363 1
241 374 1
241 384 1
242 305 1
242 364 1
244 252 1
244 359 1
245 382 1
246 380 1
247 360 154
248 267 1
248 343 1
250 293 1
251 330 1
251 352 1
252 359 1
252 370 1
253 302 1
253 314 1
254 292 1
255 356 1
257 263 1
258 366 1
260 314 1
260 315 1
260 324 1
261 262 1
261 265 1
262 265 1
264 328 1
265 318 1
266 287 1
266 348 1
268 285 1
268 305 1
269 403 1
270 291 1
270 310 1
270 399 1
271 291 1
271 375 1
271 399 1
272 312 1
272 397 1
273 324 1
273 385 1
274 287 1
275 401 1
278 282 1
278 338 1
279 317 1
280 402 1
281 379 24
281 383 10
282 338 1
283 364 1
283 382 1
284 362 1
285 306 1
285 364 1
285 395 1
286 321 1
286 369 1
287 348 1
287 378 1
291 399 1
295 331 1
296 347 1
297 321 1
298 357 1
299 351 1
300 349 1
302 334 1
302 352 1
303 383 2
304 341 1
304 344 2
304 345 10
307 324 1
308 320 1
309 358 1
314 315 1
314 352 1
315 324 1
315 403 1
316 353 1
319 335 12
320 373 1
322 392 1
323 390 1
325 372 1
325 391 1
327 395 1
330 334 1
332 354 1
333 381 1
335 365 1
337 382 1
356 381 1
359 378 1
361 390 1
362 396 1
367 380 1
372 391 1
374 386 1
374 388 1



344 0 25 saint-front-16
306 0 35 eymouthiers
297 0 28 saint-ciers-sur-bonnieure
789 0 65 bourg-charente
199 0 25 chapelle-16
507 0 19 perignac-16
321 0 26 amberac
420 0 37 saint-amant-de-nouere
2060 0 345 linars
1078 0 52 exideuil
635 0 173 javrezac
343 0 26 salles-de-villefagnan
166 0 19 deviat
609 0 42 verteuil-sur-charente
122 0 13 barbezieres
1099 0 72 saint-meme-les-carrieres
515 0 23 vitrac-saint-vincent
1565 0 272 mansle
9561 0 749 soyaux
800 0 65 luxe
1603 0 189 voeuil-et-giget
876 0 80 saint-laurent-de-cognac
187 0 21 vignolles
2527 0 54 roumazieres-loubert
81 0 13 nabinaud
594 0 32 marcillac-lanville
399 0 71 fontclaireau
204 0 22 essards-16
490 0 60 puyreaux
683 0 25 saint-amant
495 0 42 coulgens
447 0 28 touzac-16
815 0 61 marsac-16
2430 0 334 puymoyen
1388 0 194 boutiers-saint-trojan
386 0 16 massignac
3418 0 142 chateauneuf-sur-charente
1052 0 22 brigueuil
770 0 26 torsac
682 0 42 montemboeuf
3545 0 265 ruffec-16
428 0 28 criteuil-la-magdeleine
380 0 14 oradour-fanais
127 0 35 angeduc
384 0 30 rancogne
442 0 18 magnac-lavalette-villars
3829 0 287 chateaubernard
1940 0 70 vars-16
813 0 192 trois-palis
113 0 10 mainzac
712 0 62 ars-16
610 0 41 genouillac-16
97 0 12 saint-laurent-des-combes-16
399 0 16 juignac
140 0 31 saint-groux
1022 0 62 nercillac
261 0 18 tusson
124 0 8 boisbreteau
202 0 24 anville
1398 0 62 saint-amant-de-boixe
933 0 59 bouex
816 0 38 saint-cybardeaux
120 0 5 combiers
626 0 56 reparsac
176 0 65 saint-eutrope
952 0 19 saint-maurice-des-lions
638 0 15 brillac
149 0 49 coulonges-16
149 0 21 raix
827 0 26 ansac-sur-vienne
1076 0 163 aigre
835 0 77 blanzac-porcheresse
152 0 17 montigne
153 0 26 medillac
517 0 27 yvrac-et-malleyrand
446 0 47 cellettes-16
303 0 13 feuillade-16
378 0 25 bonnes-16
7123 0 247 couronne
571 0 33 villejesus
337 0 37 graves-saint-amant
131 0 12 montignac-le-coq
140 0 15 saint-martial-16
446 0 21 pins
66 0 10 courlac
372 0 20 saint-bonnet
605 0 116 metairies
1039 0 103 louzac-saint-andre
352 0 16 benest
203 0 17 poursac
479 0 13 lesterps
211 0 19 foret-de-tesse
552 0 13 cellefrouin
353 0 23 charras
139 0 19 juillaguet
564 0 17 condeon
774 0 42 touverac
2143 0 60 segonzac-16
1844 0 104 chalais-16
118 0 14 saint-felix-16
123 0 24 curac
1871 0 96 garat
208 0 14 chillac
247 0 28 palluaud
492 0 44 adjots
148 0 16 cressac-saint-genis
167 0 10 bouchage-16
114 0 10 bessac
368 0 32 charme-16
253 0 31 bardenac
34 0 14 saint-sulpice-de-ruffec
144 0 7 saint-vallier-16
920 0 38 nieuil
148 0 19 besse-16
668 0 41 vouzan
963 0 42 champagne-mouton
1175 0 117 sireuil
1070 0 40 saint-claud
936 0 62 claix-16
432 0 14 cherves-chatelars
123 0 12 ventouse
269 0 19 bonneuil-16
266 0 19 voulgezac
3277 0 1332 saint-michel-16
338 0 35 fontenille
90 0 19 saint-germain-de-confolens
99 0 14 vaux-lavalette
338 0 31 saint-amant-de-bonnieure
206 0 19 sonneville
735 0 42 moulidars
470 0 74 mosnac-16
299 0 17 auge-saint-medard
525 0 31 chadurie
402 0 15 montboyer
662 0 29 reignac-16
718 0 38 merignac-16
1489 0 69 taponnat-fleurignac
455 0 14 saint-fraigne
191 0 20 mainfonds
433 0 37 douzat
2997 0 415 rochefoucauld
574 0 28 manot
118 0 16 ladiville
1471 0 21 nanteuil-en-vallee
366 0 34 barro
723 0 27 genac
230 0 27 champagne-vigny
282 0 20 saint-palais-du-ne
317 0 112 vibrac-16
127 0 19 magdeleine
441 0 14 rougnac
750 0 29 jauldes
467 0 49 maine-de-boixe
343 0 19 lindois
215 0 22 chatignac
190 0 20 etriac
161 0 66 tuzie
54 0 24 saint-georges-16
230 0 22 laprade-16
366 0 36 saint-laurent-de-belzagot
315 0 13 saint-christophe-16
332 0 42 villejoubert
285 0 17 roussines-16
586 0 39 taize-aizie
2399 0 63 cherves-richemont
828 0 44 agris
126 0 15 empure
259 0 21 blanzaguet-saint-cybard
185 0 21 juille-16
370 0 40 villognon
333 0 28 birac-16
350 0 24 verdille
187 0 36 ambleville-16
713 0 65 saint-angeau
941 0 62 pranzac
694 0 68 mainxe
905 0 40 barret
136 0 14 vieux-cerier
152 0 10 guizengeard
295 0 56 xambes
102 0 24 moutonneau
150 0 18 aubeville
3054 0 390 magnac-sur-touvre
104 0 14 tache
265 0 14 oriolles
155 0 28 orival-16
879 0 37 chassenon
883 0 46 saint-genis-d-hiersac
116 0 9 vieux-ruffec
278 0 23 lussac-16
606 0 40 foussignac
299 0 22 challignac
983 0 44 sigogne
234 0 25 mouton
1536 0 52 dirac
4002 0 117 brie-16
96 0 12 verneuil-16
230 0 22 orgedeuil
7025 0 479 saint-yrieix-sur-charente
204 0 54 saint-simon-16
151 0 14 chenon
4434 0 369 jarnac
121 0 16 sainte-souline
409 0 62 mesnac
501 0 58 peruse
362 0 27 verrieres-16
163 0 15 brie-sous-chalais
119 0 28 saint-leger-16
241 0 23 souvigne-16
572 0 75 bassac
316 0 18 charmant
1833 0 62 rouillac-16
231 0 21 valence-16
296 0 10 grassac
668 0 45 juillac-le-coq
531 0 29 sainte-severe
117 0 18 brie-sous-barbezieux
151 0 37 plaizac
2986 0 89 chasseneuil-sur-bonnieure
584 0 59 anais-16
3629 0 288 fleac
156 0 18 grand-madieu
715 0 82 montignac-charente
224 0 22 chavenat
131 0 11 parzac
190 0 11 gurat
749 0 110 tourriers
472 0 37 guimps
1270 0 53 saint-sulpice-de-cognac
555 0 24 chabrac
1833 0 85 rivieres-16
778 0 26 saint-laurent-de-ceris
413 0 14 pressignac
420 0 32 malaville
516 0 22 yviers
1081 0 49 salles-d-angles
655 0 55 courbillac
767 0 52 marillac-le-franc
98 0 8 sauvignac
196 0 21 lamerac
133 0 12 mouzon-16
363 0 34 vouthon
1007 0 96 merpins
496 0 14 abzac-16
414 0 29 saint-adjutory
189 0 51 saint-avit-16
5937 0 796 gond-pontouvre
390 0 54 houlette
77 0 10 sauvagnac
525 0 55 champmillon
122 0 25 villiers-le-roux
489 0 16 esse-16
477 0 56 bernac-16
1086 0 147 hiersac
200 0 13 oradour-16
377 0 31 suaux
234 0 107 fleurac-16
447 0 70 julienne
1059 0 88 montmoreau-saint-cybard
1049 0 44 villefagnan
817 0 54 saint-severin
418 0 174 aubeterre-sur-dronne
298 0 22 vaux-rouillac
523 0 19 saulgond
541 0 23 saint-romain-16
244 0 9 hiesse
519 0 33 breville
846 0 75 saint-sornin-16
228 0 14 bioussac
134 0 37 bayers
168 0 15 couture-16
556 0 50 rochette-16
216 0 14 longre
411 0 13 ambernac
396 0 23 pereuil
2473 0 71 mouthiers-sur-boeme
217 0 11 saint-coutant-16
414 0 60 saint-fort-sur-le-ne
187 0 45 lagarde-sur-le-ne
212 0 11 courgeac
7370 0 691 ruelle-sur-touvre
507 0 35 angeac-champagne
624 0 25 ecuras
297 0 36 saint-medard-16
603 0 47 marthon
260 0 15 edon
535 0 11 alloue
369 0 34 angeac-charente
617 0 37 lignieres-sonneville
783 0 55 sers-16
154 0 34 chenommet
1319 0 98 saint-saturnin-16
566 0 60 saint-simeux
491 0 32 echallat
530 0 24 brossac
302 0 24 saint-preuil
576 0 21 ronsenac
1147 0 67 saint-projet-saint-constant
80 0 8 poullignac
523 0 95 gondeville
163 0 21 lonnes
132 0 19 saint-martin-du-clocher
1114 0 122 touvre
4768 0 179 barbezieux-saint-hilaire
355 0 37 vilhonneur
145 0 15 souffrignac
161 0 21 theil-rabier
125 0 10 gours-16
233 0 29 bignac
87 0 17 licheres
449 0 25 aussac-vadalle
373 0 17 saint-mary
745 0 100 gimeux
617 0 45 faye-16
432 0 22 courcome
283 0 22 saint-quentin-de-chalais
299 0 31 chaise-16
166 0 18 bellon
18557 0 1197 cognac
123 0 10 lupsault
733 0 101 villebois-lavalette
256 0 13 pillac
133 0 10 bors-(canton-de-baignes-sainte-radegonde)
415 0 16 paizay-naudouin-embourie
166 0 12 chassiecq
231 0 29 villegats-16
1500 0 58 chazelles-16
975 0 33 etagnac
370 0 30 plassac-rouffiac
256 0 31 montjean-16
246 0 16 passirac
1303 0 135 balzac
639 0 49 gourville
256 0 26 londigny
1030 0 110 saint-brice-16
281 0 33 becheresse
243 0 16 rouzede
897 0 77 gente
201 0 35 nanclars
365 0 18 salles-lavalette
454 0 46 salles-de-barbezieux
156 0 15 ebreon
406 0 35 mareuil-16
522 0 36 montchaude
3939 0 94 roullet-saint-estephe
739 0 21 chirac-16
334 0 27 bouteville
216 0 13 epenede
455 0 71 triac-lautrait
1167 0 55 asnieres-sur-nouere
329 0 19 berneuil-16
139 0 30 chevrerie
115 0 11 rouffiac-16
996 0 91 vindelle
301 0 13 montrollet
262 0 13 mons-16
474 0 35 bunzac
328 0 30 vouharte
594 0 17 lessac
41613 0 1904 angouleme
1326 0 42 baignes-sainte-radegonde
130 0 44 viville
359 0 58 tatre
2158 0 49 montbron
1599 0 83 gensac-la-pallue
1153 0 87 chassors
234 0 16 rioux-martin
141 0 14 vervant-16
261 0 19 gardes-le-pontaroux
2711 0 142 confolens
261 0 20 aignes-et-puyperoux
276 0 26 beaulieu-sur-sonnette
182 0 14 ranville-breuillaud
177 0 8 lesignac-durand
142 0 14 saint-gourson
209 0 38 eraville
5168 0 114 champniers-16
395 0 11 pleuville
5284 0 888 isle-d-espagnac
158 0 32 bazac
156 0 15 bonneville-16
371 0 21 mazerolles-16
2227 0 94 mornac
100 0 17 mazieres
196 0 16 brettes
214 0 14 saint-quentin-sur-charente
440 0 26 fouqueure
287 0 25 suris
1877 0 125 chabanais
289 0 16 chantillac
90 0 12 turgon
245 0 15 bors-(canton-de-montmoreau-saint-cybard)
173 0 21 ligne-16
1312 0 47 dignac
489 0 32 saint-germain-de-montbron
200 0 28 nonaville
178 0 27 sainte-colombe-16
2398 0 259 nersac
370 0 77 aunac
660 0 22 fouquebrune
526 0 32 jurignac
306 0 14 nonac
468 0 48 condac
226 0 15 saint-aulais-la-chapelle
