50
77



1 3 12121
1 11 1208
2 3 54224
2 38 4518
3 9 3637
3 11 13230
3 30 5248
3 33 4222
3 38 36529
4 35 5098
4 36 268
5 6 2546
5 20 546
6 29 1041
7 12 669
7 16 638
8 11 10999
8 27 569
8 39 4369
9 10 2373
9 11 2913
9 16 583
10 41 1010
11 27 1805
11 30 2023
11 39 3001
12 16 5874
12 18 2487
13 32 2761
13 40 1267
14 30 7323
14 31 2265
15 26 1851
15 30 22744
15 31 6386
16 18 5687
16 33 5481
17 36 933
17 48 878
18 32 2787
18 41 399
19 46 1197
19 49 1032
20 21 3334
20 28 2069
21 28 1741
22 23 12724
22 24 5425
22 25 1487
23 24 12247
23 37 3033
24 25 1510
25 37 732
26 30 3565
28 29 3045
28 30 965
28 33 3816
30 31 43647
33 42 155073
33 46 140561
33 48 113690
33 49 115670
34 35 3351
34 37 1369
36 42 5855
36 45 4430
40 41 990
42 44 6061
43 44 4655
43 47 5488
43 50 5459
44 45 4832
44 50 5524
45 50 5604
46 47 6524
47 50 6621
48 49 4736



343304 0 4773 nice
141438 0 760 aix-en-provence
850726 0 3535 marseille
108954 0 4239 caen
151212 0 3741 dijon
116914 0 1797 besancon
141303 0 2854 brest
142205 0 878 nîmes
441802 0 3734 toulouse
239157 0 4845 bordeaux
257351 0 4524 montpellier
207178 0 4111 rennes
134817 0 3888 tours
155637 0 8584 grenoble
171260 0 2141 saint-etienne
284970 0 4371 nantes
114167 0 4154 orleans
147571 0 3455 angers
179992 0 3837 reims
105421 0 7023 nancy
120738 0 2878 metz
94713 0 7158 roubaix
227560 0 6533 lille
91923 0 6051 tourcoing
92005 0 2096 dunkerque
139860 0 3277 clermont-ferrand
117419 0 1724 perpignan
271782 0 3472 strasbourg
109588 0 4940 mulhouse
484344 0 10117 lyon
145150 0 9996 villeurbanne
142626 0 2700 le-mans
2243833 0 21288 paris
110933 0 5188 rouen
175497 0 3737 havre
86110 0 3289 versailles
133448 0 2698 amiens
164532 0 3840 toulon
89683 0 1381 avignon
87697 0 2082 poitiers
139150 0 1783 limoges
114205 0 18509 boulogne-billancourt
85398 0 10934 colombes
87469 0 20975 courbevoie
89185 0 7316 nanterre
102770 0 11521 montreuil-93
106785 0 8639 saint-denis-93
85413 0 7319 vitry-sur-seine
89985 0 7852 creteil
103125 0 5988 argenteuil
