47
60



1 18 1079
1 20 1049
1 27 1597
2 16 12
2 26 10
2 40 5
3 9 491
3 15 372
3 21 533
3 38 348
4 19 150
4 46 400
5 28 809
5 43 1461
6 10 327
6 14 118
7 37 2177
7 44 545
7 46 814
8 28 410
8 29 202
9 38 302
10 41 1283
11 35 277
11 42 939
12 17 99
12 25 269
12 31 171
13 14 70
13 25 182
14 25 159
14 34 29
14 39 111
15 35 211
16 17 30
16 34 14
17 25 152
17 26 26
17 40 14
19 31 124
19 46 243
20 29 286
20 32 351
22 39 843
22 41 3520
22 47 4184
23 33 18
23 38 65
24 37 1578
25 31 264
26 40 6
29 32 161
30 39 175
30 41 736
31 47 926
33 45 60
35 36 589
36 42 1996
44 45 246
45 46 371



53145 0 9524 fontenay-sous-bois
3724 0 375 santeny
30201 0 7743 haÿ-les-roses
19901 0 2871 limeil-brevannes
44201 0 12043 alfortville
19194 0 4443 plessis-trevise
40905 0 7533 choisy-le-roi
22396 0 24343 saint-mande
26248 0 7373 fresnes-94
27338 0 6313 villiers-sur-marne
26046 0 16912 kremlin-bicetre
16705 0 1868 boissy-saint-leger
11381 0 1242 queue-en-brie
9904 0 2904 ormesson-sur-marne
19775 0 8487 arcueil
4968 0 1082 marolles-en-brie-94
9598 0 1707 villecresnes
32520 0 8212 perreux-sur-marne
12081 0 2275 valenton
31637 0 11298 nogent-sur-marne
28248 0 10309 cachan
74816 0 6650 saint-maur-des-fosses
5662 0 1348 rungis
29653 0 4611 thiais
25820 0 2475 sucy-en-brie
4413 0 1337 mandres-les-roses
48471 0 25377 vincennes
29348 0 15863 charenton-le-pont
14512 0 10148 saint-maurice-94
15625 0 4664 bry-sur-marne
16513 0 2996 bonneuil-sur-marne
17802 0 7740 joinville-le-pont
5171 0 4658 ablon-sur-seine
4669 0 1039 noiseau
17097 0 14488 gentilly
55490 0 10391 villejuif
85413 0 7319 vitry-sur-seine
18498 0 4383 chevilly-larue
18049 0 3424 chennevieres-sur-marne
2311 0 828 perigny-94
75510 0 6682 champigny-sur-marne
57732 0 9464 ivry-sur-seine
52943 0 9895 maisons-alfort
21395 0 3198 orly
18479 0 2199 villeneuve-le-roi
32239 0 3684 villeneuve-saint-georges
89985 0 7852 creteil
