353
527



1 97 6
1 174 6
1 283 12
2 284 5
2 327 5
2 335 3
3 281 4
3 301 3
4 145 4
4 206 3
4 208 3
5 9 1
5 226 1
5 334 1
6 158 1
6 222 1
7 118 2
7 161 2
7 225 2
8 40 2
8 106 1
9 49 1
9 129 15
10 104 1
10 204 1
11 105 1
11 189 1
12 50 1
12 223 1
12 301 2
12 325 2
13 137 1
13 177 1
14 38 1
14 284 2
15 163 1
15 175 1
16 245 1
16 264 1
17 29 1726
17 99 2063
17 241 1351
17 282 931
18 233 9
18 318 5
19 97 1
19 105 1
19 154 1
19 238 1
20 266 1
20 307 1
21 156 1
21 353 1
22 43 1
22 274 1
23 176 1
23 252 1
24 190 1
24 345 1
25 281 20
25 301 13
26 208 2
26 253 2
26 255 2
27 299 1
27 310 1
28 119 5
28 263 4
28 314 3
28 352 2
29 33 303
30 97 1
30 152 1
31 33 15
31 195 8
31 319 3
32 88 8
32 171 2
32 303 6
33 319 13
34 75 1
34 294 1
35 90 8
35 187 12
36 168 1
36 245 1
37 51 1
37 149 1
38 315 1
39 171 1
39 338 1
40 41 8
40 143 2
40 248 1
40 274 7
40 275 2
40 281 7
41 283 6
41 314 4
42 189 3
42 300 3
42 341 6
43 248 1
44 102 3
44 186 11
44 229 4
45 66 2
45 87 1
46 219 1
46 234 1
47 194 3
47 222 1
47 349 1
48 207 1
48 284 3
48 304 1
49 286 1
49 334 1
50 223 1
51 216 6
51 279 5
52 141 2
52 280 2
52 348 8
53 179 1
53 190 1
54 57 16
54 115 53
55 120 4
55 294 5
55 298 1
56 104 1
56 204 1
56 236 1
57 196 19
58 123 1
58 308 1
59 272 50
59 289 15
59 300 9
60 162 5
60 199 5
60 262 6
61 232 1
61 304 1
62 127 1
62 242 1
62 321 1
63 121 1
63 270 1
64 72 8
64 239 2
64 323 2
65 97 1
65 247 1
65 290 2
65 340 1
66 180 4
66 198 2
66 224 4
67 114 1
67 182 1
67 311 1
68 113 3
68 116 4
68 129 36
69 166 1
69 303 5
70 86 1
70 273 2
70 328 4
71 225 2
71 305 4
72 239 6
72 254 16
72 323 7
73 148 1
73 256 1
74 93 2
74 115 12
75 200 1
75 347 1
76 155 1
76 222 1
77 91 9
77 126 17
77 197 1
78 124 1
78 351 1
79 204 1
79 251 1
80 145 1
80 347 4
81 84 1
81 188 11
82 280 1
82 313 1
83 101 10
83 173 6
83 263 6
83 341 8
84 142 1
84 188 11
85 109 1
85 150 1
85 258 1
86 151 1
87 180 1
88 171 11
88 309 4
89 265 1
89 312 1
90 187 6
91 134 3
91 237 2
92 188 13
92 327 4
92 339 1
93 302 3
94 299 1
94 305 3
94 350 2
95 215 1
95 275 1
95 324 1
96 183 1
96 337 1
97 154 1
98 113 3
98 234 2
99 101 44
99 140 38
100 204 3
100 212 14
100 331 16
102 192 3
102 193 1
103 137 1
103 165 1
104 326 1
105 309 1
106 301 1
107 176 1
107 351 1
108 171 5
108 227 2
108 247 4
108 290 6
109 211 1
110 165 1
110 295 1
111 127 1
111 199 1
112 167 1
112 182 1
112 295 1
112 311 1
113 129 23
114 217 1
115 320 35
116 316 2
117 171 2
117 214 1
118 161 2
119 314 3
120 126 4
120 278 1
120 347 4
121 274 3
121 324 3
122 150 1
122 245 1
122 264 1
123 211 1
123 349 1
124 351 1
125 180 2
125 187 4
125 273 2
126 128 2
126 159 1
126 206 3
127 242 1
128 159 1
128 160 1
129 188 157
129 334 16
130 253 4
130 255 5
130 260 19
131 169 1
131 285 1
131 308 1
132 268 1
132 292 1
133 169 1
133 277 1
133 291 3
134 318 2
134 344 9
135 288 1
135 297 1
136 144 1
136 335 1
137 177 1
137 313 1
138 141 1
138 144 1
138 220 1
139 188 26
139 210 1
139 327 7
140 170 12
140 344 16
141 335 2
141 338 1
142 317 1
143 248 1
144 220 1
145 208 1
146 152 1
146 238 1
147 178 11
147 212 14
147 331 13
148 161 2
148 225 2
148 302 3
149 287 1
150 201 1
150 211 2
150 258 1
150 264 1
150 330 2
151 328 4
152 238 1
153 305 1
153 306 1
155 158 1
156 207 1
156 290 1
157 243 3
157 316 1
158 336 1
159 160 1
161 261 1
161 266 1
162 164 1
162 199 1
162 328 4
162 330 1
162 342 1
163 175 1
163 188 17
163 327 4
163 329 1
164 201 1
165 177 3
165 254 4
165 291 4
166 303 3
167 182 1
168 245 1
169 234 1
169 285 1
169 349 1
170 344 23
172 270 1
172 274 2
173 341 5
174 213 1
174 283 2
174 325 2
175 329 1
176 252 1
176 293 1
177 317 3
178 212 6
179 218 7
179 257 8
180 198 2
180 244 1
180 273 3
181 326 1
181 331 1
183 211 2
183 249 1
183 307 3
183 321 1
184 263 2
184 352 1
185 210 1
185 315 1
185 339 1
186 225 5
186 229 5
186 320 15
187 273 5
188 297 17
188 317 23
189 263 3
189 341 3
190 298 1
191 269 1
191 271 1
192 218 7
192 345 5
193 252 1
194 349 2
195 224 9
195 319 7
196 230 27
197 278 1
198 224 2
200 347 3
201 258 1
202 230 21
202 233 18
202 344 34
203 246 4
203 348 13
204 236 1
204 331 2
205 244 1
205 279 1
206 209 1
206 237 1
206 255 1
206 346 1
208 274 2
208 322 1
209 346 1
212 268 2
213 215 1
214 227 1
215 314 1
216 262 3
216 299 3
217 226 1
217 297 1
217 334 1
218 257 6
218 345 4
219 333 1
219 349 1
220 313 1
221 265 1
221 306 1
221 310 1
225 320 7
228 279 2
228 328 4
231 279 2
231 328 5
231 330 1
232 304 1
233 318 5
234 269 1
234 349 1
235 240 1
235 336 1
236 251 1
237 255 2
238 340 1
239 302 3
239 307 2
240 243 1
241 282 47
243 316 3
243 334 3
244 259 1
246 250 7
246 348 7
248 275 1
249 342 1
250 276 51
250 332 21
252 293 1
253 260 6
256 302 2
257 318 4
259 273 1
260 324 16
261 266 1
262 287 1
262 299 2
265 267 1
265 306 1
265 312 1
267 312 1
268 292 1
270 274 1
270 322 1
271 291 1
271 296 1
272 276 92
276 332 58
277 307 2
277 323 1
280 348 7
281 301 5
283 314 3
283 325 4
284 304 1
284 335 5
285 308 1
286 334 1
288 343 1
289 303 12
290 353 1
291 296 2
291 323 4
294 345 2
295 311 1
297 343 1
299 310 1
299 350 2
300 303 7
300 341 4
305 350 5
305 351 1
307 337 1
314 324 4
316 336 1
317 343 2
328 330 5
333 349 1



7339 0 113 bain-de-bretagne
1958 0 58 domalain
2152 0 50 sixt-sur-aff
3566 0 71 plelan-le-grand
1043 0 57 fleurigne
1016 0 66 montours
1579 0 62 guipel
1058 0 37 saint-just-35
1214 0 148 beauce
358 0 26 rimou
870 0 97 petit-fougeray
1443 0 39 langon-35
626 0 124 landavran
900 0 51 moutiers-35
630 0 52 chapelle-erbree
1034 0 39 roz-sur-couesnon
207178 0 4111 rennes
3783 0 182 saint-gilles-35
1198 0 47 tresboeuf
807 0 63 andouille-neuville
341 0 30 chelun
465 0 38 brulais
1146 0 77 chapelle-chaussee
936 0 65 landujan
9592 0 635 redon
1951 0 77 baulon
708 0 64 plesder
2735 0 75 plechatel
46342 0 1266 saint-malo
997 0 38 teillay
2329 0 226 saint-lunaire
1602 0 63 amanlis
10579 0 1349 dinard
1132 0 42 quedillac
5324 0 422 cancale
1150 0 90 cherrueix
340 0 64 tresse
702 0 63 availles-sur-seiche
651 0 42 moulins-35
3559 0 73 pipriac
3646 0 72 guipry
2941 0 130 corps-nuds
660 0 38 comblessac
3984 0 144 geveze
940 0 172 saint-suliac
993 0 54 saint-hilaire-des-landes
1684 0 74 saint-etienne-en-cogles
1156 0 22 rannee
979 0 66 laignelet
418 0 29 saint-ganton
3705 0 119 miniac-morvan
2217 0 76 domagne
96 0 30 lou-du-lac
8549 0 494 saint-gregoire-35
4739 0 110 montauban-de-bretagne
377 0 28 chatellier-35
3056 0 654 montgermont
788 0 44 chauvigne
8146 0 413 vern-sur-seiche
5637 0 88 combourg
827 0 51 visseiche
232 0 41 saint-leger-des-pres
579 0 39 bovel
1801 0 114 erce-pres-liffre
1391 0 59 coesmes
2672 0 289 saint-jouan-des-guerets
640 0 37 parce
2931 0 264 lecousse
1179 0 131 osse-35
1373 0 139 hirel
1940 0 133 hede-bazouges
6829 0 102 liffre
892 0 228 saint-germain-sur-ille
1838 0 177 chevaigne
487 0 77 crouais
650 0 37 cogles
6458 0 460 montfort-sur-meu
264 0 58 iffs
816 0 28 muel
1584 0 30 gael
1078 0 72 poce-les-bois
1043 0 97 saint-jean-sur-vilaine
3905 0 239 orgeres-35
1061 0 68 montreuil-sous-perouse
642 0 45 sougeal
1014 0 452 vivier-sur-mer
1036 0 238 ville-es-nonais
8142 0 197 janze
708 0 52 miniac-sous-becherel
2482 0 137 saint-coulomb
2353 0 108 talensac
1439 0 32 pertre
1423 0 211 saint-sulpice-la-foret
1469 0 70 quebriac
664 0 129 loheac
833 0 37 marcille-raoul
1437 0 36 erce-en-lamee
2154 0 79 romagne-35
16465 0 549 bruz
7140 0 525 thorigne-fouillard
4348 0 135 laille
1378 0 287 parthenay-de-bretagne
1046 0 75 dourdain
792 0 37 saint-ouen-la-rouerie
700 0 67 saulnieres-35
944 0 36 renac
560 0 70 saint-symphorien-35
3775 0 91 retiers
541 0 43 fontenelle-35
570 0 36 mece
322 0 44 lourmais
578 0 62 combourtille
1914 0 103 javene
548 0 56 dompierre-du-chemin
10111 0 378 betton
2053 0 63 saint-germain-en-cogles
1122 0 48 esse-35
1580 0 29 dinge
2848 0 121 bourg-des-comptes
1513 0 75 boisgervilly
1299 0 62 chapelle-bouexic
482 0 47 sains
1508 0 41 tremblay-35
525 0 71 cardroc
1646 0 188 gouesniere
4291 0 58 iffendic
366 0 60 tremeheuc
587 0 69 saint-maugan
19779 0 1890 fougeres
4132 0 104 goven
1104 0 51 vieux-vy-sur-couesnon
806 0 72 saint-sulpice-des-landes-35
1378 0 55 mezieres-sur-couesnon
2054 0 246 cintre
249 0 36 montautour
738 0 65 vergeal
473 0 48 champeaux-35
860 0 68 cornille-35
2559 0 94 etrelles
3725 0 299 chavagne
1709 0 111 louvigne-de-bais
1002 0 81 taillis
845 0 39 bruc-sur-aff
1147 0 81 torce
1631 0 14 paimpont
707 0 29 thourie
6250 0 235 noyal-chatillon-sur-seiche
1319 0 72 saint-medard-sur-ille
1053 0 92 tronchet-35
1963 0 61 pleine-fougeres
1248 0 47 mont-dol
581 0 37 lalleu
177 0 49 trimer
607 0 59 bosse-de-bretagne
682 0 40 ferre
280 0 46 forges-la-foret
1256 0 45 landean
397 0 36 poilley-35
349 0 37 saint-gonlay
98 0 29 bleruais
2114 0 139 montreuil-sur-ille
1364 0 57 epiniac
1664 0 46 erbree
1169 0 53 boussac-35
1646 0 62 livre-sur-changeon
729 0 125 saint-aubin-du-pavail
602 0 51 saint-georges-de-chesne
1140 0 47 saint-broladre
1312 0 86 saint-ouen-des-alleux
5055 0 149 breal-sous-montfort
2283 0 62 pire-sur-seiche
986 0 56 mernel
2482 0 227 saint-erblon-35
1253 0 38 dominelais
645 0 112 breal-sous-vitre
520 0 118 saint-gondran
2493 0 56 val-d-ize
2989 0 158 domloup
3997 0 102 bedee
2300 0 116 saint-pere-35
764 0 120 chapelle-aux-filtzmeens
1030 0 60 bille
1877 0 32 bazouges-la-perouse
1132 0 58 pance
814 0 44 gennes-sur-seiche
4320 0 266 meziere
3732 0 126 saint-meloir-des-ondes
16834 0 454 vitre-35
1623 0 92 chanteloup-35
723 0 99 chapelle-du-lou
437 0 68 vendel
3632 0 126 romille
678 0 158 clayes
2752 0 167 saint-brice-en-cogles
5962 0 200 pleurtuit
9961 0 285 pace-35
294 0 106 nouaye
1427 0 364 minihic-sur-rance
1377 0 57 bonnemain
1097 0 44 saint-onen-la-chapelle
550 0 37 trans-la-foret
7669 0 405 rheu
3542 0 232 servon-sur-vilaine
1638 0 52 saint-georges-de-reintembault
282 0 75 lillemer
1273 0 75 monterfil
520 0 44 drouges
1305 0 32 maxent
351 0 37 saint-peran
877 0 77 saint-germain-du-pinel
1393 0 149 antrain
3697 0 422 pont-pean
976 0 42 noe-blanche
670 0 52 boistrudan
907 0 48 saint-malo-de-phily
2650 0 89 saint-pierre-de-plesguen
1301 0 44 luitre
2941 0 150 pleumeleuc
312 0 59 baille
912 0 88 saint-aubin-des-landes
749 0 65 saint-thual
597 0 72 selle-en-cogles
1014 0 35 sainte-anne-sur-vilaine
2393 0 762 richardais
1912 0 209 montreuil-le-gast
553 0 75 selle-en-luitre
941 0 46 marcille-robert
1265 0 69 roz-landrieux
1798 0 127 vignoc
4382 0 557 vezin-le-coquet
1564 0 67 baguer-morvan
279 0 60 arbrissel
3835 0 561 hermitage
1442 0 76 saint-sauveur-des-landes
671 0 43 melle-35
1093 0 44 bazouge-du-desert
1514 0 220 verger
501 0 42 couyere
1466 0 154 chasne-sur-illet
251 0 30 monthault
10497 0 887 saint-jacques-de-la-lande
138 0 34 lanrigan
3758 0 90 louvigne-du-desert
907 0 142 saint-guinoux
467 0 60 saint-marcan
1929 0 269 brece-35
1556 0 64 theil-de-bretagne
478 0 50 saint-seglin
784 0 33 cuguen
5441 0 179 noyal-sur-vilaine
589 0 36 saint-malon-sur-mel
894 0 114 langan
1380 0 141 lassy-35
3834 0 77 bouexiere
1886 0 104 saint-thurial
1053 0 125 mouaze
3377 0 229 breteil
288 0 32 vieux-viel
1077 0 368 saint-benoît-des-ondes
7500 0 174 guichen
809 0 39 feins
1730 0 53 meillac
2594 0 312 crevin
342 0 28 saint-georges-de-grehaigne
614 0 81 longaulnay
428 0 194 aubigne-35
973 0 80 saint-pern
915 0 112 sel-de-bretagne
421 0 43 chapelle-saint-aubert
513 0 46 campel
517 0 42 saint-marc-sur-couesnon
9823 0 819 chantepie
2199 0 152 fresnais
3203 0 47 maure-de-bretagne
737 0 44 lieuron
15219 0 473 cesson-sevigne
1268 0 50 gahard
509 0 73 saint-uniac
2284 0 113 plerguer
1792 0 126 saint-didier-35
3406 0 76 bains-sur-oust
7260 0 729 chartres-de-bretagne
2778 0 66 messac-35
4255 0 369 guerche-de-bretagne
218 0 66 saint-christophe-de-valains
614 0 53 loroux
957 0 148 lanhelin
375 0 30 prince
2895 0 152 nouvoitou
2663 0 35 martigne-ferchaud
3578 0 130 saint-aubin-du-cormier
952 0 53 chapelle-de-brain
546 0 78 langouet
1876 0 53 medreac
528 0 57 saint-christophe-des-bois
1072 0 58 saint-jean-sur-couesnon
1694 0 52 chatillon-en-vendelais
433 0 176 saint-m-hervon
1659 0 67 pleugueneuc
1830 0 236 saint-armel-35
2275 0 89 sainte-marie-35
3310 0 140 saint-aubin-d-aubigne
6545 0 752 chateaugiron
326 0 96 mousse
3373 0 144 tinteniac
623 0 64 baussaine
2547 0 82 sens-de-bretagne
276 0 38 romazy
812 0 59 brie-35
840 0 69 treverien
236 0 25 montreuil-des-landes
758 0 1329 becherel
1064 0 100 marpire
1695 0 92 saint-senoux
150 0 70 selle-guerchaise
1317 0 63 parigne
2165 0 59 balaze
1926 0 252 chapelle-thouarault
1968 0 244 saint-briac-sur-mer
5577 0 172 melesse
372 0 25 noyal-sous-bazouges
215 0 29 loutehel
1728 0 95 gosne
3511 0 66 guignen
2352 0 42 grand-fougeray
1249 0 905 chateauneuf-d-ille-et-vilaine
4212 0 101 argentre-du-plessis
5335 0 343 dol-de-bretagne
771 0 153 mondevert
1380 0 88 baguer-pican
3944 0 452 chapelle-des-fougeretz
6166 0 208 acigne
177 0 47 tiercent
1343 0 49 chapelle-janson
2114 0 60 bais-35
335 0 31 villamee
789 0 53 saint-remy-du-plain
304 0 58 chance
670 0 58 brielles
307 0 40 sainte-colombe-35
3458 0 243 bourgbarre
351 0 27 broualan
1370 0 46 saint-m-herve
7180 0 241 mordelles
2015 0 85 irodouer
1246 0 65 treffendel
4426 0 242 saint-meen-le-grand
6081 0 212 chateaubourg-35
1288 0 73 saint-marc-le-blanc
2242 0 142 saint-domineuc
363 0 43 saint-brieuc-des-iffs
1136 0 122 poligne
400 0 24 eance
