1947
2985



1 4 29
1 15 33
2 18 151
2 19 20
3 1271 232
3 1287 168
4 15 19
4 17 32
5 15 28
5 20 52
6 7 57
6 14 28
7 14 58
8 15 30
8 20 49
9 18 148
9 19 20
10 20 95
10 625 126
11 1252 25
11 1282 126
12 591 26
12 1333 124
13 1253 131
13 1258 28
13 1272 27
15 20 37
16 1285 25
16 1294 21
17 1375 70
18 19 135
18 1271 439
18 1276 1428
20 625 62
20 626 27
21 29 146
21 811 69
22 23 131
22 24 103
22 1046 88
23 24 171
24 31 40
25 942 71
25 975 29
26 30 17
26 952 17
27 811 30
27 1464 65
28 31 189
28 1001 495
28 1039 511
28 1560 196
29 1039 189
29 1048 82
30 952 23
30 981 46
32 35 212
32 38 31
33 40 160
33 928 31
34 36 27
34 37 78
35 38 146
35 556 206
35 1136 855
36 37 132
36 39 70
37 39 205
39 1141 59
40 928 46
41 43 22
41 45 47
42 44 67
42 45 37
43 45 55
44 1649 185
46 47 95
46 48 25
47 592 944
47 1337 171
48 1335 25
49 50 82
49 68 47
49 76 32
50 68 131
50 76 92
51 52 248
51 67 1209
51 70 1255
51 1612 169
52 65 33
53 74 105
53 75 42
54 64 59
54 76 30
55 64 88
55 70 274
56 61 17
56 73 1143
56 75 17
57 60 78
57 66 144
58 66 330
58 67 743
59 68 47
59 69 44
60 65 43
60 66 120
61 69 32
61 73 1061
62 67 1887
62 70 2075
63 67 1933
63 70 1879
63 77 990
63 1615 1758
64 70 440
64 72 276
64 76 71
65 66 79
65 77 93
66 67 495
67 70 1108
67 1615 998
69 73 2147
70 72 879
70 73 9696
71 74 225
71 75 85
73 139 12121
74 75 38
78 80 50
78 300 84
79 296 174
79 304 25
80 293 437
80 300 128
80 303 63
81 85 23
81 86 48
81 301 26
82 297 39
82 300 112
83 298 57
83 579 60
84 304 23
84 305 58
85 301 18
85 303 28
86 296 168
87 90 22
87 92 15
88 89 193
88 92 21
88 93 60
89 90 184
89 91 139
89 92 161
89 93 483
89 803 1402
89 807 244
90 92 22
91 802 19
94 386 26
94 397 12
95 96 32
95 97 82
95 405 28
96 97 43
97 405 61
98 103 48
98 105 257
99 100 84
99 105 492
100 103 72
100 105 383
101 102 45
101 1463 40
102 809 35
103 105 425
104 813 46
104 815 38
105 244 503
105 807 414
105 1469 192
106 107 211
106 108 250
106 113 153
106 490 523
106 1579 616
107 422 59
108 113 26
109 110 148
109 111 151
109 112 279
109 114 187
109 490 1616
109 1196 1378
110 111 19
112 114 30
114 508 21
115 117 85
115 121 13
116 117 162
116 121 28
117 121 53
118 119 90
118 486 16
118 1570 31
119 1570 54
120 121 32
120 758 52
121 758 31
122 141 16
122 176 29
122 1651 31
123 166 157
123 167 30
123 177 33
124 143 24
124 178 26
124 1632 96
125 128 33
125 142 92
126 129 650
126 132 25
127 138 1008
127 145 203
127 149 866
127 152 1131
127 159 653
128 142 48
128 1634 24
129 138 2569
129 139 54224
129 150 696
129 151 2716
129 163 451
130 148 133
130 167 75
131 175 35
131 179 35
132 141 17
132 176 31
132 179 27
133 144 73
133 174 46
133 180 173
134 135 20
134 161 28
134 182 39
135 160 34
135 182 43
136 151 144
136 166 102
136 169 19
136 177 21
137 154 37
137 155 141
137 173 141
138 152 932
138 165 254
138 178 164
139 151 21688
139 403 3637
139 1267 5248
139 1619 36529
139 1629 14697
140 152 209
140 162 76
141 150 26
141 1649 62
142 1634 69
143 165 33
143 1651 34
144 157 60
145 159 122
146 152 158
146 162 51
147 155 257
147 179 62
147 181 99
148 174 36
149 171 324
149 373 3124
149 1648 1807
150 1649 92
151 167 182
151 169 175
151 177 198
152 153 503
152 162 435
153 162 163
154 164 107
154 173 193
155 179 183
155 181 292
156 365 132
156 382 48
157 164 135
158 170 30
158 183 54
159 171 155
160 163 30
161 168 50
161 182 62
163 180 67
165 175 49
165 176 52
167 177 27
168 182 73
168 1600 83
170 172 20
172 183 38
173 183 247
174 180 69
184 185 33
184 189 20
184 194 77
185 189 31
185 196 33
186 188 31
186 1059 86
187 193 64
187 195 737
188 191 20
188 799 28
188 1059 49
189 193 33
189 194 75
189 196 18
190 197 74
190 310 100
191 193 32
191 1060 59
192 194 122
192 195 642
193 194 126
193 195 640
194 195 1451
195 798 349
195 1404 996
195 1421 5098
197 1418 44
197 1421 822
198 200 105
198 758 77
199 676 16
199 771 8
200 758 17
201 207 246
201 209 32
202 203 30
202 207 182
203 204 26
203 207 180
204 207 154
204 209 20
205 208 24
205 209 24
206 213 229
206 220 58
207 1677 315
207 1687 678
208 209 17
210 221 19
210 226 20
211 222 26
211 223 74
212 217 40
212 227 24
213 215 84
213 220 94
214 216 263
214 224 25
215 218 72
215 225 20
216 217 412
216 224 339
216 226 261
216 1550 1009
216 1664 845
217 226 33
218 221 50
218 225 56
219 224 24
219 227 18
220 222 25
221 223 76
221 225 13
222 223 119
222 226 24
223 226 82
224 227 24
228 231 36
228 232 34
228 233 377
229 232 26
229 233 233
230 231 105
230 645 74
232 233 241
232 555 45
233 556 642
233 646 295
234 735 15
234 737 37
235 236 38
235 237 59
235 238 358
236 1138 11
237 238 235
237 279 25
238 279 160
238 1586 167
238 1687 910
239 251 38
239 252 61
239 253 56
240 245 13
240 1707 15
241 243 71
241 248 16
242 244 1316
242 248 45
242 253 80
243 1314 70
244 246 857
244 247 1083
244 1317 1433
245 1705 9
246 247 65
246 251 35
247 248 36
249 250 25
249 252 33
249 253 30
250 627 106
250 1303 19
252 253 57
252 627 88
252 1303 22
254 258 318
254 263 49
254 267 41
254 268 94
255 260 20
255 262 90
256 259 18
256 260 26
257 862 68
257 878 33
258 261 166
258 263 204
258 268 397
258 523 464
258 865 251
259 260 23
259 261 15
260 261 20
260 262 61
261 268 50
263 266 48
263 267 26
264 321 162
264 325 45
265 524 55
265 539 33
266 267 39
269 270 31
269 1690 23
270 1690 12
271 276 29
271 278 19
272 273 154
272 276 36
272 278 26
273 276 129
273 278 89
274 279 26
274 477 31
275 278 59
275 477 89
277 437 21
277 479 12
280 282 16
280 285 57
281 283 19
281 288 96
281 289 54
281 1304 38
282 285 41
282 287 13
282 290 266
283 288 84
284 286 42
284 288 180
284 289 105
286 289 55
286 1715 19
287 290 279
288 1304 160
289 1713 50
289 1715 46
290 1301 572
290 1317 488
290 1712 930
291 1640 39
291 1652 24
292 300 337
292 306 212
293 299 206
293 300 736
293 303 363
293 307 250
293 592 1754
293 657 1837
294 295 39
294 301 25
295 301 32
295 303 49
296 304 107
297 300 62
298 587 28
298 605 20
299 300 61
299 306 31
299 307 21
301 303 31
302 304 27
302 305 69
302 1640 45
302 1645 73
304 305 42
306 602 39
308 1052 281
308 1384 36
308 1899 37
309 314 144
309 1379 88
310 311 40
311 1400 39
311 1414 41
312 313 107
312 315 102
312 1509 77
313 315 35
314 1385 91
316 1404 1604
316 1525 699
316 1896 521
317 323 29
317 1062 24
318 1483 81
318 1531 20
319 321 138
319 322 72
319 323 28
319 325 36
320 325 103
320 327 68
321 325 250
321 327 165
321 1511 706
321 1525 344
322 323 227
324 326 44
324 644 83
324 742 28
326 1330 52
328 333 88
328 340 89
328 361 929
329 341 35
329 350 53
330 335 21
330 348 25
330 362 20
331 338 16
331 353 25
331 354 193
332 358 49
332 859 59
333 340 107
333 347 56
333 357 115
334 349 59
334 357 41
335 348 30
336 342 105
336 353 42
337 346 17
337 352 17
337 360 17
338 356 38
339 354 281
339 359 30
340 343 51
340 357 119
341 350 54
341 362 28
342 346 80
342 351 78
343 348 30
343 361 530
344 348 33
344 357 61
345 349 73
345 357 77
346 351 28
347 356 60
347 361 595
349 360 42
350 361 976
351 352 23
352 358 21
353 354 308
354 356 483
354 359 195
354 361 2297
354 863 762
355 1705 15
355 1710 26
355 1711 127
361 863 668
363 366 42
363 513 42
364 1642 17
364 1647 94
365 382 59
366 513 42
367 377 30
367 382 21
367 383 22
368 370 36
368 380 64
368 1648 457
369 1639 30
369 1645 87
370 380 54
371 378 125
371 381 19
372 382 50
372 383 47
373 375 502
373 376 612
373 378 1933
373 493 1018
373 1648 4369
374 384 63
374 1639 53
375 379 38
376 377 38
377 383 32
378 381 169
378 506 2195
378 772 95
379 485 40
379 511 161
380 1648 691
382 383 23
384 1647 97
385 392 18
385 393 17
385 408 20
386 397 17
386 1174 28
387 399 36
387 401 42
387 426 35
388 395 553
388 401 176
388 402 472
389 407 115
389 425 79
390 404 40
390 416 59
390 426 35
391 394 82
391 415 80
392 401 29
392 408 23
393 398 28
393 408 20
393 419 18
394 396 63
394 405 53
394 406 40
394 415 74
395 421 252
396 406 32
396 417 92
397 405 24
397 425 15
398 411 44
398 419 31
398 420 39
399 401 34
399 416 47
399 421 69
400 424 19
400 1576 24
401 421 80
402 411 108
403 418 3651
403 1154 1597
403 1175 1359
403 1579 3461
403 1586 7068
404 407 39
404 409 43
404 417 77
405 425 28
406 415 40
407 409 42
407 417 76
407 425 25
409 417 85
410 412 76
410 418 85
410 420 45
411 420 36
412 420 53
413 414 17
413 419 18
414 423 28
414 424 19
419 420 25
422 1577 28
423 424 26
427 429 68
427 1176 29
428 429 19
428 765 16
428 770 26
430 445 37
430 461 31
431 436 73
431 466 52
432 459 215
432 473 946
433 452 104
433 479 72
434 439 2412
434 440 250
434 475 225
435 468 26
435 767 53
436 444 86
436 466 230
436 468 133
436 470 829
437 472 21
437 479 25
438 455 40
438 465 42
438 471 36
439 469 6030
439 473 9725
440 464 438
441 459 72
441 460 27
442 451 71
442 455 24
442 471 23
443 463 30
443 467 57
444 466 63
445 448 109
445 461 39
445 474 50
446 449 15
446 460 10
447 450 167
447 451 291
448 454 330
448 459 182
448 474 111
449 460 12
450 451 127
451 455 79
452 467 66
452 472 26
453 458 38
453 471 42
454 474 155
455 476 23
455 631 14
456 460 51
456 474 84
457 463 31
457 475 101
458 471 20
462 463 85
462 475 275
464 468 162
465 476 27
467 472 42
467 478 76
469 470 1468
469 473 1668
470 473 2377
472 478 30
472 479 15
477 769 15
480 484 62
480 509 56
480 513 83
481 487 84
481 506 1333
481 519 32
482 496 48
482 505 74
483 501 25
483 510 23
484 485 21
484 502 22
484 509 21
485 511 95
486 495 26
486 517 25
487 506 2537
487 507 90
487 519 59
488 501 21
488 506 825
488 512 21
488 515 25
489 504 118
489 508 91
489 514 81
490 493 1131
490 506 4102
490 508 286
490 1196 1167
491 492 44
491 493 182
491 500 22
491 503 94
492 493 273
492 504 49
493 506 4917
494 506 1386
494 515 40
495 498 21
495 517 33
496 505 26
497 504 36
497 514 24
497 517 35
498 516 18
498 517 26
499 512 35
499 515 39
500 503 71
500 518 18
501 510 23
502 505 28
502 509 20
502 511 84
503 518 78
504 514 25
505 509 28
507 519 34
508 514 21
510 518 21
512 515 30
516 517 26
520 532 59
520 544 30
520 720 40
521 523 1726
521 527 1024
521 532 2063
521 542 1351
521 547 931
521 823 1857
522 703 25
522 712 44
523 524 303
523 525 141
523 539 166
523 550 121
523 798 130
524 539 39
525 550 15
526 534 53
526 540 52
527 545 50
527 548 32
528 539 14
528 550 17
529 546 59
529 551 25
530 541 28
530 552 27
531 545 44
531 548 32
531 720 42
532 544 74
532 547 74
533 536 25
533 1325 19
533 1330 35
534 549 35
535 538 157
535 553 50
535 792 54
535 818 58
536 1326 23
536 1329 27
537 544 22
537 552 23
538 553 57
540 541 47
540 549 33
541 542 49
541 552 34
542 547 47
543 548 22
543 551 21
543 553 20
545 546 92
546 551 58
551 553 22
552 880 20
554 555 47
554 556 228
554 557 28
556 557 165
556 558 100
556 646 241
557 558 14
559 1672 20
559 1683 19
560 563 40
560 564 17
560 572 31
561 567 1350
561 577 101
562 569 180
562 570 35
563 571 34
563 572 78
564 575 18
565 788 95
565 1678 27
566 573 93
566 575 40
567 568 1272
567 569 3004
567 573 1163
567 577 846
567 646 1534
567 1324 2761
568 572 97
568 573 132
569 570 150
569 577 225
570 575 25
571 572 26
571 644 40
572 573 88
574 576 33
574 577 65
574 688 38
576 688 19
578 604 96
578 616 117
579 587 34
579 605 24
580 612 138
580 624 216
581 588 69
581 597 67
582 583 25
582 598 29
583 598 19
584 598 23
584 606 73
584 607 24
585 599 52
585 624 44
586 591 25
586 595 118
587 605 29
588 613 29
588 615 33
589 609 153
589 621 168
590 599 251
590 624 213
591 595 69
592 596 517
592 597 601
592 617 669
592 1337 2561
592 1346 967
593 599 44
593 610 16
593 618 30
593 619 32
594 601 22
594 612 25
594 613 30
594 1335 18
595 611 252
596 597 21
597 600 61
599 618 53
600 609 109
600 616 94
601 612 20
602 614 31
603 604 29
603 614 28
603 616 34
604 614 36
604 616 47
606 607 68
606 611 175
608 622 91
608 1266 15
610 619 21
613 615 38
617 618 32
617 621 52
618 619 37
620 622 94
620 1266 17
620 1298 62
623 1335 24
623 1337 222
623 1338 21
625 626 30
626 628 29
626 629 18
628 629 61
628 1306 53
630 638 86
630 1153 20
631 632 19
631 633 39
632 633 42
634 640 160
634 641 79
635 641 35
635 1150 35
636 638 174
636 640 32
637 641 46
637 1150 58
637 1159 327
638 640 109
639 640 45
639 641 33
640 1162 26
642 643 43
642 645 46
643 646 205
643 647 24
644 646 318
646 647 151
646 755 1232
647 739 27
648 666 46
648 1297 49
649 653 92
649 661 137
649 669 84
650 657 597
650 670 37
650 671 28
651 654 29
651 662 17
652 655 31
652 658 25
653 661 69
653 677 30
654 660 51
654 662 25
654 665 74
655 658 30
655 666 24
656 659 49
656 660 77
656 673 60
656 1135 50
657 667 653
657 669 844
657 1136 1851
657 1251 3013
657 1267 22744
658 664 140
659 665 48
659 1135 15
660 665 85
661 669 63
661 670 83
662 673 21
663 672 159
663 674 46
664 666 112
667 671 30
668 672 171
668 674 49
670 671 50
672 674 245
672 1265 95
675 677 29
675 678 31
675 680 33
676 1135 16
676 1137 39
678 679 41
678 680 23
679 680 66
681 706 18
681 711 19
681 723 19
682 718 130
682 730 191
683 700 136
683 708 646
683 709 183
683 719 1011
683 731 923
683 865 231
684 702 25
684 710 34
685 689 28
685 692 29
685 698 30
686 703 25
686 722 29
686 728 27
687 727 95
687 731 484
689 692 31
689 731 277
690 714 34
690 732 28
691 702 23
691 714 30
692 712 39
692 727 54
692 731 301
693 714 32
693 718 56
694 701 17
694 724 49
694 729 53
695 706 67
695 719 432
696 716 99
696 719 175
697 717 4417
697 718 185
697 732 85
698 712 42
699 704 18
699 721 24
700 706 19
700 707 59
701 724 49
702 714 22
702 725 21
703 722 12
704 719 130
704 721 27
705 722 25
705 726 34
705 728 26
705 730 84
706 707 68
706 723 22
707 713 75
707 723 67
708 709 105
708 728 78
708 730 259
710 1670 20
711 721 27
713 728 22
714 725 26
715 724 95
715 729 103
716 732 73
716 1670 51
717 718 2085
717 719 6822
717 731 5123
719 731 706
719 774 507
719 1664 426
722 726 24
724 729 152
727 731 507
731 863 358
733 741 105
733 743 93
733 879 39
734 752 30
734 757 75
735 879 16
735 883 17
736 746 97
736 752 97
736 754 85
737 876 86
737 883 44
738 741 58
738 743 52
738 879 21
739 742 28
739 744 39
740 747 28
740 1746 84
741 743 119
742 744 34
743 1461 38
744 751 31
744 753 47
745 748 199
745 755 1506
746 754 36
747 1434 18
748 750 156
749 756 24
749 876 33
749 879 14
750 751 53
750 753 81
750 755 1182
751 753 25
751 757 63
752 754 36
752 755 582
752 757 99
754 756 29
755 1747 594
759 1583 55
759 1585 34
760 765 20
760 766 35
761 763 105
761 766 29
762 767 88
762 768 27
763 765 114
763 766 199
764 768 88
764 769 59
765 766 32
765 1581 13
766 768 29
766 770 33
767 768 42
768 769 13
771 772 33
773 774 191
773 783 25
774 775 197
774 776 2051
774 790 217
774 1667 195
774 1677 395
775 790 28
776 778 630
776 780 796
776 781 1152
776 784 555
776 789 476
776 823 1311
776 1324 2787
777 787 26
777 788 87
778 781 56
779 780 67
779 786 89
780 786 62
781 782 36
782 816 40
783 784 22
783 789 18
784 789 20
785 788 110
785 1556 33
786 789 39
787 788 107
788 1678 77
790 1667 23
791 1417 194
791 1420 116
792 794 50
793 797 49
793 798 373
793 801 54
794 795 54
795 796 23
795 799 79
796 799 55
796 800 19
797 798 125
798 800 142
798 801 127
800 801 23
802 803 719
802 810 41
803 807 2624
803 808 678
803 810 1149
803 811 439
803 1039 826
804 808 75
804 810 121
805 807 118
805 812 14
806 812 30
806 815 144
807 812 150
807 903 310
807 910 99
807 1444 183
808 810 38
809 1463 24
810 811 27
813 814 74
813 1704 44
814 1303 12
815 855 46
815 856 199
816 822 31
817 819 25
817 822 19
817 823 173
818 820 37
819 823 229
820 821 47
820 822 35
821 822 19
821 1328 32
822 823 183
823 1324 1170
824 852 27
824 914 34
824 918 42
825 830 45
825 836 508
826 835 50
826 845 48
827 834 73
827 923 28
828 830 35
828 842 22
829 830 44
829 848 48
830 842 34
830 843 90
830 848 55
831 852 31
831 914 37
832 834 77
832 838 25
832 923 37
833 839 53
833 840 29
833 851 25
834 838 45
834 923 50
835 836 652
835 844 52
836 842 377
836 844 554
836 850 936
836 853 968
836 903 3334
836 910 637
836 1246 584
837 846 124
837 847 29
838 854 40
839 851 47
840 845 41
840 851 25
841 852 22
841 854 34
841 914 27
842 846 112
843 848 114
845 853 88
846 850 276
847 850 63
849 851 54
849 853 122
849 855 46
850 853 132
852 914 31
855 856 41
857 877 40
857 881 49
857 885 30
858 865 194
858 886 23
859 863 310
859 873 96
860 865 215
860 867 36
860 886 20
861 865 224
861 867 40
862 884 40
863 864 179
863 865 859
863 869 794
863 873 626
863 874 292
864 869 70
865 866 171
865 867 280
865 887 342
866 867 28
866 872 19
867 887 55
868 869 93
868 870 65
868 875 21
869 888 79
870 875 45
870 888 56
871 884 25
871 888 26
872 877 18
873 874 91
876 879 33
877 881 21
877 885 12
878 880 28
878 886 22
881 882 28
881 884 21
882 884 25
883 929 20
889 891 63
889 898 109
889 922 103
890 903 706
890 925 135
891 898 166
891 908 50
891 922 149
892 910 414
892 913 65
892 921 74
893 920 44
893 927 38
894 905 110
894 913 46
895 896 38
895 907 79
895 912 59
896 897 26
896 912 35
896 917 39
897 907 54
897 909 31
898 908 87
899 903 981
899 925 180
900 903 378
900 925 71
901 904 61
901 908 53
901 919 47
902 904 25
902 927 45
903 910 2251
903 925 1686
904 919 26
904 920 74
904 927 59
905 907 120
905 926 64
906 912 44
906 917 50
907 909 56
910 913 165
910 921 190
911 1204 73
911 1698 28
912 917 62
913 926 26
914 918 49
915 920 54
915 927 39
916 1204 24
916 1212 14
917 924 39
918 924 36
928 932 91
929 930 28
929 931 24
930 931 25
930 932 219
931 932 88
933 947 77
933 984 31
934 951 47
934 967 51
935 941 18
935 965 19
935 986 33
935 1037 26
936 937 2441
936 938 3749
936 980 5425
936 1014 2244
937 980 2350
937 1022 240
938 980 3622
938 988 820
938 994 392
938 1008 795
938 1009 538
939 956 172
939 1020 29
940 953 161
940 982 81
940 1034 66
941 949 20
941 986 32
942 975 48
943 945 3096
943 950 3043
943 956 2822
943 957 3185
943 980 12247
943 1011 4031
943 1014 5490
944 1014 238
944 1029 60
945 957 305
946 972 52
946 1010 101
946 1028 144
947 1036 52
948 992 39
948 1030 80
949 1078 31
950 1024 194
951 967 41
952 975 29
952 981 60
953 982 127
954 1104 23
954 1105 28
955 958 27
955 973 49
956 964 297
956 989 361
956 991 321
956 1001 712
956 1020 197
956 1021 340
956 1038 178
957 976 159
958 1026 81
959 1027 20
959 1031 23
960 974 60
960 978 132
960 997 23
961 1018 140
961 1022 75
962 990 54
962 1029 43
962 1034 36
963 976 56
963 1019 41
964 967 59
964 969 84
964 977 40
964 991 81
965 1024 51
965 1037 27
966 979 112
966 1102 115
967 977 32
968 972 23
968 1002 28
969 1038 51
970 1005 35
970 1019 39
971 1002 52
971 1030 74
972 993 72
972 1028 69
973 1004 39
973 1083 38
974 975 74
974 978 273
974 983 79
974 1032 63
975 1032 36
976 1011 202
976 1029 69
978 997 105
978 1032 139
979 1006 33
979 1015 33
979 1102 48
980 982 577
980 1014 2172
981 1013 264
983 997 32
984 992 25
984 999 22
985 995 1285
985 1027 99
985 1031 113
986 1037 46
987 998 30
987 1030 42
988 1008 259
988 1018 222
989 1038 56
990 1034 62
991 1020 54
992 999 21
992 1002 30
992 1030 47
993 1028 196
994 1009 84
994 1034 51
995 1026 1175
995 1027 398
995 1095 2335
995 1097 771
996 1003 35
996 1013 180
996 1017 132
998 1003 31
998 1017 116
999 1002 27
1000 1021 130
1000 1038 67
1001 1016 134
1001 1023 174
1001 1081 867
1003 1017 70
1003 1021 43
1004 1083 18
1005 1007 119
1005 1012 66
1005 1015 27
1005 1019 39
1006 1012 50
1006 1015 22
1007 1019 131
1010 1028 132
1012 1015 51
1014 1081 461
1014 1095 298
1016 1036 16
1021 1038 53
1023 1025 23
1024 1037 68
1025 1035 26
1026 1031 106
1033 1105 23
1033 1113 18
1035 1104 29
1035 1105 34
1039 1051 202
1039 1444 519
1039 1941 550
1040 1043 73
1040 1930 62
1040 1931 68
1041 1047 395
1041 1055 72
1041 1056 147
1042 1055 19
1042 1058 33
1043 1930 79
1044 1058 33
1044 1561 17
1045 1050 111
1045 1057 105
1046 1051 54
1046 1562 44
1047 1055 129
1047 1056 260
1048 1474 41
1049 1053 54
1049 1057 64
1050 1054 50
1050 1055 44
1052 1384 159
1052 1566 1771
1052 1896 939
1052 1941 783
1053 1057 62
1054 1055 27
1054 1058 46
1055 1056 48
1055 1058 37
1059 1063 45
1060 1062 32
1060 1063 35
1061 1063 56
1061 1325 69
1064 1096 23
1064 1129 34
1065 1103 21
1065 1110 32
1065 1126 34
1065 1132 26
1066 1107 28
1066 1111 52
1066 1121 31
1067 1079 65
1067 1084 74
1067 1114 129
1068 1097 134
1068 1115 45
1069 1099 53
1069 1106 106
1069 1113 34
1070 1083 31
1070 1089 33
1070 1095 425
1071 1107 134
1071 1111 243
1072 1112 158
1072 1132 40
1073 1087 165
1073 1113 91
1073 1120 107
1074 1089 20
1074 1095 246
1075 1110 29
1075 1121 29
1075 1130 25
1076 1122 99
1076 1124 47
1077 1078 63
1077 1093 41
1077 1120 50
1078 1125 39
1079 1119 44
1080 1098 36
1080 1128 48
1081 1092 143
1081 1097 178
1081 1118 157
1081 1127 132
1081 1131 200
1081 1566 1343
1082 1097 121
1082 1129 32
1084 1085 43
1084 1093 33
1084 1114 107
1085 1093 23
1085 1123 150
1085 1125 33
1086 1091 67
1086 1121 57
1087 1116 66
1087 1117 32
1087 1119 51
1087 1120 41
1088 1100 35
1088 1112 84
1088 1126 27
1088 1132 21
1089 1095 258
1090 1101 91
1090 1112 81
1091 1101 140
1092 1131 27
1093 1123 116
1094 1122 68
1094 1124 32
1095 1097 1333
1096 1097 197
1096 1129 51
1097 1109 255
1097 1115 389
1097 1129 302
1098 1128 99
1099 1106 91
1100 1102 57
1102 1108 57
1103 1132 17
1103 1559 16
1104 1117 20
1108 1124 29
1109 1115 87
1110 1130 30
1111 1130 49
1112 1126 111
1113 1117 18
1115 1129 101
1116 1120 43
1118 1127 19
1119 1120 33
1121 1130 30
1122 1124 35
1127 1131 24
1133 1139 55
1133 1142 35
1133 1144 66
1134 1137 131
1134 1139 100
1134 1146 112
1136 1138 458
1136 1140 1492
1136 1143 653
1136 1144 880
1136 1149 693
1137 1149 54
1138 1149 27
1139 1141 41
1139 1146 48
1140 1147 115
1141 1142 35
1143 1144 49
1144 1145 112
1144 1148 38
1145 1148 69
1146 1147 66
1146 1149 48
1147 1149 55
1150 1159 213
1151 1153 39
1151 1170 41
1152 1161 82
1152 1165 62
1153 1157 76
1153 1170 43
1153 1172 81
1154 1159 393
1154 1163 353
1154 1172 664
1154 1175 1245
1155 1167 31
1155 1172 73
1156 1158 24
1156 1169 22
1157 1163 53
1157 1172 100
1158 1168 21
1158 1169 25
1159 1160 690
1159 1166 1055
1159 1169 164
1159 1175 112
1160 1164 96
1160 1166 599
1161 1165 37
1161 1171 70
1162 1170 32
1163 1167 23
1163 1172 57
1164 1165 25
1164 1166 143
1164 1168 21
1164 1171 48
1165 1171 55
1167 1172 43
1168 1169 21
1173 1175 212
1173 1176 23
1174 1175 112
1174 1177 24
1175 1176 122
1175 1177 179
1175 1178 333
1177 1178 64
1179 1180 40
1179 1192 74
1179 1196 659
1180 1186 39
1180 1187 36
1180 1191 34
1180 1192 59
1181 1185 51
1181 1192 82
1182 1188 22
1182 1193 18
1182 1194 21
1183 1187 54
1183 1195 41
1183 1196 790
1184 1185 48
1184 1190 30
1186 1191 41
1187 1191 38
1188 1190 22
1188 1193 20
1188 1194 31
1188 1195 27
1189 1190 25
1189 1195 23
1194 1195 27
1195 1196 448
1197 1214 189
1197 1223 115
1198 1204 38
1198 1222 18
1199 1203 60
1199 1209 37
1199 1222 33
1200 1207 39
1200 1219 17
1201 1203 44
1201 1206 22
1201 1215 73
1202 1205 1075
1202 1223 66
1203 1222 37
1204 1222 32
1205 1211 5246
1205 1226 3858
1205 1246 3045
1205 1712 924
1206 1215 60
1206 1217 37
1206 1220 17
1207 1221 261
1208 1213 26
1208 1216 36
1208 1218 33
1209 1217 45
1209 1220 23
1209 1223 71
1210 1211 343
1210 1213 82
1210 1216 117
1210 1219 63
1211 1216 203
1212 1221 103
1212 1224 21
1213 1216 49
1214 1223 272
1216 1219 37
1217 1220 36
1218 1221 200
1221 1224 122
1225 1234 71
1225 1241 56
1226 1230 313
1226 1246 2647
1226 1712 716
1227 1240 20
1227 1246 347
1228 1231 116
1228 1232 113
1229 1236 84
1229 1239 115
1230 1233 20
1230 1245 46
1231 1232 128
1231 1241 81
1231 1242 50
1232 1237 63
1232 1241 79
1233 1701 62
1234 1235 55
1234 1238 49
1235 1238 33
1236 1243 41
1237 1238 31
1237 1245 47
1238 1245 51
1239 1240 46
1239 1243 99
1239 1246 839
1240 1246 416
1241 1244 34
1242 1243 44
1244 1246 415
1245 1699 42
1246 1712 2002
1247 1288 102
1247 1299 341
1248 1274 30
1248 1289 55
1249 1278 28
1249 1294 23
1250 1281 30
1250 1298 106
1251 1257 381
1251 1263 621
1251 1268 1555
1251 1286 1418
1251 1295 344
1252 1273 34
1252 1282 108
1253 1258 168
1253 1272 157
1253 1285 128
1254 1289 219
1254 1293 78
1255 1289 57
1255 1292 27
1255 1293 20
1256 1257 75
1256 1268 307
1258 1285 28
1259 1267 12318
1259 1276 3690
1259 1278 161
1259 1284 143
1259 1287 763
1259 1293 164
1260 1264 106
1260 1266 27
1260 1277 51
1260 1295 48
1261 1264 100
1261 1269 27
1261 1280 56
1262 1283 20
1262 1292 28
1263 1295 95
1264 1277 127
1264 1280 143
1265 1296 31
1266 1281 18
1266 1295 30
1267 1276 43647
1267 1378 6769
1268 1275 164
1268 1286 1001
1268 1291 129
1268 1337 330
1269 1274 33
1270 1273 73
1270 1290 192
1271 1276 3718
1271 1286 984
1273 1282 182
1273 1290 155
1275 1291 21
1276 1286 3467
1278 1287 117
1278 1294 19
1279 1288 52
1279 1289 144
1279 1299 175
1280 1297 38
1281 1298 63
1282 1290 480
1283 1292 30
1283 1296 34
1284 1293 22
1288 1299 88
1289 1292 94
1297 1298 63
1300 1302 32
1300 1304 42
1301 1302 53
1304 1714 31
1305 1312 109
1305 1319 36
1306 1307 18
1306 1320 16
1307 1308 17
1307 1313 17
1307 1316 84
1307 1320 16
1308 1317 171
1308 1320 22
1308 1321 22
1309 1310 76
1309 1319 22
1310 1319 88
1310 1322 166
1311 1315 44
1311 1318 35
1312 1319 80
1313 1316 144
1314 1321 18
1315 1318 37
1315 1323 19
1317 1320 162
1317 1321 165
1318 1323 20
1319 1322 41
1324 1326 536
1324 1327 970
1324 1329 662
1324 1332 441
1325 1330 22
1326 1329 28
1327 1329 50
1327 1332 35
1328 1331 89
1331 1332 30
1333 1340 179
1333 1343 91
1334 1341 80
1334 1342 59
1334 1374 76
1336 1337 277
1336 1338 25
1336 1339 28
1337 1339 204
1337 1340 391
1337 1343 211
1337 1346 992
1338 1339 18
1340 1343 41
1341 1342 22
1341 1374 29
1344 1360 38
1344 1361 44
1345 1346 590
1345 1356 64
1345 1359 202
1346 1351 263
1346 1356 172
1346 1358 625
1346 1359 542
1347 1349 18
1347 1370 23
1348 1357 110
1348 1371 19
1349 1369 22
1349 1370 26
1349 1376 61
1350 1371 32
1350 1372 18
1351 1365 35
1352 1356 19
1352 1374 23
1353 1366 159
1353 1377 29
1354 1360 43
1354 1369 44
1355 1363 110
1355 1367 58
1355 1373 41
1356 1374 22
1357 1371 130
1357 1372 86
1358 1359 213
1359 1364 134
1359 1365 72
1360 1369 21
1361 1368 29
1361 1372 23
1362 1366 224
1362 1375 77
1362 1377 41
1363 1367 73
1363 1373 53
1364 1365 53
1366 1368 136
1366 1372 106
1366 1377 118
1367 1373 30
1368 1372 23
1369 1370 27
1370 1376 79
1375 1377 40
1379 1412 42
1379 1413 52
1380 1408 59
1380 1415 27
1380 1421 623
1381 1386 24
1381 1407 78
1382 1385 40
1382 1412 28
1382 1413 34
1383 1390 340
1383 1419 202
1385 1396 199
1386 1407 106
1386 1563 75
1387 1403 50
1387 1406 39
1388 1393 79
1388 1411 40
1389 1410 55
1389 1412 48
1390 1410 142
1391 1412 87
1391 1413 105
1392 1403 112
1392 1405 255
1393 1395 36
1393 1402 50
1393 1411 47
1394 1408 83
1394 1418 46
1394 1421 882
1395 1411 18
1396 1409 502
1396 1410 159
1396 1416 121
1397 1399 72
1397 1402 44
1397 1405 122
1397 1419 94
1398 1402 25
1398 1411 23
1399 1402 49
1399 1419 105
1400 1414 45
1400 1420 55
1401 1409 101
1401 1416 25
1403 1405 102
1404 1409 1993
1404 1421 3351
1404 1525 830
1406 1409 118
1406 1416 29
1408 1418 92
1409 1416 125
1412 1413 50
1414 1420 64
1415 1421 821
1417 1420 111
1418 1420 55
1422 1442 102
1422 1452 163
1422 1462 67
1422 1857 87
1423 1463 48
1423 1467 21
1423 1478 26
1424 1443 132
1424 1455 55
1424 1461 37
1425 1430 17
1425 1444 171
1426 1438 21
1426 1450 24
1426 1471 28
1427 1431 113
1427 1451 141
1427 1743 53
1428 1459 40
1428 1479 36
1429 1465 36
1429 1466 92
1430 1438 18
1430 1464 24
1431 1468 62
1432 1457 37
1432 1470 124
1433 1465 116
1433 1466 294
1433 1476 109
1434 1445 45
1434 1461 18
1435 1477 162
1435 1836 227
1436 1441 71
1436 1443 52
1437 1462 222
1437 1829 957
1439 1444 1353
1439 1829 2053
1439 1852 1270
1440 1448 172
1440 1460 219
1440 1462 203
1440 1466 324
1441 1469 510
1441 1472 266
1442 1452 493
1442 1458 280
1443 1449 132
1443 1455 59
1444 1474 163
1444 1821 1019
1445 1461 42
1446 1451 217
1446 1479 74
1447 1453 32
1447 1474 22
1448 1460 120
1449 1455 63
1450 1454 49
1450 1467 18
1450 1471 31
1450 1476 35
1451 1743 108
1452 1864 252
1453 1474 28
1454 1464 73
1456 1469 269
1456 1472 139
1456 1478 41
1457 1470 153
1458 1459 98
1458 1479 93
1459 1467 25
1460 1462 142
1465 1476 50
1468 1470 104
1468 1473 44
1468 1740 18
1469 1478 148
1469 1747 936
1469 1894 1430
1470 1473 220
1471 1476 41
1475 1833 403
1475 1836 395
1477 1837 96
1477 1838 375
1479 1864 52
1480 1494 70
1480 1503 73
1481 1498 137
1481 1526 147
1482 1489 170
1482 1906 29
1483 1531 106
1483 1548 93
1484 1501 146
1484 1542 61
1485 1526 410
1485 1530 167
1485 1542 64
1486 1490 727
1486 1542 91
1487 1531 74
1487 1535 311
1487 1541 61
1487 1546 76
1488 1501 305
1488 1809 1755
1488 1917 550
1489 1906 100
1490 1797 2698
1490 1896 1666
1490 1937 3250
1491 1535 100
1491 1546 25
1492 1514 189
1492 1520 53
1492 1521 45
1492 1544 131
1493 1515 251
1493 1517 108
1494 1502 110
1494 1516 68
1495 1498 458
1495 1503 149
1495 1524 432
1496 1498 358
1496 1538 48
1496 1539 55
1497 1532 32
1497 1534 25
1499 1531 26
1499 1546 26
1500 1520 87
1500 1534 81
1501 1809 860
1501 1917 269
1502 1516 89
1503 1524 268
1504 1523 23
1504 1527 49
1504 1540 64
1505 1519 144
1505 1529 338
1505 1535 515
1506 1528 66
1506 1543 32
1507 1522 70
1507 1525 515
1507 1540 195
1508 1527 50
1508 1540 67
1508 1899 21
1509 1522 20
1509 1525 145
1510 1512 302
1510 1517 138
1511 1513 284
1511 1518 1552
1511 1784 2337
1511 1791 5855
1512 1528 204
1512 1533 581
1513 1536 27
1514 1520 159
1515 1533 609
1515 1535 489
1516 1538 30
1517 1532 78
1517 1534 62
1518 1544 377
1519 1523 27
1520 1521 38
1520 1544 110
1522 1525 156
1523 1527 43
1524 1940 370
1525 1540 437
1525 1809 1380
1525 1896 1114
1526 1530 417
1526 1782 1049
1526 1809 2164
1526 1896 1279
1528 1533 244
1528 1543 42
1529 1532 108
1535 1541 88
1536 1537 81
1537 1545 200
1537 1806 185
1538 1539 18
1543 1547 28
1545 1806 234
1547 1753 101
1548 1719 37
1548 1777 22
1549 1552 36
1549 1555 84
1550 1551 208
1550 1553 184
1550 1677 884
1551 1553 19
1551 1554 20
1552 1553 19
1552 1554 24
1555 1557 58
1555 1558 75
1556 1557 23
1556 1678 34
1557 1558 26
1557 1659 14
1558 1659 24
1559 1563 58
1559 1567 29
1560 1562 22
1560 1567 38
1561 1562 21
1561 1564 15
1564 1565 21
1564 1566 467
1564 1567 25
1565 1567 35
1568 1578 282
1568 1579 722
1568 1586 520
1569 1572 37
1569 1574 86
1569 1578 63
1571 1575 40
1571 1577 36
1572 1573 28
1572 1574 30
1572 1576 25
1573 1574 66
1573 1576 46
1575 1577 24
1577 1579 159
1580 1582 94
1580 1584 40
1581 1582 36
1583 1585 20
1583 1586 183
1584 1586 183
1585 1586 163
1587 1591 35
1587 1616 32
1587 1626 26
1588 1590 85
1588 1593 45
1588 1618 33
1589 1597 320
1589 1605 44
1590 1603 92
1591 1616 70
1591 1617 115
1591 1626 57
1592 1621 39
1592 1628 58
1593 1605 28
1593 1618 22
1594 1598 335
1594 1604 186
1594 1617 268
1595 1603 52
1595 1607 18
1595 1615 211
1595 1623 133
1596 1599 130
1596 1608 354
1596 1628 81
1597 1606 333
1597 1619 4984
1597 1629 1764
1598 1604 147
1598 1619 2110
1599 1608 275
1600 1622 127
1601 1611 194
1601 1613 29
1602 1609 41
1602 1611 141
1602 1614 36
1602 1624 34
1603 1614 70
1604 1606 70
1604 1627 40
1605 1618 25
1607 1612 18
1608 1629 1344
1609 1613 33
1609 1624 57
1610 1622 56
1610 1625 17
1611 1613 125
1613 1614 30
1615 1623 1082
1616 1622 88
1616 1625 35
1617 1625 56
1617 1626 87
1619 1627 580
1619 1629 6312
1620 1621 31
1620 1628 44
1621 1628 26
1630 1642 17
1630 1643 25
1631 1637 187
1631 1648 932
1632 1638 284
1632 1650 120
1633 1634 50
1633 1637 119
1633 1643 51
1634 1643 36
1635 1638 118
1635 1641 187
1635 1646 70
1635 1650 52
1636 1641 103
1636 1642 19
1636 1646 39
1636 1652 19
1637 1643 87
1638 1650 97
1639 1642 15
1639 1647 89
1641 1644 103
1641 1646 199
1642 1647 94
1644 1646 37
1653 1677 347
1653 1680 29
1654 1664 236
1654 1671 38
1655 1663 121
1655 1665 43
1656 1668 50
1656 1671 25
1657 1662 62
1657 1666 50
1658 1663 123
1658 1665 49
1659 1666 23
1659 1669 45
1660 1664 138
1660 1666 23
1660 1669 39
1661 1665 72
1661 1668 107
1662 1666 35
1663 1665 49
1664 1671 234
1665 1668 47
1666 1669 63
1667 1669 50
1672 1674 24
1672 1683 21
1673 1677 275
1673 1680 22
1674 1675 34
1674 1677 508
1674 1683 38
1675 1677 296
1675 1682 21
1676 1681 116
1676 1682 18
1677 1679 255
1677 1680 380
1677 1682 325
1677 1687 990
1679 1682 19
1680 1683 22
1681 1682 92
1684 1687 647
1684 1689 25
1684 1691 38
1685 1689 32
1685 1691 43
1686 1692 38
1686 1693 22
1687 1689 447
1687 1690 421
1687 1691 716
1687 1692 894
1687 1693 511
1688 1689 15
1688 1692 26
1690 1693 19
1692 1693 39
1694 1700 17
1694 1704 17
1695 1696 168
1695 1697 158
1695 1702 130
1696 1697 40
1697 1700 23
1697 1703 23
1698 1701 77
1698 1703 20
1699 1701 88
1699 1702 34
1700 1704 16
1701 1703 55
1705 1707 12
1705 1711 79
1706 1709 75
1706 1710 31
1708 1710 44
1708 1711 136
1709 1710 117
1710 1711 174
1712 1714 160
1713 1715 18
1716 1729 99
1716 1750 460
1716 1756 192
1717 1726 182
1717 1766 30
1718 1738 446
1718 1747 1387
1718 1759 229
1718 1858 1179
1719 1773 48
1720 1737 486
1720 1764 260
1721 1747 355
1721 1760 59
1722 1742 151
1722 1745 532
1722 1763 347
1723 1788 223
1723 1860 95
1723 1873 20
1724 1745 547
1724 1759 121
1725 1748 95
1725 1757 147
1726 1744 194
1726 1749 795
1727 1752 62
1727 1770 35
1728 1768 44
1728 1776 232
1729 1743 32
1729 1756 48
1729 1867 37
1730 1741 30
1730 1762 29
1731 1744 99
1731 1749 406
1731 1799 309
1732 1765 130
1732 1882 29
1732 1893 184
1733 1734 82
1733 1741 28
1733 1762 27
1734 1741 85
1734 1762 81
1734 1767 291
1735 1740 27
1735 1747 224
1735 1771 37
1736 1760 32
1736 1772 30
1737 1765 389
1737 1882 88
1738 1760 62
1738 1769 80
1739 1746 88
1739 1770 20
1739 1774 21
1740 1747 137
1741 1761 34
1741 1762 28
1742 1767 132
1742 1769 53
1742 1775 194
1743 1756 61
1745 1763 418
1745 1764 292
1745 1776 735
1746 1774 73
1747 1771 193
1747 1858 910
1748 1753 204
1748 1757 247
1749 1784 1136
1749 1788 1627
1750 1855 360
1750 1867 174
1751 1758 135
1751 1882 23
1752 1770 31
1752 1773 47
1753 1757 319
1753 1777 82
1754 1755 140
1754 1778 161
1755 1766 58
1755 1778 247
1757 1777 97
1758 1882 98
1758 1892 350
1760 1769 41
1761 1762 32
1763 1764 190
1763 1768 91
1763 1776 482
1766 1778 67
1767 1775 497
1770 1773 27
1770 1774 18
1772 1774 22
1779 1797 3368
1779 1803 1793
1780 1783 1070
1780 1812 776
1781 1793 1562
1781 1807 504
1782 1787 2209
1782 1803 1307
1783 1785 2109
1783 1788 1985
1783 1791 3716
1784 1785 1808
1784 1791 3200
1785 1791 4579
1785 1798 1939
1786 1795 98
1786 1802 58
1787 1803 2306
1787 1809 4418
1788 1860 1013
1789 1794 404
1789 1799 555
1789 1805 340
1790 1792 3303
1790 1797 3501
1790 1800 2364
1791 1803 3304
1792 1800 3026
1792 1845 2408
1793 1797 4655
1793 1937 5459
1794 1799 467
1794 1805 287
1795 1802 123
1795 1810 338
1796 1826 1677
1796 1839 111
1797 1807 1510
1797 1809 4832
1798 1801 818
1798 1811 940
1798 1883 519
1798 1884 1668
1799 1805 393
1800 1808 1511
1800 1845 1731
1801 1811 522
1802 1804 155
1802 1810 201
1804 1806 268
1808 1848 1406
1808 1937 2639
1811 1812 736
1813 1854 377
1813 1871 352
1814 1816 351
1814 1823 99
1814 1850 615
1815 1820 2174
1815 1827 469
1815 1840 381
1816 1831 1807
1817 1819 380
1817 1825 188
1817 1852 529
1818 1821 1298
1818 1822 2550
1818 1836 1064
1819 1825 241
1819 1844 716
1820 1827 1425
1820 1830 1652
1820 1844 2615
1820 1876 3107
1821 1822 2120
1821 1828 777
1821 1837 168
1821 1838 658
1821 1852 1011
1822 1833 1825
1823 1932 266
1824 1933 112
1824 1945 93
1826 1831 5057
1826 1839 468
1826 1841 2249
1826 1845 3118
1826 1848 3601
1827 1830 358
1828 1837 120
1828 1838 468
1829 1846 252
1829 1852 1518
1829 1861 1073
1831 1842 2566
1831 1845 2222
1832 1847 1326
1832 1853 1307
1833 1836 763
1834 1842 1594
1834 1847 1587
1835 1841 588
1835 1905 147
1835 1933 248
1836 1837 139
1840 1842 609
1843 1852 499
1843 1868 416
1844 1847 1361
1844 1852 992
1844 1853 1361
1846 1849 133
1847 1850 2201
1847 1851 1705
1848 1941 1930
1848 1945 401
1849 1861 571
1849 1879 326
1850 1851 2135
1851 1932 1271
1853 1868 1079
1853 1870 1049
1853 1876 1597
1854 1866 372
1854 1871 533
1855 1869 150
1856 1877 809
1856 1885 2353
1856 1889 1586
1856 1890 1461
1857 1861 327
1857 1888 899
1858 1885 2177
1858 1890 1341
1858 1891 545
1859 1876 676
1859 1877 410
1860 1873 93
1862 1883 277
1862 1889 939
1863 1875 269
1863 1880 171
1864 1865 70
1865 1875 159
1865 1887 111
1866 1871 348
1866 1883 211
1869 1880 124
1869 1893 243
1870 1881 351
1871 1886 326
1872 1887 843
1872 1888 3520
1872 1894 4184
1873 1886 65
1874 1885 1578
1874 1891 395
1875 1880 264
1878 1881 161
1878 1890 478
1879 1888 736
1880 1894 926
1881 1890 586
1882 1892 60
1884 1889 1996
1884 1890 1810
1885 1889 3053
1885 1890 2811
1888 1894 4181
1890 1894 2960
1891 1892 246
1895 1896 573
1895 1902 298
1896 1898 588
1896 1902 1047
1896 1918 228
1896 1940 598
1897 1900 83
1897 1904 29
1897 1910 80
1897 1926 41
1898 1903 167
1900 1924 55
1901 1910 189
1901 1916 284
1902 1929 436
1902 1940 309
1903 1906 53
1903 1918 65
1904 1947 33
1905 1916 114
1905 1933 75
1906 1918 21
1907 1912 129
1907 1934 309
1908 1925 446
1908 1935 412
1909 1920 109
1909 1942 39
1910 1939 239
1910 1941 524
1911 1914 180
1911 1915 506
1912 1944 43
1913 1934 391
1913 1938 160
1914 1915 150
1914 1947 54
1915 1932 655
1915 1946 222
1916 1945 158
1919 1925 327
1919 1943 219
1920 1921 114
1920 1942 150
1920 1944 142
1921 1944 38
1922 1930 59
1922 1931 65
1923 1934 274
1923 1938 111
1924 1927 27
1925 1937 1678
1926 1939 123
1926 1941 270
1927 1928 67
1927 1935 110
1928 1938 71
1929 1940 247
1930 1931 76
1931 1936 41
1932 1941 1448
1932 1946 338
1936 1942 31
1939 1941 979
1943 1945 128



8914 0 912 saint-genis-pouilly
6054 0 344 peronnas
9066 0 370 miribel-01
5205 0 179 thoiry-01
8160 0 240 divonne-les-bains
6756 0 247 lagnieu
13835 0 562 amberieu-en-bugey
8025 0 1678 ferney-voltaire
6006 0 133 viriat
22650 0 626 oyonnax
6999 0 174 montluel
8755 0 390 belley
5976 0 1242 jassans-riottier
7268 0 528 meximieux
5980 0 495 prevessin-moens
6730 0 1178 trevoux-01
11790 0 773 bellegarde-sur-valserine
40088 0 1680 bourg-en-bresse
5405 0 429 saint-denis-les-bourg
10372 0 323 gex
28646 0 2325 soissons
11983 0 902 chauny
25986 0 618 laon
14139 0 787 tergnier
9383 0 277 hirson
5173 0 320 guise
14480 0 874 chateau-thierry
55978 0 2481 saint-quentin
10317 0 247 villers-cotterets
5976 0 188 bohain-en-vermandois
5443 0 872 gauchy
8990 0 252 domerat
13074 0 302 yzeure
5806 0 157 gannat
38402 0 1857 montlucon
8546 0 450 bellerive-sur-allier
24774 0 4234 vichy
6651 0 317 commentry
13370 0 418 cusset
19590 0 2275 moulins-03
5266 0 287 chateau-arnoux-saint-auban
5392 0 140 oraison
7450 0 148 sisteron
22105 0 389 manosque
16922 0 144 digne-les-bains
6110 0 167 embrun
39744 0 359 gap
11627 0 414 briancon
6821 0 520 gaude
19281 0 491 vence
51036 0 1148 grasse
7867 0 806 peymeinade
13515 0 4844 beausoleil
6355 0 295 roquefort-les-pins
9449 0 608 biot-06
5419 0 1110 villefranche-sur-mer
12275 0 647 valbonne
28252 0 2166 vallauris
7010 0 360 contes-06
10198 0 754 mouans-sartoux
5004 0 1749 saint-andre-de-la-roche
74120 0 2799 antibes
73234 0 3732 cannes
15020 0 766 villeneuve-loubet
6809 0 603 pegomas
18917 0 737 mougins
42320 0 5488 cannet-06
11508 0 761 carros
10332 0 693 trinite-06
47141 0 2626 cagnes-sur-mer
28858 0 2053 menton
29963 0 2963 saint-laurent-du-var
343304 0 4773 nice
12532 0 1343 roquebrune-cap-martin
5022 0 2461 cap-d-ail
7676 0 781 colle-sur-loup
22203 0 707 mandelieu-la-napoule
7294 0 303 saint-peray
8010 0 301 teil
11044 0 1686 guilherand-granges
8369 0 689 privas
10676 0 508 tournon-sur-rhone
16660 0 785 annonay
7264 0 166 bourg-saint-andeol
5064 0 522 voulte-sur-rhone
11323 0 790 aubenas
6663 0 361 givet
6318 0 578 nouzonville
49810 0 1584 charleville-mezieres
7214 0 187 revin
7716 0 415 rethel
5478 0 236 bogny-sur-meuse
18577 0 1141 sedan
6500 0 339 saint-girons
9885 0 511 foix
6525 0 519 lavelanet
15372 0 335 pamiers
6883 0 1308 saint-julien-les-villas
13228 0 1262 chapelle-saint-luc
10196 0 1350 sainte-savine
6064 0 301 nogent-sur-seine
13526 0 534 romilly-sur-seine
11335 0 1934 saint-andre-les-vergers
5259 0 323 bar-sur-aube
60280 0 4566 troyes
47419 0 728 carcassonne
11753 0 246 castelnaudary
10130 0 312 limoux
51039 0 295 narbonne
5377 0 152 sigean
5713 0 200 port-la-nouvelle
10539 0 279 lezignan-corbieres
5308 0 324 trebes
6050 0 245 coursan
5709 0 212 luc-la-primaube
11084 0 275 onet-le-chateau
23917 0 2139 rodez
8288 0 74 saint-affrique
21887 0 130 millau
12124 0 264 villefranche-de-rouergue
6012 0 433 decazeville
5186 0 203 roque-d-antheron
7722 0 287 cassis
6540 0 213 senas
10617 0 119 saint-remy-de-provence
7554 0 221 eguilles
42544 0 374 istres
5233 0 187 noves
141438 0 760 aix-en-provence
19521 0 388 allauch
6895 0 493 fare-les-oliviers
5523 0 151 saint-cannat
13679 0 628 bouc-bel-air
5384 0 403 peypin
5990 0 475 bouilladisse
5052 0 162 roquefort-la-bedoule
6561 0 1387 saint-victoret
43152 0 613 salon-de-provence
850726 0 3535 marseille
8638 0 117 port-saint-louis-du-rhone
5299 0 114 puy-sainte-reparade
14928 0 427 chateaurenard
6041 0 214 mallemort
8572 0 234 cabries
7778 0 291 saint-chamas
5428 0 258 saint-mitre-les-remparts
11770 0 674 rognac
10917 0 1281 plan-de-cuques
52661 0 69 arles
8185 0 398 venelles
46423 0 845 aubagne
47544 0 665 martigues
17216 0 1502 port-de-bouc
9018 0 1043 gignac-la-nerthe
35021 0 957 vitrolles-13
13297 0 179 tarascon
11209 0 628 septemes-les-vallons
7606 0 628 sausset-les-pins
25368 0 985 miramas
9247 0 308 fuveau
8549 0 358 roquevaire
15357 0 166 fos-sur-mer
5295 0 263 meyreuil
19482 0 578 pennes-mirabeau
9518 0 498 pelissanne
33829 0 1075 ciotat
6336 0 1779 penne-sur-huveaune
10288 0 146 trets
6137 0 187 gemenos
6305 0 624 carry-le-rouet
11180 0 52 saint-martin-de-crau
5225 0 202 ensues-la-redonne
34485 0 1488 marignane
5435 0 182 simiane-collongue
8326 0 120 lancon-provence
9239 0 141 lambesc
6862 0 1988 carnoux-en-provence
6404 0 93 eyguieres
8515 0 337 velaux
20474 0 757 gardanne
13582 0 311 berre-l-etang
11764 0 263 auriol
11665 0 368 chateauneuf-les-martigues
5813 0 817 blainville-sur-orne
9381 0 942 ouistreham
11999 0 533 vire-14
11028 0 1217 ifs-14
5422 0 432 conde-sur-noireau
5585 0 782 colombelles
21640 0 1655 lisieux
8279 0 699 falaise-14
13222 0 1862 bayeux
9450 0 1044 mondeville-14
21434 0 2014 herouville-saint-clair
108954 0 4239 caen
5949 0 920 dives-sur-mer
8093 0 592 honfleur
27924 0 970 aurillac
6711 0 247 saint-flour-15
6053 0 126 arpajon-sur-cere
9561 0 749 soyaux
7123 0 247 couronne
7025 0 479 saint-yrieix-sur-charente
5937 0 796 gond-pontouvre
7370 0 691 ruelle-sur-touvre
18557 0 1197 cognac
41613 0 1904 angouleme
5168 0 114 champniers-16
5284 0 888 isle-d-espagnac
6687 0 164 saint-pierre-d-oleron
6508 0 226 surgeres
7284 0 675 perigny-17
26011 0 571 saintes
5640 0 514 nieul-sur-mer
6796 0 376 saujon
75170 0 2644 rochelle-17
8914 0 729 aytre
17946 0 929 royan
5329 0 290 dompierre-sur-mer
7669 0 408 saint-jean-d-angely
5607 0 279 marennes-17
7758 0 225 tonnay-charente
25140 0 1145 rochefort-17
7230 0 899 lagord
5071 0 479 saint-georges-de-didonne
6029 0 914 chatelaillon-plage
5361 0 680 puilboreau
9197 0 383 saint-doulchard
10761 0 533 saint-amand-montrond
26946 0 361 vierzon
6820 0 278 mehun-sur-yevre
6608 0 294 saint-florent-sur-cher
66381 0 965 bourges
5769 0 93 aubigny-sur-nere
14923 0 610 tulle
10245 0 203 ussel-19
7709 0 466 malemort-sur-correze
48949 0 1007 brive-la-gaillarde
9752 0 1190 quetigny
5513 0 118 montbard
5600 0 273 nuits-saint-georges
14045 0 1892 chenove
22394 0 715 beaune
151212 0 3741 dijon
5564 0 167 chatillon-sur-seine
9114 0 2029 fontaine-les-dijon
11475 0 2341 talant
5108 0 397 marsannay-la-cote
5613 0 464 genlis
7741 0 190 auxonne
6276 0 612 saint-apollinaire-21
9969 0 823 chevigny-saint-sauveur
9290 0 879 longvic
11111 0 410 ploufragan
7511 0 530 perros-guirec
7634 0 323 paimpol
9857 0 122 loudeac
46209 0 2111 saint-brieuc
5142 0 160 ploumagoar
7280 0 2134 guingamp
5956 0 205 pordic
20079 0 457 lannion
7178 0 788 langueux
7926 0 543 tregueux
10819 0 2632 dinan
12098 0 158 lamballe
6039 0 173 pledran
13788 0 497 plerin
13573 0 517 gueret
5522 0 148 souterraine
6606 0 453 boulazac
8356 0 385 coulounieix-chamiers
29573 0 3011 perigueux
9739 0 206 sarlat-la-caneda
27648 0 492 bergerac
7097 0 310 trelissac
5465 0 117 montpon-menesterol
5469 0 159 saint-astier-24
6225 0 158 terrasson-lavilledieu
6700 0 474 morteau
5971 0 912 bethoncourt
5088 0 199 valdahon
5194 0 1139 grand-charmont
11388 0 1169 valentigney
18456 0 446 pontarlier
5922 0 747 seloncourt
5315 0 214 baume-les-dames
25875 0 1723 montbeliard
14825 0 1692 audincourt
116914 0 1797 besancon
6950 0 296 nyons
33536 0 1013 romans-sur-isere
63405 0 1728 valence-26
7915 0 338 crest-26
8972 0 227 livron-sur-drome
35314 0 754 montelimar
5853 0 1206 tain-l-hermitage
5961 0 444 saint-rambert-d-albon
5293 0 351 saint-marcel-les-valence
18623 0 917 bourg-les-valence
5821 0 203 loriol-sur-drome
8691 0 394 saint-paul-trois-chateaux
9462 0 655 portes-les-valence
5343 0 166 donzere
13026 0 262 pierrelatte
10128 0 738 bourg-de-peage
6690 0 162 chabeuil
11554 0 693 gisors
17734 0 655 louviers
10449 0 434 bernay
8838 0 945 pont-audemer
25147 0 720 vernon-27
8205 0 201 andelys
13380 0 522 val-de-reuil
7271 0 713 gaillon
50537 0 1909 evreux
6205 0 194 verneuil-sur-avre
5367 0 832 epernon
5669 0 754 leves
15926 0 2628 luce-28
38931 0 2310 chartres
31031 0 1278 dreux
11751 0 970 vernouillet-28
13640 0 478 chateaudun
10324 0 866 mainvilliers-28
10884 0 463 nogent-le-rotrou
6834 0 1542 luisant
10762 0 1673 relecq-kerhuon
7415 0 390 guilers
5293 0 225 lannilis
5376 0 79 briec
11776 0 371 quimperle
13178 0 281 plougastel-daoulas
6904 0 294 saint-pol-de-leon
6393 0 147 plouguerneau
9155 0 279 fouesnant
5290 0 44 scaer
5213 0 250 chateaulin
8322 0 457 pont-l-abbe
13403 0 303 guipavas
7515 0 564 saint-renan
19048 0 463 concarneau
6126 0 507 gouesnou
7083 0 689 lesneven
9167 0 482 landivisiau
6837 0 135 tregunc
7809 0 97 crozon
8084 0 160 plabennec
15421 0 621 morlaix
11717 0 353 plouzane
7227 0 125 rosporden
5450 0 70 bannalec
7864 0 197 ergue-gaberic
63550 0 752 quimper
5796 0 353 penmarch
14912 0 597 douarnenez
15272 0 1157 landerneau
6968 0 147 moelan-sur-mer
5825 0 119 ploneour-lanvern
7659 0 296 carhaix-plouguer
141303 0 2854 brest
6301 0 271 ploudalmezeau
8178 0 149 grau-du-roi
5424 0 206 roquemaure-30
15946 0 184 beaucaire-30
8341 0 144 aigues-mortes
5690 0 215 manduel
8240 0 467 angles-30
10437 0 564 pont-saint-esprit
7272 0 213 rochefort-du-gard
5163 0 429 grand-combe
13564 0 88 saint-gilles-30
142205 0 878 nîmes
18245 0 581 bagnols-sur-ceze
5798 0 317 milhaud
8552 0 336 uzes
8634 0 341 marguerittes
41205 0 1779 ales
11023 0 100 vauvert
12384 0 677 villeneuve-les-avignon
6691 0 330 saint-christol-les-ales
6282 0 139 bellegarde-30
6134 0 388 bouillargues
5723 0 167 laudun-l-ardoise
5179 0 1171 beauzelle
11248 0 411 saint-gaudens
8475 0 346 leguevin
35186 0 1689 colomiers
23864 0 412 muret
8537 0 400 saint-lys
11994 0 1856 ramonville-saint-agne
5724 0 306 cornebarrieu
5166 0 543 fenouillet-31
11033 0 1342 castanet-tolosan
25340 0 1394 tournefeuille
9435 0 582 portet-sur-garonne
5205 0 195 carbonne
8745 0 1078 castelginest
6911 0 1201 salvetat-saint-gilles
5654 0 121 villemur-sur-tarn
8091 0 312 pibrac
21710 0 1286 blagnac
441802 0 3734 toulouse
7902 0 998 frouzins
9107 0 249 auterive-31
5932 0 704 escalquens
7839 0 310 seysses
6357 0 461 aussonne
8637 0 1700 villeneuve-tolosane
10259 0 1727 saint-jean
8049 0 2032 aucamville-31
11868 0 1753 union
5082 0 266 saint-jory
5600 0 197 castelnau-d-estretefonds
10918 0 835 saint-orens-de-gameville
11111 0 583 fonsorbes
15807 0 1214 cugnaux
13474 0 812 balma
5634 0 1322 saint-alban-31
7149 0 1018 launaguet
16091 0 606 plaisance-du-touch
9361 0 265 revel-31
8074 0 218 grenade
5594 0 122 fronton
5390 0 360 eaunes
7336 0 104 isle-jourdain-32
21576 0 297 auch
7012 0 72 condom
6339 0 146 fleurance
6966 0 57 saint-jean-d-illac
5109 0 425 canejan
23095 0 4374 bouscat
23624 0 1145 libourne
16202 0 1868 floirac-33
7391 0 539 langon-33
23063 0 1462 gradignan
8045 0 238 coutras
9672 0 183 biganos
239157 0 4845 bordeaux
24913 0 2501 begles
7978 0 365 parempuyre
6052 0 73 audenge
6899 0 671 bassens-33
6186 0 178 saint-aubin-de-medoc
8933 0 964 haillan
5581 0 150 lesparre-medoc
24591 0 136 teste-de-buch
19571 0 1629 eysines
5075 0 223 pauillac
10975 0 1451 arcachon
19305 0 357 gujan-mestras
8004 0 319 saint-loubes
11127 0 556 andernos-les-bains
27719 0 325 saint-medard-en-jalles
6586 0 75 teich
14779 0 438 blanquefort-33
7245 0 995 artigues-pres-bordeaux
5576 0 115 ares
14903 0 1048 bruges
5570 0 184 pian-medoc
7227 0 273 martignas-sur-jalle
19799 0 2690 lormont
6885 0 1783 carbon-blanc
28420 0 1336 villenave-d-ornon
7219 0 52 mios
16353 0 164 cestas
13270 0 535 ambares-et-lagrave
9309 0 224 leognan
40600 0 4862 talence
58025 0 1494 pessac
6196 0 45 lanton
5370 0 344 izon
66142 0 1373 merignac-33
9099 0 600 taillan-medoc
22242 0 4029 cenon
6158 0 44 salles-33
7714 0 82 lege-cap-ferret
9594 0 414 saint-andre-de-cubzac
5170 0 182 saint-denis-de-pile
16307 0 329 mauguio
8509 0 1415 perols
14948 0 1337 castelnau-le-lez
6236 0 198 fabregues
6206 0 808 baillargues
6088 0 142 marsillargues
6453 0 231 bedarieux
15927 0 572 lattes
5343 0 573 saint-georges-d-orques
24567 0 483 agde
70955 0 743 beziers
6868 0 793 balaruc-les-bains
10523 0 304 meze
42774 0 1766 sete
8716 0 676 saint-jean-de-vedas
7512 0 324 lodeve
5200 0 676 clapiers
8251 0 279 pezenas
5447 0 182 gignac-34
8821 0 534 saint-gely-du-fesc
5224 0 173 poussan
6366 0 313 pignan
5752 0 239 castries
22526 0 710 frontignan
7883 0 152 marseillan-34
8005 0 1370 cres
257351 0 4524 montpellier
9141 0 402 villeneuve-les-maguelone
6685 0 243 serignan
5579 0 621 vendargues
5939 0 207 cournonterral
25277 0 1057 lunel
6393 0 393 grabels
8440 0 797 grande-motte
5354 0 164 vias
7466 0 689 juvignac
5319 0 271 saint-andre-de-sangonis
8018 0 246 clermont-l-herault
5687 0 343 gigean
5995 0 2518 palavas-les-flots
7339 0 113 bain-de-bretagne
207178 0 4111 rennes
9592 0 635 redon
46342 0 1266 saint-malo
10579 0 1349 dinard
5324 0 422 cancale
8549 0 494 saint-gregoire-35
8146 0 413 vern-sur-seiche
5637 0 88 combourg
6829 0 102 liffre
6458 0 460 montfort-sur-meu
8142 0 197 janze
16465 0 549 bruz
7140 0 525 thorigne-fouillard
10111 0 378 betton
19779 0 1890 fougeres
6250 0 235 noyal-chatillon-sur-seiche
5055 0 149 breal-sous-montfort
16834 0 454 vitre-35
5962 0 200 pleurtuit
9961 0 285 pace-35
7669 0 405 rheu
10497 0 887 saint-jacques-de-la-lande
5441 0 179 noyal-sur-vilaine
7500 0 174 guichen
9823 0 819 chantepie
15219 0 473 cesson-sevigne
7260 0 729 chartres-de-bretagne
6545 0 752 chateaugiron
5577 0 172 melesse
5335 0 343 dol-de-bretagne
6166 0 208 acigne
7180 0 241 mordelles
6081 0 212 chateaubourg-35
7916 0 249 deols
13090 0 357 issoudun
46140 0 1806 chateauroux
5829 0 129 poinconnet
5120 0 174 argenton-sur-creuse
6968 0 120 blanc
5213 0 169 blere
16072 0 1190 saint-cyr-sur-loire
8106 0 309 ballan-mire
12846 0 316 amboise
6507 0 240 loches
7894 0 202 chinon
10733 0 553 chambray-les-tours
134817 0 3888 tours
15227 0 1349 saint-pierre-des-corps
35976 0 1110 joue-les-tours
6962 0 255 monts-37
5181 0 1476 chateau-renault
10487 0 427 montlouis-sur-loire
13947 0 1052 saint-avertin
10377 0 326 fondettes
6091 0 229 veigne
5078 0 149 luynes
10080 0 1233 riche-37
19893 0 908 voiron
6751 0 911 peage-de-roussillon
36177 0 3906 saint-martin-d-heres
17487 0 1419 meylan
7722 0 892 charvieu-chavagneux
5143 0 2049 pont-de-cheruy
6411 0 965 verpilliere
7630 0 725 vizille
7975 0 1671 tour-du-pin
7964 0 685 roussillon-38
6381 0 428 saint-ismier
22243 0 3300 fontaine-38
35748 0 4548 echirolles
5430 0 181 avenieres
155637 0 8584 grenoble
6330 0 303 varces-allieres-et-risset
6626 0 1252 domene
26173 0 1073 bourgoin-jallieu
5357 0 532 saint-martin-le-vinoux
6232 0 970 tronche
6055 0 454 tignieu-jameyzieu
11268 0 2012 pont-de-claix
16006 0 1471 saint-egreve
5446 0 183 saint-martin-d-uriage
8062 0 1032 saint-marcellin
6062 0 554 rives-38
7780 0 387 moirans
5845 0 455 saint-maurice-l-exil
18374 0 1579 villefontaine
5922 0 259 saint-quentin-fallavier
5041 0 575 pont-eveque
10996 0 826 sassenage
5091 0 611 mure
15586 0 1710 isle-d-abeau
6118 0 882 gieres
7296 0 1249 villard-bonnot
7663 0 266 tullins
8451 0 594 crolles
9847 0 343 voreppe
6913 0 864 seyssins
7538 0 312 claix-38
8053 0 284 vif
5267 0 665 chasse-sur-rhone
12113 0 1137 seyssinet-pariset
29328 0 1294 vienne
7162 0 459 pontcharra
9582 0 2129 eybens
11026 0 157 saint-claude
5154 0 532 morez
24629 0 641 dole
17681 0 2302 lons-le-saunier
8077 0 400 champagnole
6279 0 108 aire-sur-l-adour
5304 0 47 parentis-en-born
7069 0 61 mimizan
12197 0 76 biscarrosse
20665 0 1048 dax
7965 0 366 capbreton
8924 0 339 saint-pierre-du-mont-40
11906 0 453 tarnos
31225 0 846 mont-de-marsan
7294 0 72 soustons
12409 0 212 saint-paul-les-dax
7585 0 361 saint-vincent-de-tyrosse
17027 0 375 romorantin-lanthenay
7119 0 318 vineuil-41
16920 0 708 vendome
5704 0 53 salbris
46492 0 1241 blois
6115 0 231 mer
14996 0 2045 rive-de-gier
17133 0 1639 firminy
5683 0 448 saint-genest-lerpt
5588 0 287 saint-galmier
6459 0 846 talaudiere
8643 0 1007 unieux
8507 0 817 veauche
7717 0 633 sorbiers-42
15299 0 936 montbrison
171260 0 2141 saint-etienne
6316 0 544 saint-jean-bonnefonds
5605 0 231 sury-le-comtal
9676 0 594 andrezieux-boutheon
12851 0 733 chambon-feugerolles
5110 0 244 chazelles-sur-lyon
6905 0 1412 coteau
35793 0 652 saint-chamond
14172 0 348 saint-just-saint-rambert
5070 0 1251 grand-croix
6177 0 2012 saint-priest-en-jarez
7551 0 230 mably
7976 0 1147 ricamarie
10359 0 593 roche-la-moliere
7831 0 1369 villars-42
36806 0 2283 roanne
7921 0 324 feurs
10714 0 690 riorges
8717 0 180 monistrol-sur-loire
6664 0 492 brioude
5614 0 250 aurec-sur-loire
5913 0 192 sainte-sigolene
18521 0 1103 puy-en-velay
7009 0 86 yssingeaux
5437 0 130 sainte-pazanne
17805 0 410 carquefou
43153 0 1437 saint-herblain
8425 0 142 vallet
6748 0 139 donges
9434 0 92 blain
14101 0 149 pornic
6258 0 151 suce-sur-erdre
6793 0 184 montoir-de-bretagne
8091 0 588 basse-goulaine
7052 0 155 loroux-bottereau
7264 0 505 trignac
7674 0 601 thouare-sur-loire
5336 0 215 saint-andre-des-eaux-44
18194 0 577 bouguenais
7444 0 571 sorinieres
25017 0 2145 saint-sebastien-sur-loire
7565 0 290 savenay
5017 0 154 chevroliere
5131 0 450 saint-jean-de-boiseau
5817 0 81 herbignac
5195 0 234 chapelle-basse-mer
5035 0 47 guemene-penfao
5684 0 259 pont-saint-martin
7965 0 274 treillieres
5985 0 1644 montagne-44
18591 0 422 coueron
24504 0 885 orvault
6901 0 399 sautron
6732 0 595 clisson
5914 0 88 machecoul
9683 0 173 pontchateau
6611 0 114 saint-etienne-de-montluc
6820 0 214 saint-julien-de-concelles
10451 0 824 pornichet
21443 0 600 vertou
284970 0 4371 nantes
11907 0 1039 sainte-luce-sur-loire
38425 0 2788 reze
12022 0 357 chateaubriant
8061 0 137 saint-philbert-de-grand-lieu
5276 0 71 heric
5958 0 430 bouaye
15534 0 190 guerande
7551 0 376 ancenis
7781 0 116 nort-sur-erdre
12248 0 634 saint-brevin-les-pins
5438 0 99 vigneux-de-bretagne
16040 0 722 baule-escoublac
17300 0 517 chapelle-sur-erdre
67031 0 1432 saint-nazaire-44
5530 0 268 haute-goulaine
11588 0 287 amilly-45
7127 0 82 ferte-saint-aubin
5710 0 125 briare
19057 0 1391 saint-jean-de-braye
14684 0 216 gien
6450 0 562 villemandeur
7659 0 465 beaugency
8804 0 1268 pithiviers
14649 0 3284 montargis
6086 0 299 meung-sur-loire
13050 0 993 chalette-sur-loing
9658 0 1077 chapelle-saint-mesmin
21171 0 2091 fleury-les-aubrais
8208 0 530 checy
6190 0 351 malesherbes
15120 0 769 saran
5443 0 124 sully-sur-loire
16631 0 2726 saint-jean-de-la-ruelle
5188 0 584 saint-pryve-saint-mesmin
8185 0 1068 saint-jean-le-blanc-45
7899 0 379 ingre
7162 0 418 saint-denis-en-val
114167 0 4154 orleans
8005 0 200 chateauneuf-sur-loire
19583 0 837 olivet-45
9810 0 279 figeac
20194 0 312 cahors
6093 0 296 bon-encontre
5024 0 174 foulayronnes
8965 0 257 tonneins
33981 0 2957 agen
23513 0 289 villeneuve-sur-lot
5421 0 328 boe
9395 0 728 passage-47
18400 0 408 marmande
6290 0 203 sainte-livrade-sur-lot
5162 0 227 fumel
7125 0 113 nerac
5053 0 405 marvejols
12140 0 332 mende
7028 0 142 chemille
54098 0 618 cholet
6784 0 189 beaupreau
147571 0 3455 angers
6380 0 178 beaufort-en-vallee
7107 0 514 montreuil-juigne
12384 0 1015 trelaze
8702 0 596 saint-barthelemy-d-anjou
12639 0 797 avrille-49
6801 0 425 segre
6492 0 168 chalonnes-sur-loire
6175 0 311 bouchemaine
7518 0 209 doue-la-fontaine
11696 0 598 ponts-de-ce
6826 0 70 longue-jumelles
27283 0 411 saumur
5326 0 308 mûrs-erigne
6829 0 249 saint-macaire-en-mauges
17339 0 1351 equeurdreville-hainneville
8020 0 1782 avranches
15910 0 925 tourlaville
12969 0 1310 granville
9355 0 747 coutances
6063 0 387 carentan
5244 0 943 querqueville
38433 0 2695 cherbourg-octeville
18718 0 807 saint-lo
7190 0 460 valognes
5501 0 294 glacerie
6445 0 323 betheny
179992 0 3837 reims
24035 0 1059 epernay
5048 0 217 mourmelon-le-grand
13384 0 2075 vitry-le-francois
45299 0 1738 chalons-en-champagne
6082 0 1316 cormontreuil
5264 0 230 sezanne
10300 0 2481 tinqueux
5391 0 321 fismes
5319 0 420 saint-memmie
23011 0 416 chaumont-52
8082 0 361 langres
25526 0 535 saint-dizier
11585 0 413 chateau-gontier
5509 0 158 change-53
5791 0 158 ernee
7277 0 226 saint-berthevin
13299 0 668 mayenne
7148 0 201 evron
5842 0 212 bonchamp-les-laval
50940 0 1488 laval-53
6829 0 2147 joeuf
7723 0 1391 tomblaine
8094 0 1074 malzeville
8117 0 922 mont-saint-martin-54
6012 0 482 laneuveville-devant-nancy
7697 0 935 saint-nicolas-de-port
9385 0 3862 jarville-la-malgrange
8519 0 546 jarny
9421 0 1436 villerupt
6693 0 516 frouard
14420 0 2700 longwy
9930 0 5367 saint-max
105421 0 7023 nancy
6463 0 790 ludres
5577 0 187 longuyon
14505 0 671 pont-a-mousson
6920 0 288 champigneulles
5579 0 205 briey
5774 0 1581 heillecourt
19740 0 1208 luneville
8450 0 1469 essey-les-nancy
9561 0 1698 maxeville
30974 0 3274 vandoeuvre-les-nancy
7162 0 1613 neuves-maisons
10028 0 894 dombasle-sur-meurthe
15693 0 513 toul
14341 0 1441 villers-les-nancy
6003 0 237 liverdun
6322 0 1423 homecourt
14812 0 929 laxou
18513 0 596 verdun-55
6340 0 179 commercy
15898 0 673 bar-le-duc
12322 0 1783 auray
7391 0 111 questembert
8798 0 367 queven
6736 0 142 theix
7682 0 127 sarzeau
13765 0 553 pontivy
57204 0 3272 lorient
5097 0 362 riantec
52515 0 1625 vannes
5378 0 290 arradon
8682 0 435 sene
6918 0 162 caudan
22219 0 1209 lanester
15191 0 818 hennebont
7318 0 67 languidic
5786 0 283 ploeren
17805 0 448 ploemeur
8334 0 1146 larmor-plage
5284 0 78 plouay
10359 0 198 guidel
5149 0 196 pluneret
9067 0 178 ploermel
6013 0 134 inzinzac-lochrist
6193 0 118 guer
6487 0 158 brech
7006 0 84 pluvigner
5003 0 140 plouhinec-56
6010 0 124 baud
5058 0 572 quiberon
5310 0 82 elven
10450 0 400 saint-ave
5965 0 150 kervignac
8193 0 1478 behren-les-forbach
9707 0 898 marly-57
12438 0 3455 stiring-wendel
16171 0 1157 yutz
5070 0 259 boulay-moselle
11454 0 869 florange
10100 0 965 amneville
6009 0 1465 mondelange
6906 0 1242 uckange
21510 0 1318 forbach
13046 0 894 woippy
5110 0 732 moulins-les-metz
13229 0 1460 freyming-merlebach
5434 0 1361 hopital
120738 0 2878 metz
7440 0 607 hombourg-haut
15604 0 1277 hayange
7515 0 2031 talange
12637 0 1015 fameck
6593 0 1305 petite-rosselle
7127 0 853 guenange
41015 0 822 thionville
12565 0 766 sarrebourg
9414 0 1711 hagondange
6445 0 1682 terville
7939 0 827 moyeuvre-grande
5549 0 295 faulquemont
5319 0 129 bitche
10710 0 1214 maizieres-les-metz
9937 0 850 rombas
5741 0 834 farebersviller
16273 0 458 saint-avold
7489 0 460 hettange-grande
21540 0 725 sarreguemines
6242 0 404 audun-le-tiche
5842 0 383 marange-silvange
22540 0 3364 montigny-les-metz
6544 0 940 algrange
13483 0 504 creutzwald
5777 0 119 decize
10653 0 199 cosne-cours-sur-loire
9623 0 283 varennes-vauzelles
5129 0 325 charite-sur-loire
36762 0 2121 nevers
7615 0 1754 waziers
9731 0 528 conde-sur-l-escaut
5533 0 717 sainghin-en-weppes
94713 0 7158 roubaix
41541 0 3090 wattrelos
63572 0 2315 villeneuve-d-ascq
6446 0 938 trith-saint-leger
12848 0 1213 roncq
5265 0 1367 bauvin
12687 0 552 fourmies
227560 0 6533 lille
9797 0 2015 marquette-lez-lille
21887 0 7599 mons-en-baroeul
13223 0 2095 wattignies
16257 0 1409 sin-le-noble
10347 0 1586 aniche
6235 0 1761 bassee
21592 0 3106 loos
7676 0 652 fresnes-sur-escaut
7039 0 258 cateau-cambresis
20199 0 1608 halluin
6193 0 864 roost-warendin
6911 0 179 bourbourg
43335 0 3135 valenciennes
22442 0 7902 madeleine
6302 0 176 loon-plage
5229 0 190 wormhout
6830 0 1157 louvroil
12950 0 3972 lys-lez-lannoy
7126 0 496 quesnoy-sur-deûle
8104 0 2674 perenchies
10983 0 910 saint-saulve
5618 0 742 santes
21598 0 824 hazebrouck
8709 0 671 onnaing
5786 0 365 templeuve
12276 0 1832 bruay-sur-l-escaut
7611 0 672 houplines
10494 0 948 vieux-conde
6394 0 760 lesquin
11516 0 508 gravelines
14239 0 1160 hautmont
8642 0 997 aulnoye-aymeries
11336 0 3587 saint-andre-lez-lille
5998 0 1273 quievrechain
31046 0 1647 maubeuge
8993 0 333 merville-59
91923 0 6051 tourcoing
14393 0 1112 caudry
10132 0 1639 neuville-en-ferrain
9772 0 957 jeumont
6525 0 1089 lallaing
22474 0 2458 coudekerque-branche
9663 0 1072 annoeullin
5355 0 926 fenain
20676 0 4656 croix-59
13412 0 3684 anzin
12372 0 772 comines
11871 0 1476 marly-59
6154 0 641 pecquencourt
18120 0 3343 ronchin
9930 0 760 bondues
92005 0 2096 dunkerque
10425 0 1133 douchy-les-mines
5464 0 545 ferriere-la-grande
9149 0 917 escaudain
5443 0 283 flines-lez-raches
16697 0 493 saint-amand-les-eaux
42197 0 2499 douai
8178 0 748 orchies
5577 0 266 wallers
5434 0 1736 grand-fort-philippe
7587 0 440 nieppe
5956 0 396 gorgue
25375 0 4040 armentieres
20046 0 2922 wasquehal
13566 0 3253 mouvaux
12295 0 705 seclin
28504 0 4627 lambersart
14480 0 333 bailleul-59
32584 0 1792 cambrai
38947 0 2774 marcq-en-baroeul
5992 0 467 estaires
5092 0 577 lambres-lez-douai
20351 0 1766 denain
17369 0 1799 hem
8259 0 798 chapelle-d-armentieres
7280 0 1189 aulnoy-lez-valenciennes
12754 0 382 raismes
9286 0 1719 leers
6626 0 945 cuincy
14455 0 2722 haubourdin
5624 0 790 flers-en-escrebieux
20991 0 979 grande-synthe
7072 0 384 teteghem
17407 0 3767 faches-thumesnil
9745 0 629 wambrechies
12506 0 1015 somain
8173 0 1496 cappelle-la-grande
7222 0 384 feignies
5225 0 687 ostricourt
8257 0 705 linselles
7535 0 1058 auby
5135 0 553 dechy
7641 0 563 wavrin
6652 0 2217 beuvrages
40517 0 763 compiegne
9438 0 733 chambly
18833 0 2524 nogent-sur-oise
5282 0 535 mouy
13269 0 581 meru
5496 0 374 saint-just-en-chaussee
16170 0 672 senlis-60
13478 0 748 noyon
33601 0 3029 creil
14058 0 863 crepy-en-valois
9434 0 405 gouvieux
11775 0 797 pont-sainte-maxence
8021 0 1204 margny-les-compiegne
54711 0 1642 beauvais
9300 0 606 lamorlaye
7169 0 1509 liancourt
6171 0 1251 villers-saint-paul
12500 0 1172 montataire
10876 0 671 chantilly
10573 0 1819 clermont-60
15356 0 726 flers-61
14369 0 790 argentan
26704 0 2500 alencon
7975 0 442 aigle
5936 0 219 ferte-mace
5174 0 384 marquise
7129 0 650 divion
6715 0 2085 grenay-62
11956 0 1587 mericourt-62
5070 0 360 saint-etienne-au-mont
9877 0 1789 oignies
9589 0 303 marck
31873 0 2484 lievin
11031 0 1838 auchel
26278 0 1268 henin-beaumont
5644 0 213 guînes
6225 0 517 hersin-coupigny
14506 0 884 saint-omer-62
12373 0 1149 harnes
8255 0 1392 wingles
8778 0 1367 rouvroy-62
5167 0 392 cucq
41611 0 3577 arras
5179 0 549 desvres
5427 0 160 oye-plage
9956 0 2606 sallaumines
6896 0 1853 noyelles-sous-lens
12206 0 1380 noeux-les-mines
10047 0 2870 montigny-en-gohelle
5744 0 1262 marles-les-mines
5686 0 620 coulogne
5683 0 931 annezin
8817 0 523 beuvry
5569 0 496 dainville
5299 0 1492 loison-sous-lens
9991 0 445 arques-62
73636 0 2198 calais
7442 0 965 wimereux
43070 0 5115 boulogne-sur-mer
11279 0 870 etaples
8580 0 1300 libercourt
10055 0 373 lillers
25655 0 2711 bethune
9289 0 646 isbergues
5185 0 629 saint-pol-sur-ternoise
6122 0 1101 courcelles-les-lens
7139 0 1147 leforest
17152 0 815 carvin
6778 0 533 loos-en-gohelle
9861 0 295 aire-sur-la-lys
9569 0 2485 portel
7551 0 1221 barlin
12337 0 1610 bully-les-mines
23408 0 1431 bruay-la-buissiere
5619 0 536 dourges
17271 0 1324 avion
14527 0 2048 outreau
10602 0 1228 courrieres
5141 0 943 noyelles-godault
6059 0 616 saint-laurent-blangy
8163 0 3012 billy-montigny
6538 0 1579 fouquieres-les-lens
7496 0 728 mazingarbe
10925 0 1300 longuenesse
35032 0 2994 lens
5184 0 542 blendecques
7664 0 718 vendin-le-vieil
7633 0 1211 houdain
5083 0 848 beaurains
15367 0 1032 berck
11230 0 853 saint-martin-boulogne
6450 0 1129 sains-en-gohelle
7705 0 1297 achicourt
5759 0 1249 calonne-ricouart
10612 0 491 pont-du-chateau
19244 0 1035 cournon-d-auvergne
6920 0 114 ambert
139860 0 3277 clermont-ferrand
14012 0 711 issoire
5341 0 571 ceyrat
8354 0 679 lempdes
17081 0 4530 chamalieres
11250 0 252 thiers
5599 0 161 lezoux
7611 0 759 cebazat
10393 0 638 gerzat
17941 0 561 riom
9621 0 1252 aubiere
10933 0 2726 beaumont-63
6222 0 442 chatel-guyon
8089 0 480 romagnat
7762 0 1333 boucau
7068 0 1114 mourenx
15370 0 1933 hendaye
9981 0 376 lescar
81166 0 2575 pau
10800 0 158 oloron-sainte-marie
6140 0 79 hasparren
12147 0 1053 lons
6518 0 289 cambo-les-bains
44820 0 2067 bayonne
25306 0 2170 biarritz
8673 0 171 urrugne
5020 0 96 salies-de-bearn
6963 0 370 jurancon
6206 0 510 bidart
6824 0 917 ciboure
38032 0 1412 anglet
5446 0 137 gan
5707 0 87 saint-pee-sur-nivelle
6184 0 188 ustaritz
10982 0 239 orthez
12969 0 680 saint-jean-de-luz
13142 0 2875 billere
7911 0 838 aureilhan-65
5817 0 305 lannemezan
43034 0 2807 tarbes
5280 0 165 vic-en-bigorre
8047 0 63 bagneres-de-bigorre
14743 0 399 lourdes
9074 0 870 cabestany
7246 0 1271 bompas-66
10476 0 663 saint-cyprien-66
5266 0 166 ille-sur-tet
10838 0 928 saint-esteve
9978 0 170 argeles-sur-mer
7898 0 370 elne
8674 0 700 saint-laurent-de-la-salanque
8169 0 284 rivesaltes
7267 0 365 thuir
7629 0 201 ceret
5436 0 376 boulou
7617 0 577 pia
13293 0 593 canet-en-roussillon
6081 0 559 prades-66
7090 0 685 soler
6173 0 767 toulouges
117419 0 1724 perpignan
11310 0 1590 ostwald
5595 0 373 wasselonne
9215 0 849 molsheim
5052 0 321 drusenheim
6830 0 331 barr
6421 0 1202 eckbolsheim
10731 0 416 obernai
12087 0 464 saverne
271782 0 3472 strasbourg
5662 0 726 benfeld
12703 0 736 bischwiller
5559 0 349 vendenheim
7074 0 322 geispolsheim
17770 0 4029 bischheim
30952 0 4056 schiltigheim
5518 0 312 reichshoffen
7425 0 1646 souffelweyersheim
26805 0 1206 illkirch-graffenstaden
19197 0 432 selestat
10495 0 3068 hoenheim
10791 0 297 erstein
9880 0 334 brumath
5902 0 232 wantzenau
5367 0 858 fegersheim
34280 0 187 haguenau
5664 0 707 mutzig
16441 0 2889 lingolsheim
7803 0 161 wissembourg
10268 0 434 wittelsheim
67615 0 1015 colmar
5765 0 604 altkirch
12779 0 1910 kingersheim
20127 0 1194 saint-louis-68
7592 0 400 wintzenheim
14596 0 1946 illzach
14194 0 746 wittenheim
5495 0 121 sainte-marie-aux-mines
11268 0 624 cernay-68
7929 0 633 thann
6664 0 2330 huningue
7247 0 198 ensisheim
7267 0 245 soultz-haut-rhin
12301 0 1767 riedisheim
6125 0 634 brunstatt
8957 0 1709 pfastatt
5471 0 323 sausheim
12996 0 665 rixheim
6126 0 715 lutterbach
11461 0 1183 guebwiller
109588 0 4940 mulhouse
25152 0 5716 oullins
5018 0 673 grezieu-la-varenne
7275 0 1329 neuville-sur-saone
8943 0 1555 grigny-69
59855 0 3904 venissieux
5768 0 476 jonage
35326 0 3726 villefranche-sur-saone
19511 0 2504 tassin-la-demi-lune
5076 0 1959 champagne-au-mont-d-or
11793 0 1019 mions
10210 0 859 corbas
7639 0 730 gleize
41209 0 3943 caluire-et-cuire
8320 0 941 irigny
7978 0 488 chaponost
5355 0 291 lentilly
16666 0 2750 saint-fons
20357 0 1575 saint-genis-laval
5205 0 135 amplepuis
5308 0 397 saint-symphorien-d-ozon
484344 0 10117 lyon
41964 0 1412 saint-priest-69
5519 0 489 brindas
12126 0 508 genas
41421 0 1977 vaulx-en-velin
7916 0 759 belleville-69
9675 0 836 chassieu
9558 0 2068 craponne
6466 0 395 saint-bonnet-de-mure
145150 0 9996 villeurbanne
9982 0 2228 pierre-benite
6306 0 2718 fontaines-sur-saone
12929 0 1580 francheville-69
11350 0 1095 brignais
5335 0 661 ternay-69
30272 0 1315 meyzieu
6036 0 1796 arbresle
5587 0 766 saint-cyr-au-mont-d-or
5927 0 389 anse
38717 0 3758 bron
29952 0 2068 rillieux-la-pape
6480 0 3560 mulatiere
17998 0 2129 ecully
25562 0 1502 decines-charpieu
5100 0 273 saint-laurent-de-mure
8454 0 604 dardilly
6419 0 769 saint-didier-au-mont-d-or
5014 0 590 genay-69
9237 0 958 feyzin
10333 0 738 tarare
5514 0 349 mornant
19118 0 1102 givors
21742 0 3183 sainte-foy-les-lyon
8325 0 342 lure-70
15761 0 1737 vesoul
7248 0 332 luxeuil-les-bains
6016 0 296 gray
10349 0 572 hericourt-70
9049 0 373 saint-vallier-71
6520 0 288 louhans
5849 0 400 tournus
6109 0 588 saint-remy-71
5478 0 700 montchanin
22783 0 1258 creusot
8303 0 239 digoin
19372 0 1165 montceau-les-mines
6827 0 543 charnay-les-macon
5572 0 294 chagny-71
9107 0 361 paray-le-monial
34040 0 1258 macon
44985 0 2955 chalon-sur-saone
7512 0 263 gueugnon
6633 0 166 blanzy
5812 0 571 saint-marcel-71
5906 0 470 chatenoy-le-royal
14256 0 231 autun
5260 0 94 bourbon-lancy
142626 0 2700 le-mans
5473 0 1083 mamers
6164 0 175 change-72
11064 0 612 allonnes-72
12466 0 337 sable-sur-sarthe
7447 0 1894 coulaines
9235 0 617 ferte-bernard
15087 0 203 fleche
5118 0 475 arnage
27750 0 2198 aix-les-bains
18876 0 1076 albertville
8242 0 716 saint-jean-de-maurienne
7794 0 1142 ravoire
57342 0 2731 chambery
5087 0 900 challes-les-eaux
5710 0 679 saint-alban-leysse
11101 0 371 motte-servolex
7058 0 123 ugine
7705 0 43 bourg-saint-maurice
5913 0 1319 cognin
10446 0 582 roche-sur-foron
18842 0 982 seynod
50379 0 3690 annecy
5169 0 573 marnaz
5386 0 263 sciez
5671 0 578 thyez
8142 0 1897 evian-les-bains
8421 0 2599 meythet
5960 0 113 thones
7881 0 1755 ville-la-grand
11908 0 438 bonneville-74
11492 0 143 passy-74
5717 0 270 saint-jorioz
33925 0 2092 thonon-les-bains
19968 0 1173 annecy-le-vieux
17227 0 3588 cran-gevrier
5872 0 393 saint-pierre-en-faucigny
6956 0 277 reignier-esery
11181 0 2781 gaillard
15531 0 235 sallanches
13497 0 799 rumilly-74
6686 0 590 poisy
32196 0 6465 annemasse
8972 0 76 chamonix-mont-blanc
6829 0 960 vetraz-monthoux
6159 0 308 marignier
7311 0 688 scionzier
6240 0 699 publier
5349 0 393 cranves-sales
5694 0 89 saint-gervais-les-bains
6833 0 264 faverges
11836 0 1117 saint-julien-en-genevois
17408 0 1664 cluses-74
5890 0 4712 ambilly
2243833 0 21288 paris
8445 0 1327 saint-pierre-les-elbeuf
5788 0 284 octeville-sur-mer
5255 0 776 treport
5606 0 866 cleon
21898 0 5034 petit-quevilly
6396 0 615 gournay-en-bray
11516 0 518 oissel
7436 0 414 eu
9567 0 1940 darnetal
11816 0 1581 yvetot
9713 0 574 grand-couronne
24930 0 2243 grand-quevilly
17178 0 1052 elbeuf
21270 0 2403 bois-guillaume
12108 0 950 barentin
8158 0 1937 harfleur
5270 0 300 trait
28102 0 1539 saint-etienne-du-rouvray
10188 0 3224 deville-les-rouen
5925 0 640 malaunay
11363 0 2833 maromme
8101 0 432 notre-dame-de-gravenchon
5734 0 669 franqueville-saint-pierre
6987 0 1112 notre-dame-de-bondeville
8438 0 3361 bihorel
110933 0 5188 rouen
19341 0 2435 mont-saint-aignan
6567 0 1746 bonsecours
31963 0 2738 dieppe
16611 0 870 montivilliers
28835 0 3875 sotteville-les-rouen
9209 0 719 petit-couronne
6226 0 438 pavilly
8122 0 1402 saint-aubin-les-elbeuf
9788 0 2659 caudebec-les-elbeuf
8944 0 610 lillebonne
7548 0 3339 sainte-adresse
6986 0 1377 mesnil-esnard
19207 0 1274 fecamp
9084 0 351 gonfreville-l-orcher
14825 0 841 canteleu
11812 0 965 bolbec
175497 0 3737 havre
7349 0 1345 emerainville
7979 0 330 nangis
13984 0 3651 avon-77
5433 0 712 nanteuil-les-meaux
5918 0 1269 magny-le-hongre
10577 0 883 lieusaint-77
7984 0 590 gretz-armainvilliers
6300 0 1340 saint-thibault-des-vignes
5072 0 490 quincy-voisins
17272 0 1209 moissy-cramayel
6966 0 431 vert-saint-denis
20236 0 3537 lagny-sur-marne
5617 0 259 saint-pierre-les-nemours
11026 0 731 claye-souilly
5650 0 817 bois-le-roi-77
24418 0 3322 champs-sur-marne
5759 0 1845 esbly
52779 0 3319 chelles-77
22425 0 3737 torcy-77
20722 0 2023 dammarie-les-lys
22321 0 1635 roissy-en-brie
15107 0 87 fontainebleau
50755 0 3394 meaux
12745 0 1176 nemours
16251 0 815 brie-comte-robert
6471 0 496 othis
12293 0 2042 vaires-sur-marne
16681 0 1833 montereau-fault-yonne
6516 0 813 bailly-romainvilliers
21554 0 1488 combs-la-ville
35561 0 2607 pontault-combault
8052 0 897 dammartin-en-goele
14544 0 1330 coulommiers
6485 0 890 champagne-sur-seine
10866 0 933 vaux-le-penil
8572 0 1228 cesson
20268 0 1300 ozoir-la-ferriere
8054 0 520 tournan-en-brie
15660 0 3600 noisiel
5561 0 201 souppes-sur-loing
14560 0 4320 lognes
12301 0 835 provins
9061 0 900 ferte-sous-jouarre
9220 0 1783 thorigny-sur-marne
23341 0 1743 bussy-saint-georges
5135 0 232 fontenay-tresigny
5814 0 679 nandy
39589 0 4924 melun
28599 0 2389 savigny-le-temple
7595 0 1344 serris
20609 0 3859 mee-sur-seine
12462 0 752 saint-fargeau-ponthierry
5723 0 1067 saint-pathus
18499 0 617 mitry-mory
8675 0 1594 montevrain
24122 0 2909 villeparisis
6156 0 1479 courtry
7442 0 734 lesigny-77
9626 0 2890 chanteloup-les-vignes
5872 0 746 chambourcy
8855 0 2559 meulan-en-yvelines
26159 0 743 rambouillet
15193 0 2064 montesson
16249 0 3249 vesinet
22817 0 3380 maisons-laffitte
18679 0 2245 maurepas-78
31557 0 7123 houilles
30859 0 2573 mureaux
51150 0 6046 sartrouville
5993 0 3385 verriere
10048 0 2920 croissy-sur-seine
13693 0 2498 bois-d-arcy-78
11598 0 854 triel-sur-seine
19626 0 2079 acheres-78
15234 0 2118 carrieres-sous-poissy
5147 0 438 saint-nom-la-breteche
37680 0 2837 poissy
6318 0 327 essarts-le-roi
16614 0 2540 marly-le-roi
15473 0 3082 carrieres-sur-seine
15178 0 1609 verneuil-sur-seine
12174 0 1761 andresy
6503 0 509 epone
30958 0 1657 plaisir
9027 0 542 magny-les-hameaux
19234 0 3173 mantes-la-ville
6770 0 780 gargenville
5521 0 285 rosny-sur-seine
17401 0 3473 saint-cyr-l-ecole
86110 0 3289 versailles
27966 0 2151 guyancourt
5312 0 658 buc-78
30173 0 5939 chatou
29380 0 2181 trappes
9399 0 1450 vernouillet-78
12732 0 2344 fontenay-le-fleury
28975 0 6833 chesnay
7678 0 413 beynes-78
8447 0 3060 bougival
7245 0 1349 louveciennes
5846 0 1372 magnanville
5801 0 335 maule
35380 0 3573 conflans-sainte-honorine
42969 0 4580 mantes-la-jolie
40481 0 838 saint-germain-en-laye
12020 0 1361 aubergenville
11730 0 4928 voisins-le-bretonneux
17553 0 2872 clayes-sous-bois
16496 0 5808 pecq
6600 0 489 perray-en-yvelines
9871 0 949 villepreux
33337 0 2861 montigny-le-bretonneux
7811 0 1438 noisy-le-roi
26829 0 3152 elancourt
8187 0 807 jouy-en-josas
15905 0 4557 viroflay
5085 0 1000 villennes-sur-seine
5855 0 381 orgeval-78
16302 0 1420 limay
5267 0 545 jouars-pontchartrain
6415 0 1973 mesnil-le-roi
5768 0 429 chevreuse
20971 0 3603 celle-saint-cloud
20089 0 2249 velizy-villacoublay
6629 0 740 mesnil-saint-denis
7922 0 820 saint-remy-les-chevreuse
6150 0 490 saint-arnoult-en-yvelines
10478 0 920 parthenay
57325 0 840 niort
5985 0 412 chauray
7483 0 1433 saint-maixent-l-ecole
5229 0 203 aiffres
5449 0 157 creche
18615 0 103 bressuire
9822 0 812 thouars
5444 0 55 nueil-les-aubiers
8172 0 67 mauleon
6717 0 201 doullens
7887 0 556 peronne-80
6119 0 486 montdidier-80
6326 0 406 roye-80
24155 0 914 abbeville
5686 0 1662 longueau
6388 0 393 corbie
133448 0 2698 amiens
9774 0 708 albert
48916 0 1105 albi
13293 0 261 gaillac
6797 0 738 saint-juery-81
9995 0 138 mazamet
5051 0 76 rabastens
10148 0 161 lavaur-81
11955 0 210 graulhet
6459 0 629 aussillon
8091 0 337 saint-sulpice-81
6231 0 102 bruguiere-81
10116 0 714 carmaux
42314 0 431 castres-81
12770 0 166 castelsarrasin
5137 0 382 valence-82
12192 0 141 moissac
6623 0 144 caussade
5631 0 112 montech
5168 0 104 negrepelisse
56271 0 416 montauban
5131 0 170 sollies-toucas
11108 0 397 cogolin
9870 0 124 londe-les-maures
12938 0 158 sainte-maxime
11090 0 625 sollies-pont
11819 0 558 saint-cyr-sur-mer
6884 0 411 cavalaire-sur-mer
25930 0 1668 garde-83
6587 0 244 puget-sur-argens
16429 0 854 sanary-sur-mer
54600 0 412 hyeres
20754 0 1338 valette-du-var
12774 0 642 ollioules
14505 0 226 saint-maximin-la-sainte-baume
8976 0 139 lorgues
6515 0 120 arcs
12822 0 120 roquebrune-sur-argens
11506 0 1154 pradet
7406 0 76 bormes-les-mimosas
9886 0 682 carqueiranne
5109 0 184 fayence
34897 0 1312 six-fours-les-plages
10165 0 137 vidauban
5613 0 356 gareoult
36391 0 677 draguignan
5801 0 172 montauroux
5531 0 325 trans-en-provence
9050 0 135 muy
51839 0 506 frejus
10246 0 202 cuers
16786 0 443 crau
5546 0 187 lavandou
164532 0 3840 toulon
9115 0 253 beausset
5385 0 143 cadiere-d-azur
16368 0 232 brignoles
33603 0 375 saint-raphael-83
9498 0 215 luc-83
5548 0 95 pierrefeu-du-var
8304 0 999 farlede
5750 0 1123 saint-mandrier-sur-mer
8028 0 934 bandol
62082 0 2800 seyne-sur-mer
5146 0 207 bedarrides
16731 0 1553 pontet-84
24951 0 542 cavaillon
10580 0 946 vedene
7676 0 741 morieres-les-avignon
10405 0 203 pernes-les-fontaines
5809 0 154 sarrians
18046 0 540 sorgues
19048 0 427 isle-sur-la-sorgue
5006 0 201 piolenc
9800 0 169 valreas
29278 0 772 carpentras
5387 0 164 courthezon
7795 0 470 entraigues-sur-la-sorgue
5792 0 152 mazan
13843 0 256 bollene
10989 0 281 monteux
29135 0 392 orange
89683 0 1381 avignon
18931 0 285 pertuis-84
8281 0 233 thor
11755 0 263 apt
6169 0 228 vaison-la-romaine
6991 0 78 talmont-saint-hilaire
7837 0 108 poire-sur-vie
13353 0 427 chateau-d-olonne
8192 0 132 saint-jean-de-monts
14339 0 421 fontenay-le-comte
13618 0 298 olonne-sur-mer
5460 0 148 pouzauges
5063 0 90 essarts-85
18686 0 288 challans
9636 0 305 lucon
14603 0 1653 sables-d-olonne
52664 0 601 roche-sur-yon
7250 0 707 saint-gilles-croix-de-vie
8248 0 99 chantonnay
6028 0 274 mortagne-sur-sevre
10488 0 214 saint-hilaire-de-riez
15229 0 171 herbiers
5050 0 1666 montaigu-85
8107 0 100 aizenay
6387 0 112 montmorillon
5095 0 196 vouneuil-sous-biard
10047 0 1104 buxerolles-86
5811 0 211 jaunay-clan
5830 0 234 naintre
87697 0 2082 poitiers
6989 0 159 loudun
5119 0 300 neuville-de-poitou
6991 0 514 saint-benoît-86
32459 0 625 chatellerault
6053 0 209 migne-auxances
6754 0 70 chauvigny
7534 0 373 isle
11455 0 201 saint-junien
5981 0 241 feytiat
139150 0 1783 limoges
6910 0 68 saint-yrieix-la-perche
5472 0 239 aixe-sur-vienne
5542 0 95 ambazac
8259 0 269 couzeix
10392 0 518 panazol
5986 0 579 palais-sur-vienne
5452 0 225 vittel
32842 0 554 epinal
8230 0 867 golbey
7989 0 682 thaon-les-vosges
6528 0 275 raon-l-etape
8755 0 159 gerardmer
5848 0 482 mirecourt
21447 0 464 saint-die-des-vosges
8024 0 445 remiremont
5595 0 271 rambervillers
6881 0 288 neufchateau
5243 0 89 tonnerre
5295 0 132 villeneuve-sur-yonne
7248 0 270 avallon
7243 0 436 migennes
24883 0 1135 sens
10249 0 219 joigny
36200 0 724 auxerre
50078 0 2928 belfort
5916 0 643 delle
5165 0 1108 valdoie
5060 0 1022 beaucourt
25377 0 3833 brunoy
9625 0 1298 villebon-sur-yvette
52135 0 6258 evry-91
9984 0 325 dourdan
28491 0 1808 draveil
13395 0 1207 mennecy
26638 0 5469 grigny-91
5805 0 637 wissous
27463 0 3153 ris-orangis
9535 0 2286 bures-sur-yvette
30285 0 2631 palaiseau
10574 0 4405 arpajon
10104 0 2275 epinay-sur-orge
6292 0 2169 boussy-saint-antoine
7138 0 1971 ville-du-bois
15418 0 1555 verrieres-le-buisson
9143 0 3686 crosne
6561 0 1299 longpont-sur-orge
20046 0 3789 saint-michel-sur-orge
8350 0 720 saint-pierre-du-perray
7399 0 654 ballancourt-sur-essonne
27331 0 3116 vigneux-sur-seine
13812 0 3160 courcouronnes
6295 0 447 etrechy-91
5093 0 1548 saintry-sur-seine
6840 0 2085 montlhery
9121 0 1401 fleury-merogis
8048 0 1547 quincy-sous-senart
10336 0 2705 igny-91
32045 0 5279 viry-chatillon
23158 0 565 etampes
43086 0 3913 corbeil-essonnes
15966 0 2003 orsay
42258 0 4481 massy-91
29050 0 2952 yerres
7111 0 1158 paray-vieille-poste
9338 0 1479 saint-germain-les-arpajon
20654 0 1780 gif-sur-yvette
12136 0 2528 morangis-91
18484 0 3318 chilly-mazarin
12171 0 3399 epinay-sous-senart
24792 0 4786 ulis
30393 0 3550 athis-mons
7048 0 823 soisy-sur-seine
7173 0 689 lisses
7909 0 470 marcoussis
6479 0 862 linas
20944 0 4770 morsang-sur-orge
14634 0 6533 juvisy-sur-orge
22880 0 2039 montgeron
5048 0 659 saulx-les-chartreux
23334 0 1602 bretigny-sur-orge
6950 0 3008 villemoisson-sur-orge
9298 0 1375 bondoufle
5323 0 1347 egly
7174 0 1455 saint-germain-les-corbeil
6575 0 538 itteville
8319 0 1243 breuillet-91
5528 0 724 lardy
34195 0 3688 sainte-genevieve-des-bois-91
36842 0 5285 savigny-sur-orge
6459 0 453 limours
21361 0 4413 longjumeau
61754 0 16556 neuilly-sur-seine
32619 0 11170 chatillon-92
29284 0 15252 bois-colombes
44753 0 14029 puteaux
52546 0 5991 clamart
45058 0 4551 meudon
64355 0 15142 issy-les-moulineaux
8615 0 2797 vaucresson
79426 0 5403 rueil-malmaison
61793 0 6463 antony
27727 0 8083 plessis-robinson
64253 0 26660 levallois-perret
114205 0 18509 boulogne-billancourt
82327 0 17080 asnieres-sur-seine
85398 0 10934 colombes
23351 0 9303 fontenay-aux-roses
18169 0 6754 garches
25183 0 7869 villeneuve-la-garenne
87469 0 20975 courbevoie
48597 0 23476 montrouge
32111 0 5033 chatenay-malabry
58916 0 19128 clichy
27002 0 17308 vanves
10828 0 2950 ville-d-avray
46723 0 12327 suresnes
22978 0 5876 sevres
19638 0 5455 sceaux-92
18668 0 5258 chaville
27628 0 15521 garenne-colombes
41364 0 3553 gennevilliers
89185 0 7316 nanterre
29873 0 3951 saint-cloud
30982 0 14967 malakoff
38080 0 9088 bagneux-92
19985 0 10744 bourg-la-reine
14864 0 7146 bourget
33883 0 13184 bagnolet
38007 0 5054 courneuve
21746 0 7447 pavillons-sous-bois
49832 0 6845 sevran
28006 0 6932 villemomble
102770 0 11521 montreuil-93
41808 0 5665 livry-gargan
82120 0 5069 aulnay-sous-bois
10656 0 2739 dugny
12592 0 5451 villetaneuse
13828 0 6173 raincy
106785 0 8639 saint-denis-93
22228 0 17641 lilas
29750 0 7531 clichy-sous-bois
62964 0 4862 noisy-le-grand
25771 0 7491 romainville
76087 0 13209 aubervilliers
39733 0 7883 noisy-le-sec
35658 0 3438 villepinte-93
47492 0 7015 bobigny
27883 0 8176 pierrefitte-sur-seine
34493 0 1537 tremblay-en-france
6452 0 1706 vaujours
25269 0 4636 montfermeil
7025 0 3968 île-saint-denis
18045 0 25778 pre-saint-gervais
33829 0 6276 stains
54136 0 10805 pantin
20508 0 5996 neuilly-plaisance
41050 0 6945 rosny-sous-bois
47189 0 10948 saint-ouen-93
6406 0 3813 gournay-sur-marne
53530 0 9786 bondy
54518 0 11929 epinay-sur-seine
33498 0 4883 neuilly-sur-marne
66410 0 8557 drancy
51438 0 6389 blanc-mesnil
39056 0 5718 gagny
53145 0 9524 fontenay-sous-bois
30201 0 7743 haÿ-les-roses
19901 0 2871 limeil-brevannes
44201 0 12043 alfortville
19194 0 4443 plessis-trevise
40905 0 7533 choisy-le-roi
22396 0 24343 saint-mande
26248 0 7373 fresnes-94
27338 0 6313 villiers-sur-marne
26046 0 16912 kremlin-bicetre
16705 0 1868 boissy-saint-leger
11381 0 1242 queue-en-brie
9904 0 2904 ormesson-sur-marne
19775 0 8487 arcueil
9598 0 1707 villecresnes
32520 0 8212 perreux-sur-marne
12081 0 2275 valenton
31637 0 11298 nogent-sur-marne
28248 0 10309 cachan
74816 0 6650 saint-maur-des-fosses
5662 0 1348 rungis
29653 0 4611 thiais
25820 0 2475 sucy-en-brie
48471 0 25377 vincennes
29348 0 15863 charenton-le-pont
14512 0 10148 saint-maurice-94
15625 0 4664 bry-sur-marne
16513 0 2996 bonneuil-sur-marne
17802 0 7740 joinville-le-pont
5171 0 4658 ablon-sur-seine
17097 0 14488 gentilly
55490 0 10391 villejuif
85413 0 7319 vitry-sur-seine
18498 0 4383 chevilly-larue
18049 0 3424 chennevieres-sur-marne
75510 0 6682 champigny-sur-marne
57732 0 9464 ivry-sur-seine
52943 0 9895 maisons-alfort
21395 0 3198 orly
18479 0 2199 villeneuve-le-roi
32239 0 3684 villeneuve-saint-georges
89985 0 7852 creteil
16236 0 1296 osny
56988 0 4891 cergy
8979 0 1730 ezanville
16589 0 2407 jouy-le-moutier
5752 0 410 magny-en-vexin
14827 0 1779 domont
21194 0 3946 montmorency
29548 0 4132 pontoise
16180 0 4676 vaureal
5472 0 634 marly-la-ville
8460 0 2867 groslay
5287 0 1436 menucourt
26016 0 2042 herblay
27446 0 6597 ermont
6792 0 535 auvers-sur-oise
14320 0 2386 saint-brice-sous-foret
30996 0 2690 goussainville-95
7958 0 864 pierrelaye
33097 0 5346 franconville-95
9339 0 824 louvres
26356 0 1311 gonesse
21509 0 5720 deuil-la-barre
27987 0 6727 bezons
6495 0 1166 courdimanche
20156 0 8328 saint-gratien-95
26144 0 2494 taverny
6994 0 1094 bessancourt
8954 0 1598 beaumont-sur-oise
23038 0 2716 cormeilles-en-parisis
5940 0 1317 bouffemont
26090 0 5458 sannois
7374 0 971 ecouen
7308 0 921 saint-prix-95
14766 0 2817 saint-leu-la-foret
23608 0 1933 saint-ouen-l-aumone
10498 0 2042 persan
11744 0 786 isle-adam
40012 0 7314 garges-les-gonesse
14250 0 4896 montmagny
19041 0 4678 montigny-les-cormeilles
24062 0 5443 eaubonne
5531 0 601 parmain
103125 0 5988 argenteuil
7730 0 2873 plessis-bouchard
26736 0 3662 villiers-le-bel
16886 0 3577 eragny
58614 0 6936 sarcelles
9260 0 829 mery-sur-oise
17428 0 4378 soisy-sous-montmorency
8737 0 2893 beauchamp
11809 0 6671 enghien-les-bains
13538 0 4766 arnouville
9565 0 2649 fosses-95
