40
51



1 10 99
1 29 312
1 38 615
2 7 2174
2 15 469
2 28 381
3 14 2526
3 19 1807
3 30 1282
3 33 1110
4 6 380
4 13 188
4 40 529
5 8 1298
5 9 2550
5 24 1064
6 13 241
6 31 358
6 32 716
7 15 1425
7 18 1652
7 20 2538
8 16 777
8 25 168
8 26 658
8 40 1011
9 21 1825
10 12 82
11 25 19
11 26 75
11 34 19
12 23 219
12 27 55
14 23 1845
14 27 468
14 29 2249
14 36 3601
15 18 358
16 26 468
17 34 252
17 37 1313
17 40 1518
20 32 1016
20 35 1326
21 24 763
22 35 1587
23 29 588
28 30 609
31 37 428
31 40 499
38 39 2135



14864 0 7146 bourget
33883 0 13184 bagnolet
38007 0 5054 courneuve
21746 0 7447 pavillons-sous-bois
49832 0 6845 sevran
28006 0 6932 villemomble
102770 0 11521 montreuil-93
41808 0 5665 livry-gargan
82120 0 5069 aulnay-sous-bois
10656 0 2739 dugny
4733 0 1143 coubron
12592 0 5451 villetaneuse
13828 0 6173 raincy
106785 0 8639 saint-denis-93
22228 0 17641 lilas
29750 0 7531 clichy-sous-bois
62964 0 4862 noisy-le-grand
25771 0 7491 romainville
76087 0 13209 aubervilliers
39733 0 7883 noisy-le-sec
35658 0 3438 villepinte-93
47492 0 7015 bobigny
27883 0 8176 pierrefitte-sur-seine
34493 0 1537 tremblay-en-france
6452 0 1706 vaujours
25269 0 4636 montfermeil
7025 0 3968 île-saint-denis
18045 0 25778 pre-saint-gervais
33829 0 6276 stains
54136 0 10805 pantin
20508 0 5996 neuilly-plaisance
41050 0 6945 rosny-sous-bois
47189 0 10948 saint-ouen-93
6406 0 3813 gournay-sur-marne
53530 0 9786 bondy
54518 0 11929 epinay-sur-seine
33498 0 4883 neuilly-sur-marne
66410 0 8557 drancy
51438 0 6389 blanc-mesnil
39056 0 5718 gagny
