132
200



1 46 1180
1 80 1238
2 4 2043
2 5 1255
3 4 3252
3 5 2075
3 84 1482
4 5 1879
4 84 1758
5 6 9696
6 12 12121
6 33 1208
7 46 1402
7 47 244
8 46 915
8 47 414
9 10 599
9 32 523
10 32 1616
10 62 1378
11 12 54224
11 14 2716
11 15 2607
12 14 21688
12 15 17123
12 33 13230
12 40 2245
12 67 5248
12 72 4222
12 85 36529
12 86 14697
13 27 3124
13 87 1807
16 73 996
16 74 5098
17 79 1009
17 88 845
18 36 642
18 39 295
19 60 352
19 81 112
19 90 910
20 22 2546
20 91 376
21 34 1012
21 35 464
22 65 1041
22 91 930
23 38 1754
23 40 1837
24 73 1604
24 130 521
25 26 2297
25 50 762
26 50 668
27 87 4369
28 29 2373
28 33 2913
28 40 809
28 61 1597
28 81 3829
28 82 7068
29 30 8522
29 31 9725
29 41 903
30 31 2377
32 33 4102
32 62 1167
34 35 1726
34 41 5874
34 48 1857
34 51 1154
34 74 845
36 39 241
37 39 1534
37 69 2761
38 70 2561
38 71 967
39 43 1232
40 60 1851
40 67 22744
41 42 5123
41 44 3819
41 74 621
42 50 358
42 51 767
43 92 690
44 45 2051
44 88 580
44 89 395
45 48 1311
45 69 2787
46 47 2624
46 55 1379
46 63 594
46 72 23764
47 52 310
48 69 1170
49 52 3334
49 64 529
50 51 859
53 54 3749
53 55 12724
53 56 5425
54 56 3622
55 57 3629
55 59 1730
55 72 12457
55 80 3033
57 59 2335
58 80 1771
58 130 939
58 132 783
61 82 179
63 65 3045
63 67 965
63 91 924
64 65 2647
64 91 716
65 91 2002
66 67 17260
66 68 5168
66 70 438
67 68 43647
68 71 741
70 71 992
72 74 12525
73 74 3351
75 76 1353
75 112 2053
75 121 1670
76 112 1506
77 103 2698
77 130 1666
77 131 3250
78 95 2337
78 100 5855
79 89 884
81 82 520
83 85 4984
83 86 1764
85 86 6312
89 90 990
92 128 1443
92 129 2532
93 103 3368
93 106 1793
94 96 2109
94 98 1985
94 100 3716
95 96 1808
95 100 3200
96 100 4579
96 104 1939
97 102 4173
97 106 2306
97 107 4418
98 124 2078
99 101 3303
99 103 3501
99 105 2364
100 106 3304
101 105 3026
101 116 2408
102 103 4655
102 131 5459
103 107 4832
104 124 1668
105 116 1731
108 110 2550
108 117 1632
109 121 3378
109 123 3107
110 119 3355
111 113 5057
111 116 3118
111 118 3601
111 132 3783
112 126 2925
113 115 2566
113 116 2222
114 115 1594
114 117 1587
114 119 1955
117 119 2201
117 120 1705
118 131 3476
118 132 1930
119 120 2135
121 123 1597
121 126 2478
122 126 3520
122 129 4184
124 127 1996
124 128 1810
125 127 3053
125 128 2811
126 129 4181
128 129 2960
130 131 3182



55978 0 2481 saint-quentin
51036 0 1148 grasse
74120 0 2799 antibes
73234 0 3732 cannes
47141 0 2626 cagnes-sur-mer
343304 0 4773 nice
49810 0 1584 charleville-mezieres
60280 0 4566 troyes
47419 0 728 carcassonne
51039 0 295 narbonne
141438 0 760 aix-en-provence
850726 0 3535 marseille
52661 0 69 arles
46423 0 845 aubagne
47544 0 665 martigues
108954 0 4239 caen
75170 0 2644 rochelle-17
66381 0 965 bourges
48949 0 1007 brive-la-gaillarde
151212 0 3741 dijon
46209 0 2111 saint-brieuc
116914 0 1797 besancon
63405 0 1728 valence-26
50537 0 1909 evreux
63550 0 752 quimper
141303 0 2854 brest
142205 0 878 nîmes
441802 0 3734 toulouse
239157 0 4845 bordeaux
58025 0 1494 pessac
66142 0 1373 merignac-33
70955 0 743 beziers
257351 0 4524 montpellier
207178 0 4111 rennes
46342 0 1266 saint-malo
46140 0 1806 chateauroux
134817 0 3888 tours
155637 0 8584 grenoble
46492 0 1241 blois
171260 0 2141 saint-etienne
284970 0 4371 nantes
67031 0 1432 saint-nazaire-44
114167 0 4154 orleans
54098 0 618 cholet
147571 0 3455 angers
179992 0 3837 reims
45299 0 1738 chalons-en-champagne
50940 0 1488 laval-53
105421 0 7023 nancy
57204 0 3272 lorient
52515 0 1625 vannes
120738 0 2878 metz
94713 0 7158 roubaix
63572 0 2315 villeneuve-d-ascq
227560 0 6533 lille
91923 0 6051 tourcoing
92005 0 2096 dunkerque
54711 0 1642 beauvais
73636 0 2198 calais
139860 0 3277 clermont-ferrand
81166 0 2575 pau
117419 0 1724 perpignan
271782 0 3472 strasbourg
67615 0 1015 colmar
109588 0 4940 mulhouse
59855 0 3904 venissieux
484344 0 10117 lyon
145150 0 9996 villeurbanne
142626 0 2700 le-mans
57342 0 2731 chambery
50379 0 3690 annecy
2243833 0 21288 paris
110933 0 5188 rouen
175497 0 3737 havre
52779 0 3319 chelles-77
50755 0 3394 meaux
51150 0 6046 sartrouville
86110 0 3289 versailles
57325 0 840 niort
133448 0 2698 amiens
48916 0 1105 albi
56271 0 416 montauban
54600 0 412 hyeres
51839 0 506 frejus
164532 0 3840 toulon
62082 0 2800 seyne-sur-mer
89683 0 1381 avignon
52664 0 601 roche-sur-yon
87697 0 2082 poitiers
139150 0 1783 limoges
50078 0 2928 belfort
52135 0 6258 evry-91
61754 0 16556 neuilly-sur-seine
52546 0 5991 clamart
45058 0 4551 meudon
64355 0 15142 issy-les-moulineaux
79426 0 5403 rueil-malmaison
61793 0 6463 antony
64253 0 26660 levallois-perret
114205 0 18509 boulogne-billancourt
82327 0 17080 asnieres-sur-seine
85398 0 10934 colombes
87469 0 20975 courbevoie
48597 0 23476 montrouge
58916 0 19128 clichy
46723 0 12327 suresnes
89185 0 7316 nanterre
49832 0 6845 sevran
102770 0 11521 montreuil-93
82120 0 5069 aulnay-sous-bois
106785 0 8639 saint-denis-93
62964 0 4862 noisy-le-grand
76087 0 13209 aubervilliers
47492 0 7015 bobigny
54136 0 10805 pantin
47189 0 10948 saint-ouen-93
53530 0 9786 bondy
54518 0 11929 epinay-sur-seine
66410 0 8557 drancy
51438 0 6389 blanc-mesnil
53145 0 9524 fontenay-sous-bois
74816 0 6650 saint-maur-des-fosses
48471 0 25377 vincennes
55490 0 10391 villejuif
85413 0 7319 vitry-sur-seine
75510 0 6682 champigny-sur-marne
57732 0 9464 ivry-sur-seine
52943 0 9895 maisons-alfort
89985 0 7852 creteil
56988 0 4891 cergy
103125 0 5988 argenteuil
58614 0 6936 sarcelles
