281
414



1 177 1
1 185 1
1 229 1
2 95 7
2 198 5
3 50 1
3 56 1
3 263 1
4 252 5
4 280 5
5 187 1
5 251 1
6 16 1
6 127 1
6 185 1
6 190 1
7 10 1
7 149 1
8 72 2
8 232 1
8 233 1
8 259 3
9 90 1
9 215 1
10 15 1
10 57 1
10 133 1
10 144 1
11 72 2
11 232 1
12 110 1
12 119 1
13 69 1
13 217 1
14 28 1
14 106 1
14 172 1
14 200 1
15 149 1
15 216 1
16 229 1
17 118 1
17 156 1
18 59 1
18 62 1
18 141 1
19 77 1
19 121 1
19 254 1
20 171 1
20 278 1
21 68 1
21 165 1
22 33 1
22 90 1
22 111 1
22 220 1
23 27 1
23 269 1
24 35 1
24 251 1
25 92 1
25 126 4
25 241 1
26 105 2
26 162 1
26 164 1
26 251 1
27 269 1
28 36 1
28 255 1
29 183 1
29 204 23
29 208 1
30 219 1
30 244 1
31 159 1
31 178 1
32 61 1
32 178 1
33 102 1
33 217 1
34 96 1
34 117 1
35 88 1
36 103 1
36 246 1
37 138 1
37 179 1
38 66 1
38 247 2
38 264 1
39 42 1
39 186 1
40 49 3
40 197 4
40 274 9
41 71 1
41 107 1
42 160 3
42 186 1
42 269 1
43 55 2
43 181 3
43 189 1
43 277 1
44 142 1
44 193 1
44 202 1
44 267 2
44 272 2
44 279 1
45 154 1
45 165 1
45 202 1
46 158 3
46 240 7
47 107 1
47 243 1
48 64 1
48 210 1
49 74 1
49 132 1
49 197 1
49 226 1
49 236 1
50 56 1
50 263 1
51 77 1
51 99 1
52 64 1
52 207 1
53 113 1
53 195 1
54 243 1
54 249 1
55 189 2
55 281 2
56 263 1
57 216 1
58 163 1
58 167 1
59 62 1
59 141 1
60 108 1
60 110 1
60 210 1
61 178 1
61 234 1
62 215 1
63 93 275
63 94 11
63 196 7
63 222 5
64 108 1
65 173 11
65 240 17
66 73 7
66 87 1
66 264 1
67 248 1
67 253 1
68 165 1
69 188 1
70 72 1
70 143 1
70 194 1
70 230 1
71 107 1
71 168 1
72 230 4
73 93 508
73 139 20
73 204 164
73 265 7
74 76 1
75 86 11
75 173 14
76 169 1
76 258 1
77 121 1
78 167 1
78 221 1
78 261 1
79 108 1
79 117 2
79 207 1
79 262 2
80 115 4
80 167 2
80 278 2
81 118 1
81 260 1
82 223 1
82 224 1
83 134 1
83 152 1
84 204 116
84 267 7
85 207 1
85 239 1
85 262 1
86 173 7
86 266 2
87 114 1
88 187 1
88 217 1
89 145 1
89 165 1
90 215 1
91 150 1
91 239 1
92 148 1
93 182 380
93 222 90
94 227 2
94 253 3
95 199 4
96 146 1
96 235 1
97 118 1
97 144 1
97 156 1
97 201 1
98 162 1
98 219 1
98 244 1
99 176 1
99 200 1
100 135 1
100 234 1
101 118 1
101 151 1
102 217 1
103 151 1
104 236 1
104 258 1
105 162 2
105 170 3
106 176 1
107 168 1
108 210 1
109 145 1
109 169 1
109 225 1
109 229 1
109 254 1
109 275 3
110 119 1
111 189 1
111 220 1
111 244 1
112 120 1
112 271 1
113 192 1
113 195 1
114 203 1
114 264 1
115 167 2
115 245 4
115 278 2
116 136 1
116 146 1
117 119 1
117 207 1
117 262 1
118 151 1
118 260 1
120 184 1
120 271 1
122 127 1
122 203 1
122 266 1
122 272 3
123 211 1
123 224 1
123 270 1
124 247 2
124 273 1
125 126 2
125 175 1
125 256 1
126 175 3
126 241 4
126 271 1
127 264 1
128 153 1
128 175 1
129 170 1
129 218 1
129 248 1
129 251 1
130 183 1
130 208 1
131 134 1
131 176 1
132 237 1
133 144 1
133 214 1
134 152 1
134 231 1
135 197 1
136 209 1
137 171 2
137 266 1
137 281 1
138 159 1
138 191 1
139 265 2
140 160 2
140 208 1
142 279 1
143 194 1
145 206 1
145 213 1
145 225 1
146 201 1
147 174 1
147 226 1
147 236 1
148 184 1
148 271 1
150 161 1
150 239 1
151 238 1
151 246 1
152 157 1
152 200 1
152 234 1
152 274 1
153 270 1
154 279 1
155 223 1
155 224 1
156 201 1
157 178 1
157 179 1
158 181 8
158 196 3
159 178 1
159 191 1
160 269 2
161 239 1
162 244 1
163 186 1
164 187 1
165 202 1
166 249 1
166 256 1
167 221 1
169 254 1
169 258 1
170 251 1
171 281 1
172 273 1
174 237 1
176 200 1
176 274 1
177 185 1
178 179 1
179 212 1
180 189 1
180 277 1
182 222 7
182 280 11
185 190 1
188 241 1
188 244 1
190 275 1
191 234 1
192 195 1
193 279 1
195 268 1
196 253 2
197 226 1
198 247 3
198 265 1
199 255 1
200 255 1
202 204 21
204 267 37
205 246 2
205 252 3
206 213 1
207 239 1
207 262 1
209 242 1
211 224 1
212 242 1
214 230 2
218 248 1
222 227 1
228 233 1
228 259 1
231 250 1
231 274 1
232 259 2
235 262 1
238 246 1
238 259 2
241 244 1
243 249 1
245 257 1
245 268 1
245 278 2
250 274 1
252 259 7
255 273 1
257 268 1
261 278 1
264 275 7
267 272 2
273 276 2
275 276 11



455 0 13 paizay-le-sec
3973 0 184 mignaloux-beauvoir
248 0 10 saix-86
3062 0 134 liguge
551 0 34 vouzailles
583 0 24 puye
399 0 48 voulon
1350 0 31 celle-levescault
264 0 13 coussay
1008 0 38 payre
1083 0 38 coulombiers-86
289 0 13 chatain
199 0 9 craon-86
519 0 31 dienne-86
510 0 31 ceaux-en-couhe
350 0 10 bussiere-86
631 0 31 magne-86
104 0 12 aulnay-86
255 0 9 pindray
871 0 81 ouzilly
171 0 8 maire
525 0 33 amberre
403 0 31 saint-remy-sur-creuse
781 0 31 chalandray
1067 0 29 trois-moutiers
880 0 41 chire-en-montreuil
448 0 28 leugny-86
623 0 16 vernon-86
1155 0 48 antran
730 0 81 rochereau
508 0 12 millac
669 0 10 vigeant
233 0 17 mazeuil
353 0 11 chapelle-baton-86
560 0 21 cherves
384 0 18 gizay
284 0 10 luchapt
1124 0 54 jardres
545 0 102 port-de-piles
6387 0 112 montmorillon
599 0 20 ceaux-en-loudun
1640 0 67 ormes-86
924 0 158 chabournay
1619 0 104 availles-en-chatellerault
1211 0 50 pleumartin
1815 0 168 avanton
535 0 20 roche-rigault
376 0 33 vouleme
971 0 23 trimouille
693 0 28 roiffe
453 0 31 chapelle-viviers
497 0 45 saint-saviol
279 0 26 berthegon
236 0 14 princay
3019 0 72 vendeuvre-du-poitou
372 0 46 morton
231 0 39 chatillon-86
457 0 40 leigne-sur-usseau
204 0 19 saint-clair-86
542 0 18 genouille-86
484 0 19 moussac-86
177 0 13 chaussee-86
5095 0 196 vouneuil-sous-biard
485 0 45 saint-macoux
4492 0 255 chasseneuil-du-poitou
1116 0 74 lavoux
651 0 25 montreuil-bonnin
529 0 40 lesigny-86
384 0 20 grimaudiere
835 0 26 jazeneuil
403 0 15 pouant
2625 0 69 lusignan
10047 0 1104 buxerolles-86
298 0 5 liglet
5811 0 211 jaunay-clan
481 0 12 bethines
580 0 17 leignes-sur-fontaine
289 0 11 serigny-86
2866 0 329 civray-86
2870 0 66 thure
246 0 15 brion-86
389 0 37 saint-leger-de-montbrillais
588 0 11 queaux
5830 0 234 naintre
815 0 22 blanzay
3013 0 127 dissay
531 0 32 liniers
299 0 33 maisonneuve
1559 0 44 roche-posay
750 0 23 chouppes
211 0 23 linazay
706 0 21 bournand
87697 0 2082 poitiers
3661 0 196 fontaine-le-comte
2761 0 124 nouaille-maupertuis
422 0 20 saint-romain-86
945 0 20 champagne-saint-hilaire
1005 0 68 charrais
964 0 36 civaux
413 0 14 moulismes
1773 0 374 gencay
404 0 24 cuhon
631 0 13 marnay-86
368 0 6 journet
3581 0 105 vouille-86
170 0 9 saint-laurent-de-jourdes
195 0 8 maulay
297 0 25 saint-gaudent
893 0 47 saint-savin-86
123 0 10 surin-86
2175 0 157 mirebeau
222 0 22 messeme
142 0 10 saires
233 0 27 bellefonds
2346 0 102 scorbe-clairvaux
342 0 45 jousse
1169 0 26 charroux-86
1200 0 30 saint-maurice-la-clouere
143 0 8 asnois-86
625 0 29 sammarcolles
507 0 19 jouhet
2040 0 47 bonneuil-matours
189 0 31 ranton
1066 0 48 savigny-levescault
520 0 34 chalais-86
6989 0 159 loudun
1054 0 15 archigny
401 0 28 arcay-86
887 0 20 benassay
600 0 85 vaux-sur-vienne
570 0 15 bouresse
268 0 14 coulonges-86
1855 0 203 couhe
477 0 26 gouex
184 0 14 plaisance-86
502 0 16 payroux
1846 0 86 beaumont-86
201 0 6 asnieres-sur-blour
3217 0 101 montamise
979 0 29 oyre
386 0 19 martaize
487 0 16 chenevelles
468 0 28 curzay-sur-vonne
855 0 20 romagne-86
909 0 12 saint-pierre-de-maille
631 0 17 chateau-garnier
196 0 8 bourg-archambault
353 0 13 vezieres
326 0 20 anche-86
217 0 27 champagne-le-sec
1033 0 44 aslonnes
860 0 14 persac
125 0 10 saint-laon
582 0 19 leigne-les-bois
241 0 44 pouancay
350 0 12 ferriere-airoux
1309 0 18 usson-du-poitou
2571 0 151 cisse
177 0 8 mouterre-sur-blourde
3145 0 89 dange-saint-romain
692 0 19 brux
824 0 75 villiers-86
133 0 14 mondion
504 0 57 frozes
903 0 20 coussay-les-bois
232 0 17 guesnes
1315 0 33 saint-gervais-les-trois-clochers
252 0 15 nueil-sous-faye
111 0 25 villemort
1480 0 58 latille
1503 0 72 colombiers-86
629 0 45 pouille-86
3993 0 117 saint-georges-les-baillargeaux
507 0 9 brigueil-le-chantre
712 0 23 mouterre-silly
928 0 47 verrieres-86
156 0 17 fleix-86
1215 0 205 isle-jourdain-86
1306 0 22 availles-limouzine
537 0 27 blaslay
5119 0 300 neuville-de-poitou
6991 0 514 saint-benoît-86
652 0 34 usseau-86
530 0 47 beuxes
77 0 9 lauthiers
388 0 19 velleches
590 0 47 maille-86
1329 0 23 saint-jean-de-sauves
823 0 23 thurageau
148 0 11 sainte-radegonde-86
728 0 10 adriers
394 0 20 orches
701 0 39 senille
541 0 22 sanxay
343 0 22 savigny-sous-faye
2138 0 72 quincay
965 0 15 saulge
1907 0 123 sevres-anxaumont
2354 0 114 nieuil-l-espoir
829 0 27 lhommaize
804 0 30 sommieres-du-clain
1063 0 32 saint-sauveur-86
645 0 37 chapelle-mouliere
32459 0 625 chatellerault
1816 0 81 roches-premarie-andille
696 0 20 vicq-sur-gartempe
812 0 42 saint-pierre-d-exideuil
1774 0 50 ingrandes-86
402 0 9 saint-martin-l-ars
469 0 27 lizant
227 0 14 curcay-sur-dive
629 0 12 pressac
385 0 26 angles-sur-l-anglin
1316 0 22 saint-sauvant-86
377 0 13 verrue
738 0 28 vaux-86
283 0 20 massognes
798 0 32 lavausseau
287 0 48 yversay
367 0 28 varennes-86
356 0 23 saint-christophe-86
1659 0 222 biard
267 0 16 berrie
180 0 17 ternay-86
1002 0 49 saint-germain-86
1237 0 12 lathus-saint-remy
819 0 553 croutelle
553 0 48 marigny-chemereau
300 0 18 nalliers-86
2530 0 48 rouille
785 0 36 mazerolles-86
935 0 30 marcay-86
444 0 36 cloue
146 0 32 nerignac
359 0 17 champniers-86
182 0 6 saint-leomer
170 0 5 thollet
955 0 62 chateau-larcher
1191 0 30 chaunay
6053 0 209 migne-auxances
1012 0 24 moncontour-86
678 0 13 mauprevoir
162 0 13 derce
1085 0 44 champigny-le-sec
2477 0 130 lencloître
1542 0 215 villedieu-du-clain
2395 0 129 saint-julien-l-ars
662 0 26 chapelle-montreuil
704 0 61 monts-sur-guesnes
625 0 10 sillars
1112 0 39 ayron
2860 0 129 iteuil
1307 0 40 beruges
604 0 13 antigny-86
1008 0 60 fleure-86
651 0 27 angliers-86
443 0 134 cernay-86
241 0 7 haims
3776 0 91 vivonne
552 0 14 saint-secondin
446 0 37 sossais
1329 0 36 savigne
118 0 29 raslay
1702 0 49 bonnes-86
1046 0 72 bignoux
1026 0 68 saint-cyr-86
1836 0 213 cenon-sur-vienne
633 0 23 doussay
931 0 77 buxeuil-86
120 0 12 glenouze
342 0 33 basses
1988 0 54 vouneuil-sur-vienne
1073 0 45 terce
2346 0 83 lussac-les-chateaux
6754 0 70 chauvigny
2562 0 41 valdivienne
338 0 65 cheneche
1236 0 38 saint-genest-d-ambiere
679 0 40 monthoiron
2535 0 126 smarves
1173 0 56 marigny-brizay
