463
689



1 205 1
1 293 1
1 320 1
1 335 1
2 362 1
2 371 1
3 160 1
3 265 1
4 48 1
4 397 1
5 94 1
5 114 1
5 181 1
6 27 1
6 425 1
7 244 1
7 267 1
7 284 9
8 42 1
8 72 1
9 341 1
9 400 1
10 398 1
10 418 1
11 183 1
11 420 1
12 47 1
12 279 1
13 178 1
13 365 1
14 128 1
14 450 1
14 458 1
15 18 1
15 51 1
15 166 1
15 416 1
16 141 1
16 267 1
16 459 1
17 140 1
17 326 1
18 166 1
18 188 1
19 60 1
19 141 1
19 261 1
19 459 1
20 82 1
20 121 1
20 167 1
21 250 1
21 371 1
22 140 1
22 197 1
23 83 1
23 130 1
24 175 1
24 365 1
25 350 1
25 433 1
26 94 1
26 182 1
26 286 5
26 405 1
27 92 1
27 425 1
28 37 1
28 140 1
29 80 1
29 110 1
29 147 1
29 173 1
29 294 1
29 365 1
29 422 1
30 199 1
30 209 1
30 424 1
31 214 1
31 262 1
31 381 1
31 400 1
32 192 1
32 229 1
33 331 1
33 411 1
33 421 1
34 100 1
34 216 1
35 246 1
35 316 2
36 94 1
36 208 1
37 140 1
37 197 1
37 366 1
37 428 1
38 390 1
38 393 1
39 300 1
39 323 1
40 345 1
40 446 1
41 160 1
41 265 1
41 417 1
42 179 1
42 217 1
42 304 1
43 153 1
43 286 1
43 314 1
43 325 1
44 270 1
44 323 1
45 242 1
45 356 1
46 400 1
46 442 1
47 131 1
47 289 1
48 225 1
49 237 1
49 316 4
50 120 1
50 391 1
51 188 1
51 416 1
52 224 1
52 426 1
53 70 1
53 75 1
53 130 1
53 160 1
53 409 1
54 124 1
54 390 1
55 252 1
55 263 1
55 349 1
56 266 1
56 333 1
56 421 1
57 118 1
57 445 1
58 255 1
58 313 1
59 360 1
59 447 1
60 97 1
60 261 1
61 198 1
61 384 1
61 438 1
62 162 1
62 363 2
63 253 1
63 327 1
64 228 1
64 319 1
65 132 1
65 261 1
65 354 1
66 339 1
66 376 1
67 149 1
67 354 1
68 239 1
68 304 1
69 365 1
69 422 1
70 264 1
70 460 1
71 120 1
71 391 1
72 348 2
72 385 1
72 432 1
73 124 1
73 133 1
73 190 1
73 207 1
74 352 1
74 447 1
75 264 1
76 187 1
76 307 1
77 114 1
77 137 2
77 293 1
78 257 1
78 311 1
79 198 1
79 369 1
80 110 1
81 250 1
81 357 1
82 420 1
83 253 1
84 375 1
84 452 1
85 87 1
85 127 1
85 278 1
85 326 1
86 209 1
86 388 1
87 278 1
88 201 1
88 206 1
88 446 1
89 203 1
89 285 1
90 275 1
90 358 1
91 285 1
91 388 1
92 143 1
92 256 1
93 256 1
93 343 1
93 388 1
94 208 1
95 282 1
95 328 1
96 158 1
96 449 1
97 261 1
97 321 1
97 354 1
97 375 1
98 430 1
98 442 1
99 128 1
99 448 1
99 450 1
100 106 1
100 210 1
101 192 1
101 226 1
102 243 1
102 377 1
102 414 1
102 451 1
103 189 1
103 436 1
104 308 1
104 380 1
105 117 1
105 453 1
106 179 1
107 155 1
107 180 1
108 306 1
108 424 1
109 202 1
109 231 1
109 368 1
111 333 1
111 395 1
112 276 1
112 283 1
112 367 1
113 289 1
113 324 2
113 416 1
114 142 1
114 296 1
114 403 1
115 139 1
115 154 1
115 315 1
115 463 1
116 158 1
116 223 1
117 149 1
117 459 1
118 159 1
119 385 1
119 399 6
120 228 1
120 391 1
121 167 1
121 187 1
121 249 1
122 207 1
122 292 1
122 318 1
123 199 1
123 209 1
123 407 1
123 408 1
125 252 1
125 263 1
126 184 1
126 284 2
126 369 1
126 393 1
126 440 1
127 326 1
129 134 1
129 333 1
129 392 1
129 429 1
130 403 1
130 458 1
131 218 1
131 269 5
131 324 2
132 268 1
133 148 1
133 184 1
134 144 1
135 441 1
135 457 1
136 155 1
136 356 1
137 293 2
138 201 1
138 446 1
139 158 1
139 240 1
140 428 1
141 459 1
142 208 1
143 256 1
143 353 1
144 259 1
144 392 1
145 279 22
145 290 4
146 213 1
146 256 1
146 343 1
147 148 1
147 294 1
148 294 1
149 459 1
150 273 1
150 378 1
150 397 1
151 163 1
151 413 1
151 440 1
152 245 2
152 288 1
153 325 1
154 315 1
155 180 1
156 287 1
156 432 1
157 202 1
157 368 1
157 414 1
158 211 1
158 223 1
158 347 1
158 449 1
159 287 1
159 386 1
160 221 1
160 371 1
160 414 1
160 417 1
161 178 1
161 378 1
162 247 38
162 363 1
163 284 1
164 288 1
164 339 1
164 399 13
165 240 1
165 310 1
165 463 1
167 249 1
167 402 1
168 337 1
168 406 1
169 280 1
169 441 1
170 255 1
170 389 1
170 431 1
171 260 1
171 312 1
171 372 1
172 331 1
172 409 1
172 410 1
172 462 1
173 378 1
174 186 1
174 341 1
175 380 1
176 189 1
176 309 1
176 364 1
177 199 1
177 232 1
177 233 1
178 378 1
179 322 1
179 348 1
179 385 1
180 329 1
180 392 1
180 412 1
180 461 1
181 405 1
182 245 1
182 399 11
183 294 1
183 420 1
183 456 1
184 207 1
184 337 1
184 369 1
184 438 1
185 361 1
185 402 1
186 380 1
189 364 1
190 277 1
190 337 1
191 241 1
191 336 1
192 226 1
193 350 1
193 373 1
193 433 1
193 434 1
194 232 1
194 401 1
195 207 1
195 318 1
196 205 1
196 293 1
196 404 1
198 369 1
199 233 1
199 352 1
199 407 1
199 424 1
200 299 2
200 316 8
201 305 1
202 368 1
203 285 1
203 360 1
204 246 5
204 247 193
204 316 21
205 220 1
205 404 1
205 407 1
206 302 2
206 415 1
206 446 1
207 318 1
210 216 1
210 322 1
210 403 1
211 355 1
212 213 1
212 403 1
213 425 1
214 248 1
214 262 1
214 400 1
215 286 1
215 443 1
217 322 1
218 269 1
219 227 1
219 449 1
220 404 3
220 407 1
221 274 1
221 371 1
222 258 1
222 406 1
223 244 1
223 284 2
223 355 1
223 413 1
224 238 1
224 359 1
225 262 1
225 275 1
225 361 1
226 453 1
227 347 1
227 390 1
227 427 1
228 319 1
229 395 1
230 249 1
230 307 1
231 274 1
232 295 1
232 456 1
234 246 1
234 455 1
235 316 1
235 454 1
236 323 1
236 329 1
236 383 1
236 412 1
237 316 6
238 322 1
238 345 1
238 359 1
239 301 1
239 304 1
239 386 1
240 310 1
240 364 1
240 463 1
241 462 1
242 342 1
242 356 1
243 336 1
243 370 1
244 284 2
245 399 29
246 455 1
247 281 42
247 332 41
247 399 483
248 418 1
249 307 1
249 394 1
249 402 1
250 362 1
251 282 1
251 328 1
252 263 1
252 349 1
253 327 1
254 340 1
254 380 1
254 400 1
254 444 1
255 389 1
255 431 1
256 343 1
257 311 1
257 361 1
257 394 1
258 277 1
258 308 1
259 392 1
260 272 1
260 302 1
260 382 1
261 452 1
262 273 1
263 272 1
264 460 1
265 366 1
266 336 1
266 414 1
266 451 1
268 351 1
268 354 1
270 329 1
271 298 1
271 416 1
272 382 1
274 417 1
275 358 1
275 439 1
276 367 1
277 406 1
278 379 1
278 414 1
279 316 22
280 357 1
281 332 1
281 456 1
282 328 1
283 384 1
284 333 14
286 443 7
287 387 1
287 445 1
288 376 1
290 416 1
291 382 1
291 445 1
292 328 1
295 456 1
296 338 1
297 299 1
297 317 1
298 416 1
299 317 1
299 346 1
300 344 1
300 435 1
301 372 1
302 372 1
302 415 1
303 415 1
303 419 1
304 345 1
305 350 1
305 373 1
305 415 1
306 408 1
309 463 1
311 397 1
312 382 1
313 395 1
314 404 2
316 454 1
317 346 1
320 334 1
320 335 1
321 369 1
321 374 1
323 383 1
324 416 1
325 455 1
327 330 1
327 351 1
329 392 1
330 437 1
332 401 1
333 395 1
333 421 1
334 335 1
334 338 1
337 406 1
339 387 1
340 430 1
340 444 1
341 381 1
342 356 1
342 423 1
343 388 1
344 396 1
344 435 1
347 440 1
348 385 1
348 399 19
350 373 1
351 353 1
352 374 1
354 437 1
356 429 1
358 439 1
361 394 1
361 402 1
363 455 1
364 463 1
365 380 1
367 374 1
370 377 1
373 415 1
375 452 1
379 414 1
383 412 1
384 438 1
389 451 1
393 427 1
394 402 1
396 435 1
396 436 1
398 418 1
398 442 1
400 418 1
400 442 1
401 456 1
410 411 1
410 462 1
415 419 1
415 434 1
423 461 1
426 441 1
426 457 1
427 440 1
435 436 1
437 453 1
448 450 1
450 457 1



927 0 170 ayvelles
143 0 8 nouart
103 0 6 bayonville
160 0 97 tremblois-les-rocroi
466 0 98 hannogne-saint-martin
80 0 8 lametz
1882 0 291 sault-les-rethel
804 0 60 remilly-aillicourt
77 0 13 champlin-08
150 0 20 brognon-08
213 0 47 this
231 0 102 anchamps
57 0 8 cernion
159 0 11 tannay-08
721 0 110 rancennes
232 0 17 thugny-trugny
38 0 4 lancon-08
252 0 40 ham-sur-meuse
530 0 82 coucy
297 0 88 haudrecy
55 0 6 fosse-08
98 0 12 fleville
69 0 8 montgon
192 0 18 logny-bogny
178 0 26 margny-08
2369 0 86 donchery
73 0 10 marquigny
161 0 10 chatel-chehery
570 0 62 rouvroy-sur-audry
75 0 10 touligny
897 0 109 auvillers-les-forges
95 0 19 tourcelles-chaumont
116 0 17 terron-sur-aisne
59 0 6 artaise-le-vivier
700 0 181 joigny-sur-meuse
132 0 26 chehery
36 0 1 exermont
95 0 12 doumely-begny
203 0 24 bergnicourt
84 0 10 vaux-les-mouzon
81 0 5 verpel
371 0 99 angecourt
495 0 159 ville-sur-lumes
127 0 7 menil-lepinois
177 0 9 leffincourt
103 0 10 antheny
280 0 48 fepin
259 0 9 sevigny-la-foret
1053 0 29 thilay
70 0 6 marvaux-vieux
868 0 80 aubrives
110 0 7 besace
316 0 14 belleville-et-chatillon-sur-bar
154 0 14 remaucourt-08
154 0 18 mogues
346 0 36 falaise-08
1263 0 123 pouru-saint-remy
65 0 5 contreuve
178 0 22 villers-le-tourneur
652 0 37 novy-chevrieres
113 0 7 wagnon
1562 0 254 montcy-notre-dame
227 0 11 voncq
67 0 6 sechault
293 0 22 ecordal
160 0 21 chapelle-08
243 0 20 givry-08
105 0 23 villers-devant-mouzon
91 0 14 lepron-les-vallees
92 0 9 authe
49 0 3 aure
1978 0 210 bazeilles
449 0 12 chaumont-porcien
105 0 15 barbaise
146 0 9 boult-aux-bois
342 0 74 houldizy
1074 0 134 dom-le-mesnil
180 0 25 murtin-et-bogny
175 0 16 corny-macheromenil
253 0 25 remilly-les-pothees
69 0 6 vaux-en-dieulet
245 0 49 belval-08
171 0 22 neuville-day
143 0 12 sorcy-bauthemont
146 0 15 montcheutin
120 0 9 mazerny
57 0 9 grandham
243 0 33 linay
67 0 14 wignicourt
387 0 21 regniowez
173 0 36 chesnois-auboncourt
75 0 20 sabotterie
96 0 18 guincourt
439 0 49 cheveuges
160 0 8 banogne-recouvrance
207 0 19 herpy-l-arlesienne
704 0 75 amagne
52 0 11 auge-08
199 0 15 brieulles-sur-bar
73 0 6 maisoncelle-et-villers
43 0 8 chardeny
465 0 41 challerange
146 0 12 houdilcourt
85 0 7 feree
206 0 9 saulces-champenoises
139 0 21 bulson
142 0 16 alincourt
95 0 17 villers-sur-le-mont
58 0 7 champigneulle
58 0 8 neufmaison
88 0 15 sainte-marie-08
241 0 10 viel-saint-remy
1680 0 202 vireux-molhain
516 0 48 sapogne-et-feucheres
335 0 27 blanzy-la-salonnaise
328 0 15 avancon-08
69 0 10 mont-laurent
397 0 54 brevilly
524 0 124 wadelincourt
106 0 5 manre
1014 0 122 tournes
207 0 14 fraillicourt
852 0 59 poix-terron
242 0 14 seraincourt-08
258 0 14 puilly-et-charbeaux
344 0 18 sery-08
140 0 8 autry
63 0 14 petites-armoises
505 0 30 machault-08
988 0 41 chesne-08
2051 0 73 haybes
253 0 29 alland-huy-et-sausseuil
1358 0 21 signy-l-abbaye
219 0 7 saint-etienne-a-arnes
54 0 12 grandes-armoises
76 0 7 ville-sur-retourne
2289 0 252 nouvion-sur-meuse
67 0 9 malandry
342 0 47 gomont
83 0 7 cornay
71 0 10 doux-08
44 0 5 omicourt
177 0 20 tourteron
65 0 7 saint-pierre-a-arnes
6663 0 361 givet
213 0 14 baalons
351 0 29 clavy-warby
557 0 14 thin-le-moutier
133 0 22 ambly-fleury
162 0 27 chilly-08
164 0 19 arnicourt
1058 0 86 saint-menges
411 0 75 issancourt-et-rumel
212 0 33 aire
65 0 7 bignicourt
149 0 32 rubecourt-et-lamecourt
106 0 9 marcq-08
1401 0 80 chateau-porcien
1845 0 144 douzy
375 0 16 buzancy-08
114 0 8 flaignes-havys
1209 0 283 saint-laurent-08
135 0 19 bertoncourt
1134 0 80 givonne
390 0 23 villers-devant-le-thour
235 0 50 foisches
376 0 120 ham-les-moines
185 0 18 lalobbe
38 0 5 oches
84 0 6 mont-saint-martin-08
236 0 40 osnes
187 0 16 quatre-champs
138 0 13 echelle
146 0 11 prez
147 0 14 marlemont
181 0 14 brienne-sur-aisne
136 0 29 champigneul-sur-vence
66 0 8 marby
364 0 94 thelonne
1211 0 46 juniville
249 0 45 villers-sur-bar
933 0 144 glaire
384 0 49 neuville-les-this
358 0 35 wasigny
1745 0 107 renwez
198 0 15 aouste
412 0 46 damouzy
217 0 53 hierges
180 0 22 poilcourt-sydney
86 0 12 givron
89 0 8 longwe
84 0 15 quilly-08
146 0 26 sapogne-sur-marche
206 0 47 evigny
46 0 11 vaux-les-rubigny
579 0 111 chalandry-elaire
45 0 8 sommerance
101 0 8 mesmont-08
295 0 31 guignicourt-sur-vence
2459 0 76 montherme
183 0 23 villy-08
50 0 8 chevieres
108 0 31 puiseux-08
6318 0 578 nouzonville
365 0 76 saint-marceau-08
1197 0 161 blagny
717 0 19 rocquigny-08
139 0 17 saint-aignan-08
223 0 27 montigny-sur-vence
436 0 19 chemery-sur-bar
108 0 11 taizy
86 0 4 omont
176 0 13 chagny-08
492 0 41 eteignieres
416 0 28 bosseval-et-briancourt
108 0 14 neuville-a-maire
753 0 65 haraucourt-08
487 0 11 hargnies-08
206 0 8 saint-fergeux
1587 0 233 francheville-08
45 0 5 harricourt
46 0 15 maranwez
375 0 33 barby-08
94 0 6 yoncq
844 0 57 bourg-fidele
92 0 7 coulommes-et-marqueny
96 0 10 son
85 0 19 ardeuil-et-montfauxelles
178 0 15 grivy-loisy
326 0 28 montcornet-08
74 0 13 beffu-et-le-morthomme
181 0 30 mondigny
148 0 31 saint-pierre-sur-vence
1100 0 52 gespunsart
172 0 110 tournavaux
728 0 52 neuflize
1647 0 52 hautes-rivieres
465 0 14 beaumont-en-argonne
149 0 20 amblimont
809 0 51 saint-germainmont
114 0 19 croix-aux-bois
83 0 11 dricourt
77 0 8 brecy-brieres
441 0 39 acy-romance
2468 0 332 floing
1172 0 115 neufmanil
49810 0 1584 charleville-mezieres
353 0 26 neuville-aux-joûtes
289 0 46 cliron
38 0 2 belval-bois-des-dames
250 0 10 sevigny-waleppe
114 0 26 tremblois-les-carignan
87 0 21 semuy
383 0 22 rumigny-08
105 0 17 sugny
84 0 33 jonval
1423 0 377 rimogne
141 0 15 saint-jean-aux-bois-08
102 0 10 saint-clement-a-arnes
643 0 98 pure
570 0 112 lucquy
1060 0 102 maubert-fontaine
265 0 32 deux-villes
46 0 9 germont
57 0 6 imecourt
366 0 35 savigny-sur-aisne
273 0 34 biermes
206 0 22 charbogne
3697 0 98 fumay
188 0 9 aussonce
140 0 29 landrichamps
462 0 25 matton-et-clemency
95 0 21 etalle
129 0 8 briquenay
2408 0 47 rocroi
208 0 34 faissault
132 0 13 romagne-08
138 0 9 termes-08
7214 0 187 revin
91 0 4 saint-pierremont-08
1367 0 269 prix-les-mezieres
147 0 16 saint-quentin-le-petit
188 0 17 dommery
7716 0 415 rethel
108 0 12 vaux-montreuil
3433 0 426 vrigne-aux-bois
624 0 31 francheval
404 0 25 illy
97 0 11 montigny-sur-meuse
1065 0 148 fromelennes
346 0 41 escombres-et-le-chesnois
203 0 20 renneville-08
1158 0 559 flize
319 0 29 saint-marcel-08
72 0 13 gruyeres
77 0 7 elan
514 0 158 laifour
86 0 15 charnois
1131 0 144 deville
54 0 7 saint-remy-le-petit
108 0 10 euilly-et-lombut
3107 0 221 carignan
61 0 8 bievres-08
356 0 29 autrecourt-et-pourron
81 0 21 fromy
125 0 12 singly
364 0 86 arreux
67 0 9 frety
257 0 38 vieux-les-asfeld
329 0 19 thour
169 0 17 chatelet-sur-sormonne
177 0 29 sachy
60 0 6 bourcq
1138 0 185 lumes
135 0 76 balham
5478 0 236 bogny-sur-meuse
945 0 26 mazures
76 0 14 rubigny
51 0 3 bouconville
260 0 61 etrepigny
677 0 33 saulces-monclin
855 0 39 raucourt-et-flaba
667 0 67 chatelet-sur-retourne
1933 0 91 vireux-wallerand
347 0 71 gernelle
73 0 9 conde-les-autry
111 0 32 rilly-sur-aisne
115 0 6 hannogne-saint-remy
542 0 19 neuville-en-tourne-a-fuy
93 0 12 chuffilly-roche
85 0 7 alleux
1312 0 142 warcq-08
4141 0 148 vouziers
241 0 21 balaives-et-butz
277 0 92 boutancourt
219 0 10 olizy-primat
102 0 15 draize
261 0 30 villers-le-tilleul
351 0 123 daigny
156 0 18 hannappes
75 0 8 estrebay
187 0 14 pauvres
95 0 22 bouvellemont
202 0 22 ecaille
2303 0 66 mouzon-08
507 0 36 secheval
199 0 21 ecly
1616 0 347 balan-08
48 0 21 williers
85 0 13 auflance
174 0 16 saint-lambert-et-mont-de-jeux
287 0 22 jandun
70 0 10 suzanne-08
1226 0 106 attigny-08
118 0 14 nanteuil-sur-aisne
55 0 7 mont-saint-remy
119 0 12 sommauthe
374 0 24 taillette
142 0 18 letanne
71 0 12 hagnicourt
504 0 26 harcy
175 0 4 tailly-08
1593 0 179 aiglemont
464 0 35 avaux
349 0 33 aubigny-les-pothees
103 0 5 landres-et-saint-georges
112 0 12 neuvizy
112 0 11 saint-juvin
502 0 29 novion-porcien
81 0 12 mouron
118 0 12 bar-les-buzancy
81 0 13 tetaigne
191 0 48 moiry
651 0 48 launois-sur-vence
56 0 17 faux-08
203 0 14 fleigneux
84 0 40 vaux-les-mouron
121 0 12 blombay
149 0 10 senuc
537 0 39 liart
153 0 13 girondelle
610 0 74 messincourt
939 0 39 tagnon
95 0 13 grandchamp-08
735 0 78 noyers-pont-maugis
258 0 34 mairy
328 0 14 villers-cernay
167 0 10 saint-loup-terrier
236 0 19 saint-morel
94 0 9 chappes-08
107 0 8 liry
303 0 20 hauvine
168 0 14 justine-herbigny
564 0 118 sormonne
55 0 11 mars-sous-bourcq
243 0 15 saint-loup-en-champagne
245 0 57 laval-morency
189 0 27 fligny
18577 0 1141 sedan
345 0 9 neuville-lez-beaulieu
378 0 70 warnecourt
590 0 125 lonny
494 0 11 vendresse
3405 0 484 villers-semeuse
261 0 58 vrigne-meuse
94 0 13 montmeillant
938 0 141 boulzicourt
190 0 36 horgne
34 0 6 noirval
248 0 23 ballay
172 0 15 vandy
302 0 12 perthes-08
203 0 14 sorbon
456 0 15 grandpre
789 0 104 margut
773 0 59 chooz
105 0 11 thenorgues
1302 0 33 signy-le-petit
181 0 28 ferte-sur-chiers
97 0 29 sury
341 0 41 vrizy
192 0 19 vaux-villaine
96 0 10 menil-annelles
134 0 47 yvernaumont
80 0 8 louvergny
49 0 6 stonne
111 0 19 hauteville-08
129 0 10 apremont-08
183 0 10 cauroy
102 0 12 bossus-les-rumigny
206 0 5 semide
135 0 99 moncelle
94 0 12 herbeuval
78 0 12 signy-montlibert
250 0 22 roizy
171 0 17 sault-saint-remy
94 0 13 sainte-vaubourg
165 0 31 neuville-les-wasigny
526 0 100 gue-d-hossus
81 0 17 inaumont
50 0 4 berliere-08
141 0 13 tarzy
3321 0 355 vivier-au-court
155 0 7 blanchefosse-et-bay
290 0 32 pouru-aux-bois
246 0 19 sailly-08
221 0 32 raillicourt
33 0 5 verrieres-08
201 0 17 conde-les-herpy
48 0 6 sy
386 0 32 monthois
102 0 18 auboncourt-vauzelles
132 0 12 vaux-champagne
110 0 30 haulme
818 0 81 grandville-08
350 0 35 fagnon
20 0 1 mont-dieu
270 0 18 sauville-08
159 0 13 seuil
63 0 7 autruche
139 0 11 annelles
94 0 27 toges
1077 0 48 asfeld
