589
861



1 110 1
1 312 1
2 64 24
2 335 31
3 181 1
3 456 1
4 176 1
4 237 1
4 308 1
5 415 1
5 520 1
6 514 1
6 520 1
7 125 1
7 143 1
8 323 2
8 416 7
9 128 1
9 435 1
9 496 1
10 288 1
10 325 1
11 65 1
11 354 1
12 249 9
12 342 6
12 497 5
13 36 9
13 358 38
13 560 6
14 216 1
14 339 1
15 237 1
15 246 1
15 401 1
16 196 1
16 371 1
17 197 1
17 383 1
17 552 1
18 329 1
18 360 1
19 381 1
19 503 1
20 151 1
20 423 1
21 92 18
21 104 17
21 342 9
22 53 1
22 417 1
23 438 1
23 518 1
24 38 1
24 413 1
25 140 1
25 439 1
26 84 1
26 356 1
26 503 1
27 259 6
27 290 6
27 335 26
27 446 2
27 567 2
27 568 7
28 135 12
28 150 1
29 241 1
29 264 1
29 513 1
30 94 1
30 150 1
30 412 1
31 51 2
31 90 1
31 235 2
32 339 1
32 370 1
33 237 1
33 340 1
34 204 3
34 292 1
34 535 1
35 202 1
35 378 1
35 426 1
35 548 1
36 566 4
37 156 1
37 284 1
37 472 1
37 586 1
38 421 1
39 119 1
39 279 1
39 393 1
40 159 36
40 190 42
40 395 13
41 456 1
41 512 1
42 112 553
42 190 176
42 192 472
43 49 1
43 80 1
43 130 1
44 108 14
44 274 1
44 344 3
45 387 1
45 436 1
45 509 1
45 562 1
46 347 1
46 379 1
47 111 1
47 420 1
47 515 1
47 536 1
47 539 1
48 196 1
48 562 1
49 495 1
50 162 1
50 275 1
50 340 1
50 361 1
50 567 1
51 174 1
51 489 1
51 587 1
52 343 1
52 410 1
53 153 1
53 508 1
54 62 1
54 549 1
55 397 1
55 399 1
56 268 1
56 504 1
57 107 3
57 163 4
58 199 66
58 358 228
58 458 12
58 566 28
59 75 1
59 273 1
60 107 1
60 278 1
60 476 1
61 166 5
61 251 2
62 552 1
63 181 1
63 538 1
64 105 4
64 335 59
64 583 4
65 244 1
65 354 1
66 94 1
66 135 7
66 412 1
67 108 82
68 141 1
68 169 1
69 405 1
69 515 1
70 87 1
70 371 1
70 546 1
71 357 1
71 501 1
72 214 1
72 384 1
73 284 1
73 474 1
74 286 1
74 466 1
75 273 1
75 522 1
76 177 1
76 304 1
77 184 1
77 236 1
77 433 1
77 489 2
78 340 1
78 401 1
78 528 1
79 233 1
79 283 1
79 586 1
80 130 1
80 492 1
81 183 2
81 552 1
82 317 1
82 451 1
82 469 1
83 189 1
83 498 1
84 164 1
84 184 1
84 381 1
85 242 1
85 498 1
86 311 1
86 491 1
87 371 1
88 144 19
88 441 12
89 459 1
89 507 1
89 520 1
90 235 1
91 132 1
91 267 1
91 378 1
92 287 23
93 176 1
93 298 1
93 449 1
93 570 1
94 228 1
94 412 1
95 211 1
95 377 1
95 396 1
96 99 1
96 210 1
96 218 1
96 288 1
97 376 1
97 426 1
98 247 1
98 305 1
98 421 1
99 571 1
100 326 1
100 348 1
100 550 1
100 554 1
101 217 1
101 565 1
102 170 1
102 242 1
103 296 3
103 367 1
103 474 1
104 144 28
104 441 18
105 339 1
105 524 1
105 583 1
106 117 1
106 585 1
107 163 5
108 331 74
109 284 1
109 407 1
109 586 1
110 113 1
111 515 1
111 584 1
112 358 245
112 445 252
113 227 1
113 312 1
114 147 1
114 171 1
115 152 1
115 171 1
116 139 1
116 589 1
117 232 15
117 283 1
118 220 1
118 353 2
118 420 1
119 430 1
119 532 1
120 161 1
120 267 1
120 354 1
120 362 1
121 226 2
121 533 1
121 549 1
122 229 1
122 343 1
122 559 1
123 414 1
123 541 1
124 155 1
124 546 1
125 147 1
125 152 1
125 291 1
126 290 1
126 547 1
127 365 1
127 450 1
127 544 1
128 336 1
129 303 2
129 321 16
130 349 1
131 302 1
131 483 1
131 546 1
132 217 1
132 565 1
133 245 1
133 247 1
134 206 1
134 314 1
134 529 1
136 353 2
136 527 2
137 191 1
137 346 1
138 252 1
138 379 1
139 178 1
139 195 1
140 171 3
140 439 1
140 578 3
141 167 1
142 286 1
142 466 1
143 200 1
143 431 1
143 521 1
143 541 1
144 441 31
144 443 39
145 149 1
145 158 1
145 444 1
146 178 1
146 255 1
146 296 1
148 268 1
148 330 1
149 306 1
149 397 1
149 399 1
149 576 1
150 575 1
151 181 1
151 510 1
151 538 1
151 547 1
153 289 1
153 537 1
154 463 4
154 535 2
155 428 1
155 546 1
155 569 1
156 230 1
157 189 1
157 251 1
158 179 1
158 359 1
158 444 1
158 495 1
159 445 69
160 534 1
160 584 1
161 362 1
161 408 1
162 477 1
163 278 3
164 433 1
164 448 1
165 218 1
165 314 3
165 366 3
165 559 1
166 251 4
166 287 17
167 214 1
167 345 1
168 413 1
168 574 1
169 212 1
169 263 1
170 555 1
170 580 1
171 316 1
171 432 1
172 334 1
172 577 1
173 198 1
173 377 1
173 399 1
174 540 1
174 587 1
175 275 1
175 446 1
175 567 1
177 298 1
177 310 2
178 195 1
178 588 1
178 589 1
179 359 1
179 545 1
180 355 1
180 392 1
181 423 1
182 256 1
182 305 2
182 421 1
182 581 2
183 221 4
184 381 1
185 194 1
185 295 1
185 315 1
185 557 1
186 275 1
186 361 1
187 223 3
187 226 4
187 328 14
188 387 1
188 562 1
189 251 1
189 348 1
189 486 1
190 395 13
191 258 5
191 322 1
192 205 5919
193 529 1
193 558 1
194 201 1
194 294 1
194 295 1
194 550 1
194 554 1
197 488 5
198 301 1
198 389 1
198 399 1
199 458 2
200 235 1
200 435 1
200 521 1
201 294 1
202 426 1
203 277 1
203 300 1
204 292 2
204 535 2
205 416 3651
206 329 1
206 529 1
207 269 39
207 293 43
207 566 9
208 309 1
208 386 1
208 585 1
209 448 1
209 475 1
209 544 1
210 278 1
210 366 1
210 577 1
211 365 1
212 263 1
212 379 1
212 534 1
213 332 1
213 516 1
214 277 1
214 345 1
214 394 1
214 427 1
215 223 1
215 553 5
216 220 1
216 257 1
216 370 1
217 244 1
217 480 1
218 329 1
219 255 1
219 344 1
219 346 1
219 505 1
220 372 1
220 405 1
220 420 1
220 429 1
221 383 1
221 552 1
222 515 1
222 536 1
223 226 1
223 328 4
224 266 1
224 555 1
225 354 1
225 452 1
226 320 2
226 482 5
226 549 1
227 532 1
228 412 2
229 319 1
230 463 1
230 535 1
231 365 1
231 424 1
232 380 2
232 586 3
233 407 1
234 300 1
234 340 1
234 364 1
235 336 1
236 489 1
236 500 1
236 544 1
237 308 1
237 340 1
237 570 1
238 414 1
238 462 1
239 375 1
239 440 1
239 460 1
239 492 1
240 471 1
240 499 1
241 264 1
241 387 1
241 513 1
241 531 1
241 562 1
242 498 1
243 491 1
243 519 1
244 253 1
245 574 1
246 401 1
247 305 1
248 456 1
248 512 1
249 551 24
250 359 1
250 495 1
252 382 1
253 305 1
253 418 1
253 464 1
254 268 1
254 504 1
255 274 1
255 346 1
256 297 1
257 524 1
258 322 3
258 350 3
259 290 1
260 298 1
260 449 1
260 570 1
261 457 1
261 491 1
261 519 1
261 564 1
262 324 1
262 490 1
262 545 1
264 531 1
265 402 1
265 544 1
266 348 1
266 498 1
266 555 1
267 378 1
267 408 1
267 558 1
268 330 1
268 504 1
269 293 42
270 277 1
270 357 1
270 501 1
271 331 9
271 337 3
271 481 1
272 309 1
272 343 1
272 386 1
273 404 1
273 522 1
274 575 1
275 567 1
276 530 2
276 573 8
277 364 1
277 394 1
277 424 1
277 473 1
278 577 1
279 434 1
279 473 1
279 532 1
280 450 1
280 475 1
280 544 1
281 374 1
281 551 2
282 554 1
282 580 1
283 284 1
283 586 1
284 586 1
285 362 1
285 480 1
285 565 1
286 391 1
286 514 1
288 325 1
289 304 1
289 310 1
290 363 1
290 396 1
291 431 1
292 318 1
296 367 1
296 474 2
297 413 1
299 321 76
299 323 23
299 455 11
301 356 1
301 389 1
302 483 1
303 317 3
303 467 4
303 469 3
304 310 1
304 523 1
305 581 3
306 510 1
307 443 36
307 572 14
309 343 1
310 406 1
310 537 1
311 562 1
313 341 1
313 465 1
313 556 1
314 559 1
315 557 1
316 425 1
317 451 1
317 533 1
318 454 2
319 559 1
320 482 5
321 416 98
322 350 1
322 369 1
323 455 4
324 490 1
325 398 1
326 526 1
327 482 16
327 497 8
328 374 3
328 551 28
328 553 19
329 558 1
329 571 1
331 337 26
331 470 33
331 481 9
332 453 1
332 516 1
333 422 1
333 506 1
333 514 1
334 452 1
334 577 1
335 445 109
338 437 1
338 525 1
340 477 1
341 413 1
341 488 1
341 556 1
342 497 5
345 368 1
346 505 1
347 373 1
347 461 1
348 447 1
348 550 1
349 492 1
349 503 1
350 369 1
351 357 1
351 477 1
352 353 1
352 425 1
355 392 1
357 501 1
358 560 26
360 398 1
360 493 1
363 510 1
365 568 1
366 386 2
366 410 1
366 476 1
366 559 1
367 487 2
368 382 1
370 429 1
372 405 1
372 429 1
373 404 1
373 461 1
374 551 4
375 460 1
376 426 1
376 548 1
377 389 1
378 478 2
379 390 1
380 588 1
380 589 1
381 440 1
382 384 1
383 552 1
385 524 1
385 527 1
386 476 1
387 562 1
388 406 1
388 537 1
390 409 1
390 534 1
391 514 1
392 485 1
392 541 1
393 430 1
394 579 1
396 568 1
396 576 1
397 399 1
398 493 1
400 409 1
400 479 1
400 522 1
400 584 1
401 543 1
402 404 1
402 500 1
403 447 1
403 542 1
404 461 1
407 472 1
410 411 1
411 476 1
413 556 1
413 574 1
414 462 1
415 520 1
417 508 1
417 523 1
418 464 1
419 463 1
419 578 1
422 506 1
422 514 1
424 544 1
425 432 1
425 536 1
426 468 1
427 579 1
428 499 1
428 569 1
432 536 1
432 563 1
434 473 1
434 532 1
436 509 1
437 521 1
438 518 1
442 502 1
442 523 1
443 467 18
443 572 12
444 495 1
446 567 1
447 486 1
447 542 1
449 570 1
453 517 1
454 527 1
455 582 4
456 471 1
457 564 1
458 487 2
459 507 1
459 520 1
460 496 1
462 485 1
465 494 1
465 556 3
467 533 2
467 572 7
468 478 2
469 582 6
470 581 5
471 499 1
477 561 1
479 522 1
483 546 1
484 502 1
484 508 1
485 541 1
490 545 1
491 519 1
492 503 1
494 556 2
502 508 1
502 523 1
507 511 1
509 513 1
511 518 1
516 517 1
521 525 1
522 540 1
525 541 1
526 542 1
526 557 1
528 561 1
530 573 5
538 547 1
539 563 1
543 561 1
554 555 1
554 580 1
556 574 1



60 0 11 lunax
4505 0 222 fontenilles
92 0 20 arbon
206 0 40 loudet
65 0 3 castillon-de-larboust
87 0 5 saint-aventin
346 0 34 gensac-sur-garonne
887 0 133 pin-balma
72 0 12 ausseing
213 0 42 segreville
355 0 47 tarabel
3065 0 497 seilh
3850 0 413 roques-31
272 0 32 bragayrac
131 0 11 boudrac
185 0 54 estenos
701 0 128 mirepoix-sur-tarn
80 0 21 juzes
1998 0 293 salies-du-salat
542 0 47 soueich
5179 0 1171 beauzelle
720 0 23 sauveterre-de-comminges
28 0 6 portet-de-luchon
1772 0 135 gragnague
198 0 32 lacaugne
445 0 47 lestelle-de-saint-martory
11248 0 411 saint-gaudens
2028 0 333 lacroix-falgarde
62 0 23 lez
944 0 272 vigoulet-auzil
4667 0 238 cazeres
234 0 51 empeaux
424 0 32 cuing
1776 0 199 fauga
369 0 32 saint-julia
3612 0 1075 roquettes
478 0 56 lagrace-dieu
449 0 63 saint-marcel-paulel
132 0 18 lilhac
8475 0 346 leguevin
222 0 11 sengouagnet
35186 0 1689 colomiers
176 0 53 castagnede-31
2011 0 563 pechabou
252 0 13 fos-31
213 0 11 fabas-31
363 0 26 pouy-de-touges
214 0 37 chaum
20 0 3 francazal
256 0 13 cardeilhac
787 0 37 mondavezan
60 0 11 monestrol
447 0 73 barbazan
1201 0 59 montjoire
276 0 23 figarol
465 0 77 montauban-de-luchon
2068 0 157 montgiscard
23864 0 412 muret
139 0 14 terrebasse
917 0 37 montesquieu-lauragais
1920 0 113 daux
1006 0 147 magdelaine-sur-tarn
122 0 32 cabanac-cazaux
8537 0 400 saint-lys
330 0 44 aurin
1120 0 202 vieille-toulouse
11994 0 1856 ramonville-saint-agne
83 0 17 mauvezin-31
184 0 15 pin-murelet
119 0 41 ore
131 0 15 saint-lary-boujean
222 0 16 anan
2086 0 93 miremont-31
6 0 1 caubous-31
210 0 22 francon
530 0 120 ausson
1088 0 251 boussens
78 0 31 sarrecave
1216 0 30 gaillac-toulza
232 0 45 his
431 0 39 born-31
816 0 111 villaries
574 0 113 menville
876 0 105 saint-martory
472 0 45 merenvielle
35 0 17 binos
82 0 19 antichan-de-frontignes
3545 0 866 gratentour
133 0 23 garin
443 0 203 couladere
366 0 32 faget
5724 0 306 cornebarrieu
376 0 30 tourreilles-31
266 0 96 mervilla
154 0 50 savarthes
417 0 38 trebons-sur-la-grasse
249 0 69 roumens
492 0 36 gaure
127 0 38 cessales
340 0 41 gres
175 0 25 francarville
224 0 45 pradere-les-bourguets
2080 0 197 vernet-31
5166 0 543 fenouillet-31
742 0 62 saiguede
223 0 20 mauvaisin
2373 0 181 ayguesvives
11033 0 1342 castanet-tolosan
437 0 96 mauressac
60 0 25 nenigan
64 0 11 montastruc-saves
25340 0 1394 tournefeuille
53 0 9 saint-ferreol-de-comminges
516 0 90 salles-sur-garonne
728 0 69 saint-elix-le-chateau
248 0 113 labruyere-dorsa
2625 0 49 cintegabelle
3384 0 109 rieumes
55 0 9 salerm
2357 0 78 caraman
1799 0 361 labastide-saint-sernin
328 0 28 garde-31
80 0 12 tour-31
98 0 79 lourde
516 0 63 saint-julien-sur-garonne
153 0 40 aspret-sarrat
360 0 24 aulon-31
75 0 11 montclar-de-comminges
2164 0 572 saint-genies-bellevue
97 0 16 montgaillard-de-salies
83 0 29 bagiry
417 0 64 loubens-lauragais
252 0 53 saint-pierre-31
126 0 54 folcarde
9435 0 582 portet-sur-garonne
3417 0 125 lherm-31
1213 0 126 montlaur-31
52 0 18 riolas
97 0 25 pouze
5205 0 195 carbonne
60 0 21 frontignan-saves
8 0 0 bourg-d-oueil
260 0 23 saint-christaud-31
8745 0 1078 castelginest
511 0 29 estadens
262 0 74 espanes
2486 0 76 rieux-volvestre
169 0 73 moustajon
301 0 25 ganties
911 0 158 goyrans
659 0 80 encausse-les-thermes
558 0 41 lavelanet-de-comminges
315 0 72 labroquere
2650 0 123 longages
126 0 36 saint-pe-d-ardet
1845 0 132 saint-sulpice-sur-leze
568 0 67 bretx
272 0 16 montastruc-de-salies
6911 0 1201 salvetat-saint-gilles
138 0 21 saint-araille
202 0 42 albiac-31
98 0 23 sarremezan
3189 0 161 baziege
85 0 17 laffite-toupiere
4106 0 396 villefranche-de-lauragais
4236 0 356 mondonville
53 0 13 mirambeau-31
571 0 44 azas
70 0 11 ambax
205 0 17 bellegarde-sainte-marie
1059 0 93 lafitte-vigordane
1080 0 105 labastide-beauvoir
875 0 87 labarthe-inard
57 0 18 lescuns
1607 0 118 villeneuve-de-riviere
195 0 27 cuguron
2781 0 338 montrejeau
335 0 60 noueilles
194 0 15 chein-dessus
40 0 13 mailholas
293 0 30 izaut-de-l-hotel
1455 0 198 mons-31
5654 0 121 villemur-sur-tarn
783 0 57 roquefort-sur-garonne
342 0 84 cox
181 0 26 larcan
4134 0 222 bouloc-31
530 0 40 marignac-31
1314 0 259 saint-paul-sur-save
8091 0 312 pibrac
1273 0 170 belberaud
21710 0 1286 blagnac
112 0 20 belesta-en-lauragais
1068 0 100 cadours
104 0 28 belbeze-de-lauragais
202 0 48 fronsac-31
3253 0 195 bessieres
338 0 30 castillon-de-saint-martory
4454 0 987 pins-justaret
330 0 21 saint-michel-31
140 0 15 lareole
1336 0 25 saint-felix-lauragais
91 0 9 mondilhan
2699 0 151 lavernose-lacasse
441802 0 3734 toulouse
137 0 36 rieumajou
7902 0 998 frouzins
441 0 47 montgeard
81 0 18 bouzin
633 0 56 montgaillard-lauragais
118 0 20 lieoux
84 0 13 cazac
140 0 66 salles-et-pratviel
1984 0 87 isle-en-dodon
1398 0 114 villaudric
294 0 23 sabonneres
903 0 54 bourg-saint-bernard
530 0 126 vallegue
855 0 121 deyme
266 0 36 plagnole
1022 0 68 villematier
205 0 19 saveres
1025 0 80 villeneuve-les-bouloc
1275 0 218 beaupuy-31
233 0 28 caragoudes
1606 0 225 cepet
155 0 15 montesquieu-guittaut
3552 0 533 auzeville-tolosane
185 0 41 beauteville
510 0 28 montaut-31
411 0 29 saint-marcet
9107 0 249 auterive-31
122 0 16 marliac
493 0 38 blajan
801 0 71 palaminy
306 0 27 alan
374 0 23 saint-plancard
57 0 11 canens
645 0 58 cassagne-31
53 0 4 arguenos
393 0 53 saint-beat
932 0 98 lasserre-31
131 0 25 burgalays
1715 0 56 lanta
3146 0 76 verfeil-31
73 0 10 cazaril-tamboures
376 0 46 vallesvilles
34 0 5 razecueille
4783 0 155 merville-31
148 0 8 urau
1569 0 124 montaigut-sur-save
58 0 8 castelgaillard
770 0 106 saint-pierre-de-lages
574 0 51 saint-mamet
712 0 112 corronsac
239 0 58 mondouzil
353 0 41 beaufort-31
5932 0 704 escalquens
916 0 114 valentine
289 0 38 lecussan
5 0 1 baren
68 0 4 herran
40 0 15 goudex
51 0 6 bezins-garraux
214 0 17 boussan
787 0 47 castera
996 0 32 auriac-sur-vendinelle
389 0 57 juzet-de-luchon
7839 0 310 seysses
78 0 18 montgaillard-sur-save
1291 0 373 lauzerville
308 0 15 gibel
126 0 23 samouillan
524 0 101 rebigue
279 0 20 lodes
2441 0 177 lagardelle-sur-leze
264 0 27 ciadoux
1324 0 166 villenouvelle
63 0 15 castera-vignoles
41 0 14 saint-elix-seglan
436 0 184 saint-rustice
121 0 29 vignaux
777 0 71 caujac
408 0 55 puydaniel
144 0 30 prunet-31
50 0 6 saint-paul-d-oueil
6357 0 461 aussonne
103 0 27 saint-germier-31
465 0 113 huos
793 0 98 miramont-de-comminges
159 0 33 goutevernisse
1078 0 170 saint-hilaire-31
8637 0 1700 villeneuve-tolosane
129 0 23 puyssegur
390 0 17 brignemont
2612 0 179 venerque
241 0 42 bonrepos-riquet
557 0 64 ponlat-taillebourg
10259 0 1727 saint-jean
138 0 25 saint-pe-delbosc
69 0 13 proupiary
69 0 20 luscan
1801 0 493 saint-loup-cammas
847 0 128 pointis-de-riviere
2473 0 197 dremil-lafage
187 0 43 couret
8049 0 2032 aucamville-31
55 0 8 sedeilhac
2177 0 54 calmont-31
1359 0 258 gourdan-polignan
49 0 13 signac
251 0 13 peguilhan
273 0 97 gemil
1323 0 32 avignonet-lauragais
172 0 16 cabanac-seguenville
465 0 72 peyssies
2768 0 435 montberon
2146 0 342 labastidette
197 0 54 montclar-lauragais
1746 0 248 saint-sauveur-31
11868 0 1753 union
738 0 110 odars
3585 0 685 montrabe
71 0 5 portet-d-aspet
211 0 43 toutens
181 0 16 drudas
5082 0 266 saint-jory
5600 0 197 castelnau-d-estretefonds
358 0 47 lux-31
25 0 4 sode
10918 0 835 saint-orens-de-gameville
108 0 18 antignac-31
8 0 9 trebons-de-luchon
256 0 55 varennes-31
11111 0 583 fonsorbes
178 0 34 mauran
3861 0 504 labege
52 0 13 lahitere
565 0 40 saint-thomas-31
309 0 15 larroque-31
702 0 65 roqueseriere
2952 0 680 gagnac-sur-garonne
293 0 31 caignac
2023 0 371 pompertuzat
60 0 9 martisserre
1033 0 386 donneville
94 0 12 peyrissas
1140 0 48 thil-31
988 0 149 mane-31
752 0 74 fourquevaux
74 0 15 lespugue
2747 0 112 berat
837 0 37 poucharramet
301 0 30 maureville
83 0 13 bax
215 0 27 arnaud-guilhem
224 0 19 charlas
15807 0 1214 cugnaux
223 0 38 castelbiague
203 0 30 maurens-31
140 0 25 lalouret-laffiteau
183 0 34 mascarville
46 0 22 rieucaze
1612 0 65 boulogne-sur-gesse
323 0 18 latoue
1312 0 80 gardouch
532 0 52 clermont-le-fort
117 0 12 agassac
648 0 53 preserville
92 0 23 montgras
68 0 26 frontignan-de-comminges
189 0 36 forgues
119 0 12 eoux
740 0 112 ondes
131 0 54 marsoulas
70 0 17 nogaret
210 0 39 saint-medard-31
338 0 39 cabanial
142 0 17 labastide-paumes
401 0 29 auragne
423 0 58 mancioux
87 0 13 coueilles
329 0 45 layrac-sur-tarn
197 0 11 saint-frajou
429 0 50 cambernard
3076 0 165 nailloux
274 0 5 boutx
152 0 94 valcabrere
208 0 16 sepx
58 0 12 polastron-31
27 0 5 mayregne
344 0 18 latrape
61 0 11 esparron-31
300 0 13 puymaurin
2531 0 572 brax-31
579 0 92 estancarbon
438 0 34 montespan
136 0 22 beauville-31
492 0 77 beauchalot
76 0 19 fustignac
177 0 24 balesta
187 0 38 montoulieu-saint-bernard
369 0 41 saint-cezert
59 0 22 bachas
69 0 27 mones
201 0 42 seilhan
237 0 14 esperce
137 0 37 salvetat-lauragais
229 0 18 lussan-adeilhac
102 0 26 seyre
57 0 15 saint-rome
837 0 266 pechbusque
377 0 47 saint-jean-lherm
72 0 11 lapeyrere
93 0 4 cazeaux-de-larboust
13474 0 812 balma
400 0 106 ardiege
1979 0 204 sainte-foy-d-aigrefeuille
559 0 82 capens
286 0 16 lautignac
622 0 45 lavalette-31
13 0 3 saccourvielle
950 0 36 aspet
432 0 17 cassagnabere-tournas
417 0 56 bois-de-la-pierre
469 0 60 montegut-lauragais
83 0 21 boissede
124 0 14 malvezie
228 0 29 lahage
213 0 11 saint-andre-31
95 0 16 gouzens
699 0 46 gratens
114 0 27 frechet
215 0 11 montbernard
89 0 21 plagne-31
113 0 2 melles
210 0 13 montberaud
111 0 3 oo
165 0 23 montgazin
593 0 88 mazeres-sur-salat
5634 0 1322 saint-alban-31
496 0 58 bordes-de-riviere
7149 0 1018 launaguet
289 0 46 rouede
16091 0 606 plaisance-du-touch
270 0 21 saux-et-pomarede
1267 0 56 launac
193 0 24 auzas
361 0 33 franquevielle
93 0 19 peyrouzet
577 0 63 bazus
72 0 15 mourvilles-basses
239 0 22 cier-de-luchon
1322 0 216 lamasquere
1732 0 370 rouffiac-tolosan
204 0 12 juzet-d-izaut
65 0 23 cazaux-layrisse
801 0 440 villate
33 0 8 cathervielle
84 0 18 escoulis
163 0 14 benque-31
78 0 19 massabrac
2627 0 272 noe-31
1077 0 233 aigrefeuille
1591 0 223 garidech
13 0 2 cires
3940 0 523 pechbonnieu
351 0 31 vaudreuille
2686 0 283 lapeyrouse-fossat
4850 0 657 quint-fonsegrives
62 0 13 cazaunous
228 0 25 auribail
232 0 14 escanecrabe
990 0 121 grepiac
70 0 15 cazeneuve-montaut
305 0 97 vieillevigne-31
226 0 26 montmaurin
9361 0 265 revel-31
198 0 17 castelnau-picampeau
238 0 78 saussens
1284 0 279 auzielle
4967 0 550 bruguieres
87 0 30 galie
1363 0 99 labarthe-riviere
301 0 27 castagnac
1432 0 87 larra
4871 0 467 labarthe-sur-leze
2351 0 77 buzet-sur-tarn
2231 0 94 martres-tolosane
96 0 10 fougaron
27 0 10 bachos
258 0 39 touille
227 0 29 cambiac
1128 0 80 paulhac-31
370 0 25 saleich
105 0 10 belbeze-en-comminges
2526 0 595 lespinasse
2018 0 165 levignac
32 0 4 moncaup-31
196 0 15 marignac-laspeyres
159 0 28 saman
386 0 107 martres-de-riviere
415 0 45 montsaunes
2593 0 49 bagneres-de-luchon
548 0 50 montbrun-lauragais
23 0 9 cazaril-laspenes
73 0 17 poubeau
261 0 28 cier-de-riviere
30 0 11 argut-dessous
75 0 41 lespiteau
23 0 3 jurvielle
175 0 8 milhas
95 0 10 arlos
25 0 6 benque-dessous-et-dessus
104 0 20 sajas
35 0 3 artigue
46 0 3 gouaux-de-luchon
53 0 4 gouaux-de-larboust
50 0 9 guran
23 0 10 billiere
494 0 61 plan-31
119 0 21 montegut-bourjac
558 0 117 clarac-31
2001 0 52 sainte-foy-de-peyrolieres
469 0 15 montbrun-bocage
86 0 25 bellesserre
1174 0 116 saint-clar-de-riviere
92 0 10 nizan-gesse
173 0 26 mourvilles-hautes
1523 0 57 beaumont-sur-leze
143 0 64 eup
168 0 20 saint-laurent-31
635 0 87 gargas-31
119 0 17 senarens
1111 0 119 mauzac
695 0 47 labastide-clermont
256 0 22 saint-bertrand-de-comminges
92 0 22 payssous
1714 0 44 fousseret
122 0 25 montoussin
2997 0 50 montesquieu-volvestre
710 0 29 burgaud
38 0 8 saint-loup-en-comminges
1179 0 65 aurignac
241 0 32 arbas
37 0 15 mont-de-galie
132 0 36 regades
110 0 20 falga
1312 0 66 vacquiers
515 0 49 pelleport
8074 0 218 grenade
463 0 62 bondigoux
5594 0 122 fronton
296 0 37 caubiac
283 0 45 sainte-livrade
3149 0 203 montastruc-la-conseillere
244 0 15 lagraulet-saint-nicolas
278 0 26 vaux-31
506 0 60 renneville-31
2611 0 502 pinsaguel
102 0 9 gensac-de-boulogne
849 0 61 cierp-gaud
410 0 40 marignac-lasclares
41 0 15 lege-31
248 0 86 vendine
1913 0 319 saubens
267 0 49 saint-ignan
946 0 98 landorthe
96 0 27 genos-31
545 0 33 villeneuve-lecussan
178 0 57 saint-vincent-31
2764 0 2093 fonbeauzard
5390 0 360 eaunes
399 0 66 montpitol
731 0 107 aureville
829 0 56 pointis-inard
318 0 56 mauremont
1031 0 54 marquefave
162 0 15 molas
170 0 28 garac
1791 0 183 flourens
3751 0 223 castelmaurou
850 0 83 bonrepos-sur-aussonnelle
108 0 12 casties-labrande
234 0 10 aignes
508 0 70 grazac-31
221 0 80 sana
1133 0 46 saint-leon-31
444 0 62 issus
