573
876



1 2 342
1 147 111
1 316 214
2 284 429
2 303 544
3 4 314
3 243 417
4 5 481
5 237 674
5 239 275
6 8 155
6 264 134
7 262 1047
7 264 175
8 214 197
8 264 53
9 10 112
9 35 992
9 411 185
10 11 158
11 139 233
12 20 555
12 22 348
13 18 567
13 24 644
14 15 1286
14 18 330
14 19 743
15 17 674
16 18 848
16 19 1933
16 24 990
17 20 440
17 22 276
18 19 495
19 24 571
19 402 659
20 22 879
20 23 9696
21 22 381
21 23 4933
22 23 6282
23 38 12121
23 400 3782
25 155 1159
25 156 251
26 27 483
26 189 1402
27 199 58
28 92 111
28 96 64
29 420 318
29 421 402
30 119 523
30 390 616
31 119 1616
31 271 1378
32 33 140
32 53 123
32 389 277
33 389 158
34 44 653
34 45 388
35 38 54224
35 43 2698
35 49 1713
35 400 4518
35 411 1433
36 38 9876
36 40 541
37 43 733
37 44 650
38 88 10423
38 95 3637
38 289 5248
38 400 36529
39 87 466
39 88 3124
40 47 889
41 42 503
41 45 435
42 45 163
42 48 309
43 48 739
44 45 209
46 48 404
46 49 228
47 393 296
49 411 176
50 51 154
50 330 1280
51 52 1451
51 248 81
52 188 493
52 248 435
52 330 5098
52 369 268
53 62 199
54 55 270
54 56 229
54 58 79
55 56 219
56 59 252
57 58 285
57 59 811
57 385 1009
58 59 174
59 385 313
60 61 772
60 130 310
60 150 190
61 130 642
61 150 244
61 214 519
62 67 278
62 178 136
63 64 1306
63 304 440
64 71 2546
64 195 546
65 66 220
65 125 464
66 83 123
66 85 55
67 68 265
67 100 95
68 181 147
69 71 597
69 312 129
70 281 830
70 300 107
70 422 733
71 146 908
71 281 1041
71 300 572
72 75 337
72 138 199
73 74 717
73 75 736
74 75 203
76 78 439
76 321 171
76 323 258
77 78 587
77 375 546
77 382 203
79 80 385
79 81 188
80 81 471
80 352 401
81 352 299
82 84 622
82 205 118
83 85 89
84 85 253
85 86 1133
86 124 669
86 166 638
87 410 709
88 90 1933
88 122 10999
88 410 4369
89 90 237
89 409 293
89 410 689
91 93 553
91 94 472
92 96 228
92 97 222
93 96 245
93 97 252
94 95 5919
94 391 382
95 266 1597
95 271 2067
95 390 3461
96 97 155
97 98 76
98 179 150
98 270 190
99 106 281
99 114 946
100 109 220
100 115 245
101 103 2412
101 104 250
101 115 225
102 111 230
102 112 574
102 113 829
103 109 2923
103 266 658
103 417 1010
104 110 438
105 107 291
105 111 142
106 108 330
106 114 794
107 111 125
108 114 1073
109 115 275
110 113 1006
111 113 565
112 113 1468
112 114 1668
113 114 2377
116 117 152
116 122 2456
116 123 239
117 122 2537
118 119 920
118 120 541
119 120 1131
120 121 582
120 122 4917
121 122 2989
122 123 3217
122 271 1805
122 410 3001
124 126 2063
124 129 1902
124 166 5874
124 183 2487
125 129 132
126 129 138
127 128 157
127 129 103
128 129 108
128 194 336
129 194 156
131 132 1350
131 133 150
131 134 355
132 133 1272
132 134 3004
132 151 547
132 305 2761
132 415 1267
134 416 235
135 140 1430
135 142 170
136 137 383
136 139 795
136 140 3487
137 142 169
138 140 2138
138 142 219
139 140 3448
140 142 1502
140 289 7323
140 292 2265
141 144 252
141 290 461
143 144 175
143 290 399
145 288 307
145 298 327
146 147 119
148 149 179
148 267 283
148 269 223
149 266 470
149 267 154
149 268 78
149 269 122
150 152 264
151 152 318
152 177 229
153 154 105
153 155 1745
153 156 326
153 158 87
154 155 1008
154 157 154
155 156 3676
155 158 705
155 262 1851
155 289 22744
155 292 6386
157 284 339
159 164 259
159 170 191
160 161 485
160 163 490
160 164 646
161 163 201
161 166 3165
161 167 432
162 165 329
162 166 4417
162 167 590
164 170 259
164 171 500
165 167 499
166 167 6822
166 183 5687
166 305 1610
167 412 208
167 413 426
168 169 152
168 171 547
169 171 615
172 173 248
172 176 1337
172 177 228
173 174 199
173 176 1506
174 175 156
175 176 1182
176 177 1372
176 369 933
176 538 878
178 389 134
178 391 325
179 180 385
179 181 165
180 181 128
182 183 2051
182 386 347
182 414 386
183 184 1299
183 305 2787
183 417 399
184 306 114
185 327 159
185 329 194
185 330 1485
186 187 373
186 188 54
187 188 118
188 248 67
189 190 2098
189 191 2624
189 488 1093
189 547 1032
190 191 430
192 193 124
192 200 57
193 200 199
195 196 973
195 197 2023
195 198 814
195 208 3334
195 272 2069
195 281 584
196 197 287
197 198 242
197 418 228
199 200 90
199 209 75
201 203 794
201 205 626
202 203 343
202 204 254
203 204 204
203 205 241
204 205 153
206 208 905
206 210 414
207 208 639
207 211 189
207 212 257
208 209 884
208 213 1686
208 272 1741
209 210 382
209 213 155
211 212 161
215 216 2441
215 218 12724
215 227 5425
215 229 1213
215 231 1487
215 235 1176
216 217 1621
217 222 748
217 229 820
217 235 795
218 219 3096
218 221 3043
218 224 3185
218 227 12247
218 230 2546
218 236 4031
218 238 5490
218 242 2431
218 388 3033
219 224 305
220 233 425
220 251 239
221 236 381
222 227 1123
223 226 539
223 237 606
223 239 517
224 234 322
224 236 398
224 238 545
225 255 274
225 257 229
226 239 201
227 231 1510
228 231 1285
228 241 283
229 235 259
229 240 222
230 242 196
231 241 1175
231 253 2335
231 388 732
232 233 316
232 239 197
233 237 630
233 251 646
234 236 421
235 240 215
237 239 333
243 245 276
243 246 571
244 246 395
244 247 396
244 556 256
245 246 319
245 556 247
246 247 691
248 249 88
249 305 1033
250 252 735
250 259 687
251 256 272
251 258 275
251 259 557
252 258 408
252 259 784
253 254 1333
254 260 252
255 257 361
255 259 472
256 259 352
257 259 410
258 259 375
260 387 128
261 262 1569
261 263 189
262 263 1492
262 264 1426
262 289 3565
263 264 174
265 268 191
265 269 276
266 270 1245
267 269 1055
268 269 599
272 273 2993
272 274 5246
272 275 4461
272 278 2750
272 281 3045
273 274 343
273 277 298
274 277 502
275 278 272
276 278 115
276 279 653
276 419 147
279 281 2647
280 281 989
280 422 247
281 422 2002
282 288 317
282 289 7477
282 299 341
283 287 621
283 290 1555
284 286 697
284 295 506
284 303 441
285 296 219
285 299 263
286 289 12318
286 295 763
287 288 208
287 294 397
288 298 226
289 292 43647
289 318 6769
290 294 1001
291 292 3718
291 295 763
291 297 653
292 294 3467
293 294 709
293 297 480
294 297 612
296 299 241
301 302 243
301 304 411
302 304 302
305 306 727
307 309 881
307 310 251
308 311 372
308 314 125
308 315 116
309 310 393
310 313 230
310 314 202
311 313 625
311 314 542
312 316 509
312 317 219
313 314 213
313 315 110
315 317 149
316 317 225
318 459 155073
318 486 140561
318 538 113690
318 547 115670
319 320 340
319 324 1506
320 321 237
320 324 1712
321 323 274
322 324 1452
322 325 255
323 324 1911
323 328 502
324 325 1330
324 328 1993
324 330 3351
324 388 1369
325 326 157
326 329 144
327 329 147
327 330 1765
331 348 303
331 434 445
332 339 576
332 345 193
332 346 294
333 345 238
333 492 957
334 345 510
334 492 2053
334 500 829
335 345 219
335 346 324
336 338 176
336 348 360
336 349 266
337 343 493
337 344 280
338 341 132
338 347 331
339 346 644
340 342 217
340 423 246
341 347 293
341 420 163
341 421 81
342 423 334
343 344 442
343 517 423
347 348 686
347 349 508
348 349 362
350 496 403
350 499 395
351 499 515
351 500 375
352 356 274
352 380 377
353 357 297
353 364 146
354 371 305
354 378 167
355 359 727
355 567 268
356 372 335
356 380 311
357 364 305
357 476 1755
357 560 550
358 365 288
358 550 306
359 560 889
360 362 458
360 374 432
361 362 358
361 365 142
362 376 942
363 376 417
363 378 170
364 476 860
364 560 269
365 375 336
365 382 130
365 550 155
366 377 338
366 380 515
367 375 515
367 382 195
368 370 302
368 379 358
369 373 1552
369 459 5855
369 476 4430
370 372 505
370 379 581
371 455 1486
372 377 319
372 379 609
372 380 489
373 383 377
374 571 370
375 382 437
376 378 417
379 438 397
381 384 200
381 473 185
383 463 237
383 477 386
384 473 234
386 414 93
387 388 1062
389 390 722
389 391 520
392 395 335
392 399 268
393 396 354
393 403 619
394 395 661
394 399 562
394 401 357
395 400 2110
396 400 3462
396 403 1344
397 398 873
397 402 530
398 402 1082
399 401 120
400 403 6312
404 406 187
404 410 932
405 407 284
405 410 1095
406 409 287
406 410 985
407 408 310
408 410 1313
412 413 332
413 414 274
415 416 1231
415 417 990
418 419 248
420 421 239
423 437 460
423 443 360
424 427 890
424 434 1387
425 431 486
425 432 567
426 427 456
426 432 532
426 442 347
427 432 547
427 434 716
428 436 795
428 439 346
429 456 593
429 467 309
430 444 291
430 445 427
431 441 518
431 443 389
432 442 418
433 444 258
433 445 363
435 436 406
435 440 247
436 456 1627
436 520 689
437 515 360
438 440 319
439 442 238
439 447 247
441 544 403
441 545 350
442 444 299
442 445 444
442 446 482
442 447 275
443 546 457
444 445 497
445 446 780
448 458 2473
448 465 3368
449 452 1070
449 479 776
450 461 1562
450 474 504
451 455 2209
451 470 1307
451 477 831
452 454 2109
452 457 909
453 454 1808
453 459 3200
455 476 4418
456 480 768
456 520 1013
457 462 404
457 467 555
457 472 340
458 460 3303
458 468 2364
459 465 6061
459 477 2123
460 461 4375
460 465 4478
460 468 3026
460 475 2119
460 489 5386
461 465 4655
461 489 5488
461 569 5459
462 467 467
462 472 287
463 471 259
463 477 338
464 475 649
464 489 1677
464 506 737
465 474 1510
465 476 4832
465 569 5524
466 478 940
466 479 1153
466 536 519
467 472 393
468 506 1731
469 478 522
469 536 287
470 477 868
471 473 268
471 477 427
475 508 1406
476 569 5604
478 479 736
480 514 377
480 520 326
480 527 352
481 486 2174
481 490 469
482 494 1807
482 503 1282
483 485 380
483 512 529
484 487 1298
484 491 924
484 499 1064
485 504 358
485 505 716
485 512 681
486 488 4932
486 489 6524
486 490 1425
486 493 1652
486 531 3107
487 491 777
487 500 658
488 489 5081
488 496 1825
489 502 2249
490 493 358
490 495 550
490 501 250
491 500 468
492 509 1313
492 521 1073
493 497 763
493 507 857
494 503 2566
495 505 1016
495 507 1326
496 499 763
497 507 1587
498 502 588
498 559 373
501 503 609
504 512 499
504 525 416
505 513 1361
507 510 2201
507 511 1705
508 561 684
509 521 571
509 533 326
510 511 2135
513 525 1079
513 526 1049
514 524 372
514 527 533
514 539 348
515 546 400
516 538 2353
516 543 1461
517 521 327
517 541 899
518 538 2177
518 544 545
519 531 676
519 532 410
519 542 804
522 532 474
522 537 901
522 542 939
523 530 269
523 534 171
524 527 348
524 536 211
525 526 641
525 533 317
526 535 351
527 539 326
528 540 843
528 541 3520
529 538 1578
529 544 395
530 534 264
532 543 968
533 541 736
534 547 926
535 543 586
537 542 1996
538 547 4736
540 541 850
544 545 246
545 546 371
548 552 298
548 565 237
549 552 1047
549 553 574
549 571 598
550 553 167
550 571 173
551 559 284
551 573 230
552 553 294
552 565 436
552 571 309
554 562 418
554 567 309
554 571 270
555 564 446
555 568 412
556 558 506
556 570 506
557 564 538
557 567 391
558 566 655
558 570 433
559 570 356
559 572 780
559 573 233
561 564 327
561 573 219
562 563 369
563 564 372
563 567 274
564 569 1678
565 571 247
566 570 661
568 573 261
570 572 979



22650 0 626 oyonnax
40088 0 1680 bourg-en-bresse
28646 0 2325 soissons
25986 0 618 laon
55978 0 2481 saint-quentin
38402 0 1857 montlucon
24774 0 4234 vichy
19590 0 2275 moulins-03
22105 0 389 manosque
16922 0 144 digne-les-bains
39744 0 359 gap
19281 0 491 vence
51036 0 1148 grasse
28252 0 2166 vallauris
74120 0 2799 antibes
73234 0 3732 cannes
15020 0 766 villeneuve-loubet
18917 0 737 mougins
42320 0 5488 cannet-06
47141 0 2626 cagnes-sur-mer
28858 0 2053 menton
29963 0 2963 saint-laurent-du-var
343304 0 4773 nice
22203 0 707 mandelieu-la-napoule
16660 0 785 annonay
49810 0 1584 charleville-mezieres
18577 0 1141 sedan
15372 0 335 pamiers
60280 0 4566 troyes
47419 0 728 carcassonne
51039 0 295 narbonne
23917 0 2139 rodez
21887 0 130 millau
42544 0 374 istres
141438 0 760 aix-en-provence
19521 0 388 allauch
43152 0 613 salon-de-provence
850726 0 3535 marseille
52661 0 69 arles
46423 0 845 aubagne
47544 0 665 martigues
17216 0 1502 port-de-bouc
35021 0 957 vitrolles-13
25368 0 985 miramas
15357 0 166 fos-sur-mer
19482 0 578 pennes-mirabeau
33829 0 1075 ciotat
34485 0 1488 marignane
20474 0 757 gardanne
21640 0 1655 lisieux
21434 0 2014 herouville-saint-clair
108954 0 4239 caen
27924 0 970 aurillac
18557 0 1197 cognac
41613 0 1904 angouleme
26011 0 571 saintes
75170 0 2644 rochelle-17
17946 0 929 royan
25140 0 1145 rochefort-17
26946 0 361 vierzon
66381 0 965 bourges
48949 0 1007 brive-la-gaillarde
22394 0 715 beaune
151212 0 3741 dijon
46209 0 2111 saint-brieuc
20079 0 457 lannion
29573 0 3011 perigueux
27648 0 492 bergerac
18456 0 446 pontarlier
25875 0 1723 montbeliard
116914 0 1797 besancon
33536 0 1013 romans-sur-isere
63405 0 1728 valence-26
35314 0 754 montelimar
18623 0 917 bourg-les-valence
17734 0 655 louviers
25147 0 720 vernon-27
50537 0 1909 evreux
15926 0 2628 luce-28
38931 0 2310 chartres
31031 0 1278 dreux
19048 0 463 concarneau
15421 0 621 morlaix
63550 0 752 quimper
15272 0 1157 landerneau
141303 0 2854 brest
15946 0 184 beaucaire-30
142205 0 878 nîmes
18245 0 581 bagnols-sur-ceze
41205 0 1779 ales
35186 0 1689 colomiers
23864 0 412 muret
25340 0 1394 tournefeuille
21710 0 1286 blagnac
441802 0 3734 toulouse
15807 0 1214 cugnaux
16091 0 606 plaisance-du-touch
21576 0 297 auch
23095 0 4374 bouscat
23624 0 1145 libourne
16202 0 1868 floirac-33
23063 0 1462 gradignan
239157 0 4845 bordeaux
24913 0 2501 begles
24591 0 136 teste-de-buch
19571 0 1629 eysines
19305 0 357 gujan-mestras
27719 0 325 saint-medard-en-jalles
19799 0 2690 lormont
28420 0 1336 villenave-d-ornon
16353 0 164 cestas
40600 0 4862 talence
58025 0 1494 pessac
66142 0 1373 merignac-33
22242 0 4029 cenon
16307 0 329 mauguio
15927 0 572 lattes
24567 0 483 agde
70955 0 743 beziers
42774 0 1766 sete
22526 0 710 frontignan
257351 0 4524 montpellier
25277 0 1057 lunel
207178 0 4111 rennes
46342 0 1266 saint-malo
16465 0 549 bruz
19779 0 1890 fougeres
16834 0 454 vitre-35
15219 0 473 cesson-sevigne
46140 0 1806 chateauroux
16072 0 1190 saint-cyr-sur-loire
134817 0 3888 tours
15227 0 1349 saint-pierre-des-corps
35976 0 1110 joue-les-tours
19893 0 908 voiron
36177 0 3906 saint-martin-d-heres
17487 0 1419 meylan
22243 0 3300 fontaine-38
35748 0 4548 echirolles
155637 0 8584 grenoble
26173 0 1073 bourgoin-jallieu
16006 0 1471 saint-egreve
18374 0 1579 villefontaine
15586 0 1710 isle-d-abeau
29328 0 1294 vienne
24629 0 641 dole
17681 0 2302 lons-le-saunier
20665 0 1048 dax
31225 0 846 mont-de-marsan
17027 0 375 romorantin-lanthenay
16920 0 708 vendome
46492 0 1241 blois
17133 0 1639 firminy
15299 0 936 montbrison
171260 0 2141 saint-etienne
35793 0 652 saint-chamond
36806 0 2283 roanne
18521 0 1103 puy-en-velay
17805 0 410 carquefou
43153 0 1437 saint-herblain
18194 0 577 bouguenais
25017 0 2145 saint-sebastien-sur-loire
18591 0 422 coueron
24504 0 885 orvault
21443 0 600 vertou
284970 0 4371 nantes
38425 0 2788 reze
15534 0 190 guerande
16040 0 722 baule-escoublac
17300 0 517 chapelle-sur-erdre
67031 0 1432 saint-nazaire-44
19057 0 1391 saint-jean-de-braye
21171 0 2091 fleury-les-aubrais
15120 0 769 saran
16631 0 2726 saint-jean-de-la-ruelle
114167 0 4154 orleans
19583 0 837 olivet-45
20194 0 312 cahors
33981 0 2957 agen
23513 0 289 villeneuve-sur-lot
18400 0 408 marmande
54098 0 618 cholet
147571 0 3455 angers
27283 0 411 saumur
17339 0 1351 equeurdreville-hainneville
15910 0 925 tourlaville
38433 0 2695 cherbourg-octeville
18718 0 807 saint-lo
179992 0 3837 reims
24035 0 1059 epernay
45299 0 1738 chalons-en-champagne
23011 0 416 chaumont-52
25526 0 535 saint-dizier
50940 0 1488 laval-53
105421 0 7023 nancy
19740 0 1208 luneville
30974 0 3274 vandoeuvre-les-nancy
15693 0 513 toul
18513 0 596 verdun-55
15898 0 673 bar-le-duc
57204 0 3272 lorient
52515 0 1625 vannes
22219 0 1209 lanester
15191 0 818 hennebont
17805 0 448 ploemeur
16171 0 1157 yutz
21510 0 1318 forbach
120738 0 2878 metz
15604 0 1277 hayange
41015 0 822 thionville
16273 0 458 saint-avold
21540 0 725 sarreguemines
22540 0 3364 montigny-les-metz
36762 0 2121 nevers
94713 0 7158 roubaix
41541 0 3090 wattrelos
63572 0 2315 villeneuve-d-ascq
227560 0 6533 lille
21887 0 7599 mons-en-baroeul
16257 0 1409 sin-le-noble
21592 0 3106 loos
20199 0 1608 halluin
43335 0 3135 valenciennes
22442 0 7902 madeleine
21598 0 824 hazebrouck
31046 0 1647 maubeuge
91923 0 6051 tourcoing
22474 0 2458 coudekerque-branche
20676 0 4656 croix-59
18120 0 3343 ronchin
92005 0 2096 dunkerque
16697 0 493 saint-amand-les-eaux
42197 0 2499 douai
25375 0 4040 armentieres
20046 0 2922 wasquehal
28504 0 4627 lambersart
32584 0 1792 cambrai
38947 0 2774 marcq-en-baroeul
20351 0 1766 denain
17369 0 1799 hem
20991 0 979 grande-synthe
17407 0 3767 faches-thumesnil
40517 0 763 compiegne
18833 0 2524 nogent-sur-oise
16170 0 672 senlis-60
33601 0 3029 creil
54711 0 1642 beauvais
15356 0 726 flers-61
26704 0 2500 alencon
31873 0 2484 lievin
26278 0 1268 henin-beaumont
41611 0 3577 arras
73636 0 2198 calais
43070 0 5115 boulogne-sur-mer
25655 0 2711 bethune
17152 0 815 carvin
23408 0 1431 bruay-la-buissiere
17271 0 1324 avion
35032 0 2994 lens
15367 0 1032 berck
19244 0 1035 cournon-d-auvergne
139860 0 3277 clermont-ferrand
17081 0 4530 chamalieres
17941 0 561 riom
15370 0 1933 hendaye
81166 0 2575 pau
44820 0 2067 bayonne
25306 0 2170 biarritz
38032 0 1412 anglet
43034 0 2807 tarbes
117419 0 1724 perpignan
271782 0 3472 strasbourg
17770 0 4029 bischheim
30952 0 4056 schiltigheim
26805 0 1206 illkirch-graffenstaden
19197 0 432 selestat
34280 0 187 haguenau
16441 0 2889 lingolsheim
67615 0 1015 colmar
20127 0 1194 saint-louis-68
109588 0 4940 mulhouse
25152 0 5716 oullins
59855 0 3904 venissieux
35326 0 3726 villefranche-sur-saone
19511 0 2504 tassin-la-demi-lune
41209 0 3943 caluire-et-cuire
16666 0 2750 saint-fons
20357 0 1575 saint-genis-laval
484344 0 10117 lyon
41964 0 1412 saint-priest-69
41421 0 1977 vaulx-en-velin
145150 0 9996 villeurbanne
30272 0 1315 meyzieu
38717 0 3758 bron
29952 0 2068 rillieux-la-pape
17998 0 2129 ecully
25562 0 1502 decines-charpieu
19118 0 1102 givors
21742 0 3183 sainte-foy-les-lyon
15761 0 1737 vesoul
22783 0 1258 creusot
19372 0 1165 montceau-les-mines
34040 0 1258 macon
44985 0 2955 chalon-sur-saone
142626 0 2700 le-mans
15087 0 203 fleche
27750 0 2198 aix-les-bains
18876 0 1076 albertville
57342 0 2731 chambery
18842 0 982 seynod
50379 0 3690 annecy
33925 0 2092 thonon-les-bains
19968 0 1173 annecy-le-vieux
17227 0 3588 cran-gevrier
15531 0 235 sallanches
32196 0 6465 annemasse
17408 0 1664 cluses-74
2243833 0 21288 paris
21898 0 5034 petit-quevilly
24930 0 2243 grand-quevilly
17178 0 1052 elbeuf
21270 0 2403 bois-guillaume
28102 0 1539 saint-etienne-du-rouvray
110933 0 5188 rouen
19341 0 2435 mont-saint-aignan
31963 0 2738 dieppe
16611 0 870 montivilliers
28835 0 3875 sotteville-les-rouen
19207 0 1274 fecamp
175497 0 3737 havre
17272 0 1209 moissy-cramayel
20236 0 3537 lagny-sur-marne
24418 0 3322 champs-sur-marne
52779 0 3319 chelles-77
22425 0 3737 torcy-77
20722 0 2023 dammarie-les-lys
22321 0 1635 roissy-en-brie
15107 0 87 fontainebleau
50755 0 3394 meaux
16251 0 815 brie-comte-robert
16681 0 1833 montereau-fault-yonne
21554 0 1488 combs-la-ville
35561 0 2607 pontault-combault
20268 0 1300 ozoir-la-ferriere
15660 0 3600 noisiel
23341 0 1743 bussy-saint-georges
39589 0 4924 melun
28599 0 2389 savigny-le-temple
20609 0 3859 mee-sur-seine
18499 0 617 mitry-mory
24122 0 2909 villeparisis
26159 0 743 rambouillet
15193 0 2064 montesson
16249 0 3249 vesinet
22817 0 3380 maisons-laffitte
18679 0 2245 maurepas-78
31557 0 7123 houilles
30859 0 2573 mureaux
51150 0 6046 sartrouville
19626 0 2079 acheres-78
15234 0 2118 carrieres-sous-poissy
37680 0 2837 poissy
16614 0 2540 marly-le-roi
15473 0 3082 carrieres-sur-seine
15178 0 1609 verneuil-sur-seine
30958 0 1657 plaisir
19234 0 3173 mantes-la-ville
17401 0 3473 saint-cyr-l-ecole
86110 0 3289 versailles
27966 0 2151 guyancourt
30173 0 5939 chatou
29380 0 2181 trappes
28975 0 6833 chesnay
35380 0 3573 conflans-sainte-honorine
42969 0 4580 mantes-la-jolie
40481 0 838 saint-germain-en-laye
17553 0 2872 clayes-sous-bois
16496 0 5808 pecq
33337 0 2861 montigny-le-bretonneux
26829 0 3152 elancourt
15905 0 4557 viroflay
16302 0 1420 limay
20971 0 3603 celle-saint-cloud
20089 0 2249 velizy-villacoublay
57325 0 840 niort
18615 0 103 bressuire
24155 0 914 abbeville
133448 0 2698 amiens
48916 0 1105 albi
42314 0 431 castres-81
56271 0 416 montauban
25930 0 1668 garde-83
16429 0 854 sanary-sur-mer
54600 0 412 hyeres
20754 0 1338 valette-du-var
34897 0 1312 six-fours-les-plages
36391 0 677 draguignan
51839 0 506 frejus
16786 0 443 crau
164532 0 3840 toulon
16368 0 232 brignoles
33603 0 375 saint-raphael-83
62082 0 2800 seyne-sur-mer
16731 0 1553 pontet-84
24951 0 542 cavaillon
18046 0 540 sorgues
19048 0 427 isle-sur-la-sorgue
29278 0 772 carpentras
29135 0 392 orange
89683 0 1381 avignon
18931 0 285 pertuis-84
18686 0 288 challans
52664 0 601 roche-sur-yon
15229 0 171 herbiers
87697 0 2082 poitiers
32459 0 625 chatellerault
139150 0 1783 limoges
32842 0 554 epinal
21447 0 464 saint-die-des-vosges
24883 0 1135 sens
36200 0 724 auxerre
50078 0 2928 belfort
25377 0 3833 brunoy
52135 0 6258 evry-91
28491 0 1808 draveil
26638 0 5469 grigny-91
27463 0 3153 ris-orangis
30285 0 2631 palaiseau
15418 0 1555 verrieres-le-buisson
20046 0 3789 saint-michel-sur-orge
27331 0 3116 vigneux-sur-seine
32045 0 5279 viry-chatillon
23158 0 565 etampes
43086 0 3913 corbeil-essonnes
15966 0 2003 orsay
42258 0 4481 massy-91
29050 0 2952 yerres
20654 0 1780 gif-sur-yvette
18484 0 3318 chilly-mazarin
24792 0 4786 ulis
30393 0 3550 athis-mons
20944 0 4770 morsang-sur-orge
22880 0 2039 montgeron
23334 0 1602 bretigny-sur-orge
34195 0 3688 sainte-genevieve-des-bois-91
36842 0 5285 savigny-sur-orge
21361 0 4413 longjumeau
61754 0 16556 neuilly-sur-seine
32619 0 11170 chatillon-92
29284 0 15252 bois-colombes
44753 0 14029 puteaux
52546 0 5991 clamart
45058 0 4551 meudon
64355 0 15142 issy-les-moulineaux
79426 0 5403 rueil-malmaison
61793 0 6463 antony
27727 0 8083 plessis-robinson
64253 0 26660 levallois-perret
114205 0 18509 boulogne-billancourt
82327 0 17080 asnieres-sur-seine
85398 0 10934 colombes
23351 0 9303 fontenay-aux-roses
18169 0 6754 garches
25183 0 7869 villeneuve-la-garenne
87469 0 20975 courbevoie
48597 0 23476 montrouge
32111 0 5033 chatenay-malabry
58916 0 19128 clichy
27002 0 17308 vanves
46723 0 12327 suresnes
22978 0 5876 sevres
19638 0 5455 sceaux-92
18668 0 5258 chaville
27628 0 15521 garenne-colombes
41364 0 3553 gennevilliers
89185 0 7316 nanterre
29873 0 3951 saint-cloud
30982 0 14967 malakoff
38080 0 9088 bagneux-92
19985 0 10744 bourg-la-reine
33883 0 13184 bagnolet
38007 0 5054 courneuve
21746 0 7447 pavillons-sous-bois
49832 0 6845 sevran
28006 0 6932 villemomble
102770 0 11521 montreuil-93
41808 0 5665 livry-gargan
82120 0 5069 aulnay-sous-bois
106785 0 8639 saint-denis-93
22228 0 17641 lilas
29750 0 7531 clichy-sous-bois
62964 0 4862 noisy-le-grand
25771 0 7491 romainville
76087 0 13209 aubervilliers
39733 0 7883 noisy-le-sec
35658 0 3438 villepinte-93
47492 0 7015 bobigny
27883 0 8176 pierrefitte-sur-seine
34493 0 1537 tremblay-en-france
25269 0 4636 montfermeil
18045 0 25778 pre-saint-gervais
33829 0 6276 stains
54136 0 10805 pantin
20508 0 5996 neuilly-plaisance
41050 0 6945 rosny-sous-bois
47189 0 10948 saint-ouen-93
53530 0 9786 bondy
54518 0 11929 epinay-sur-seine
33498 0 4883 neuilly-sur-marne
66410 0 8557 drancy
51438 0 6389 blanc-mesnil
39056 0 5718 gagny
53145 0 9524 fontenay-sous-bois
30201 0 7743 haÿ-les-roses
19901 0 2871 limeil-brevannes
44201 0 12043 alfortville
19194 0 4443 plessis-trevise
40905 0 7533 choisy-le-roi
22396 0 24343 saint-mande
26248 0 7373 fresnes-94
27338 0 6313 villiers-sur-marne
26046 0 16912 kremlin-bicetre
16705 0 1868 boissy-saint-leger
19775 0 8487 arcueil
32520 0 8212 perreux-sur-marne
31637 0 11298 nogent-sur-marne
28248 0 10309 cachan
74816 0 6650 saint-maur-des-fosses
29653 0 4611 thiais
25820 0 2475 sucy-en-brie
48471 0 25377 vincennes
29348 0 15863 charenton-le-pont
15625 0 4664 bry-sur-marne
16513 0 2996 bonneuil-sur-marne
17802 0 7740 joinville-le-pont
17097 0 14488 gentilly
55490 0 10391 villejuif
85413 0 7319 vitry-sur-seine
18498 0 4383 chevilly-larue
18049 0 3424 chennevieres-sur-marne
75510 0 6682 champigny-sur-marne
57732 0 9464 ivry-sur-seine
52943 0 9895 maisons-alfort
21395 0 3198 orly
18479 0 2199 villeneuve-le-roi
32239 0 3684 villeneuve-saint-georges
89985 0 7852 creteil
16236 0 1296 osny
56988 0 4891 cergy
16589 0 2407 jouy-le-moutier
21194 0 3946 montmorency
29548 0 4132 pontoise
16180 0 4676 vaureal
26016 0 2042 herblay
27446 0 6597 ermont
30996 0 2690 goussainville-95
33097 0 5346 franconville-95
26356 0 1311 gonesse
21509 0 5720 deuil-la-barre
27987 0 6727 bezons
20156 0 8328 saint-gratien-95
26144 0 2494 taverny
23038 0 2716 cormeilles-en-parisis
26090 0 5458 sannois
23608 0 1933 saint-ouen-l-aumone
40012 0 7314 garges-les-gonesse
19041 0 4678 montigny-les-cormeilles
24062 0 5443 eaubonne
103125 0 5988 argenteuil
26736 0 3662 villiers-le-bel
16886 0 3577 eragny
58614 0 6936 sarcelles
17428 0 4378 soisy-sous-montmorency
