39
59



1 3 12121
1 27 1743
2 3 54224
2 34 4518
3 8 10423
3 9 3637
3 11 13230
3 27 5248
3 30 4222
3 34 36529
4 32 5098
4 39 305
5 6 2546
5 20 546
6 26 1041
7 12 669
7 16 638
8 11 10999
9 10 2373
9 24 2067
9 27 1707
10 35 1010
11 24 1805
12 16 5874
12 18 2487
13 29 2761
13 35 599
14 27 7323
14 28 2265
15 23 1851
15 27 22744
15 28 6386
16 18 5687
16 29 1610
17 30 20536
17 36 1130
18 29 2787
18 35 399
19 37 1197
19 38 1187
20 21 3334
20 25 2069
20 26 584
21 25 1741
22 31 683
22 33 3033
23 27 3565
23 35 944
25 26 3045
27 28 43647
30 36 155073
30 37 140561
30 38 144057
30 39 132945
31 32 3351
31 33 1369
36 39 6710
37 38 6524
38 39 6621



343304 0 4773 nice
141438 0 760 aix-en-provence
850726 0 3535 marseille
108954 0 4239 caen
151212 0 3741 dijon
116914 0 1797 besancon
141303 0 2854 brest
142205 0 878 nîmes
441802 0 3734 toulouse
239157 0 4845 bordeaux
257351 0 4524 montpellier
207178 0 4111 rennes
134817 0 3888 tours
155637 0 8584 grenoble
171260 0 2141 saint-etienne
284970 0 4371 nantes
114167 0 4154 orleans
147571 0 3455 angers
179992 0 3837 reims
105421 0 7023 nancy
120738 0 2878 metz
227560 0 6533 lille
139860 0 3277 clermont-ferrand
117419 0 1724 perpignan
271782 0 3472 strasbourg
109588 0 4940 mulhouse
484344 0 10117 lyon
145150 0 9996 villeurbanne
142626 0 2700 le-mans
2243833 0 21288 paris
110933 0 5188 rouen
175497 0 3737 havre
133448 0 2698 amiens
164532 0 3840 toulon
139150 0 1783 limoges
114205 0 18509 boulogne-billancourt
102770 0 11521 montreuil-93
106785 0 8639 saint-denis-93
103125 0 5988 argenteuil
