163
237



1 13 3
1 20 1
1 93 1
1 151 1
2 97 1
2 163 1
3 5 2
3 34 6
3 84 1
4 5 3
4 8 8
5 20 2
5 34 5
6 7 82
6 44 15
7 18 47
7 44 42
7 73 44
7 99 555
7 155 92
8 73 9
9 10 40
9 75 66
9 82 567
10 21 6
10 98 1
10 102 2
11 18 1
11 162 1
12 25 1
12 90 1
12 117 1
13 23 1
13 29 2
13 103 2
13 151 3
14 51 1
14 135 1
15 41 1
15 101 1
15 128 1
16 61 1
16 138 1
17 53 1
17 141 1
18 96 10
19 23 1
19 58 1
19 105 1
20 92 18
20 151 2
21 102 15
22 54 27
22 145 105
23 29 1
24 37 1
24 41 1
24 101 1
25 108 1
26 37 1
26 67 1
26 136 1
26 157 1
26 158 1
27 74 11
27 96 15
27 155 30
28 42 1
28 157 1
30 113 1
30 152 2
31 72 88
31 99 274
32 118 1143
32 146 13
33 81 1
33 163 1
35 49 1
35 64 1
35 126 1
36 62 78
36 82 144
37 41 1
37 78 1
37 158 1
38 42 1
38 136 1
38 142 1
39 79 1
39 136 1
39 142 1
40 68 1286
40 86 743
42 142 1
43 85 1
43 104 1
43 139 1
44 155 17
45 47 1
45 83 1
45 144 1
46 144 5
46 152 5
47 131 1
48 95 28
48 116 3
49 144 1
50 132 1
50 143 1
50 150 1
51 78 1
51 135 1
51 150 1
52 76 13
52 115 9
53 103 1
53 141 1
54 69 5
54 113 3
54 149 10
55 108 1
55 111 1
56 84 4
56 105 4
56 160 6
57 58 1
57 156 1
58 152 1
59 111 1
59 119 1
59 121 1
60 63 1
60 119 1
61 132 1
62 76 43
62 115 32
63 119 1
64 106 1
64 137 1
65 95 32
65 140 6
66 81 1
66 141 1
66 147 1
66 163 1
67 77 1
67 104 1
69 129 3
69 149 8
70 88 1
70 94 1
71 86 1933
71 159 990
72 99 440
74 120 6
74 162 1
75 96 5
75 120 4
76 115 21
77 104 1
79 142 1
80 98 3
80 102 6
80 130 1
81 163 1
82 86 495
82 115 58
83 144 1
84 105 1
85 158 1
87 90 1
87 127 1
88 94 1
88 148 1
89 107 1
89 132 1
90 108 1
90 117 1
91 113 2
91 114 2
92 134 9
93 134 1
95 116 8
95 140 12
96 120 8
97 161 1
98 102 3
98 153 3
99 112 879
100 130 1
100 154 1
101 128 1
102 153 7
104 139 1
104 148 1
105 152 1
105 160 1
106 126 1
106 131 2
106 158 1
107 134 1
107 138 1
108 111 1
109 115 4
109 159 21
110 114 23
110 118 4933
110 124 18
110 145 225
112 118 6282
114 145 10
114 156 1
117 127 1
119 121 1
122 126 1
122 137 1
122 158 1
123 148 1
123 161 1
124 156 1
125 126 1
125 144 2
125 152 2
125 160 1
126 158 1
127 133 1
129 146 5
130 154 1
131 144 3
133 143 1
135 150 1
141 147 1
143 150 1
146 149 12
147 163 1
152 160 2
157 158 1



931 0 233 roquette-sur-var
107 0 7 bairols
2187 0 231 aspremont-06
3290 0 489 colomars
1542 0 205 castagniers
6821 0 520 gaude
19281 0 491 vence
4052 0 403 gattieres
51036 0 1148 grasse
1266 0 365 speracedes
100 0 6 courmes
44 0 3 mujouls
4683 0 156 levens
661 0 44 touet-sur-var
67 0 14 saint-leger-06
97 0 7 ferres
117 0 12 tourette-du-chateau
4007 0 136 tourrettes-sur-loup
736 0 42 coaraze
2576 0 460 saint-martin-du-var
7867 0 806 peymeinade
13515 0 4844 beausoleil
181 0 11 duranus
49 0 2 auvare
55 0 4 amirat
908 0 18 peone
6355 0 295 roquefort-les-pins
126 0 1 saint-dalmas-le-selvage
720 0 10 utelle
1469 0 143 blausasc
9449 0 608 biot-06
5419 0 1110 villefranche-sur-mer
465 0 12 tour-06
4729 0 286 tourrette-levens
560 0 15 bollene-vesubie
12275 0 647 valbonne
1805 0 84 puget-theniers
83 0 2 saint-martin-d-entraunes
98 0 3 sauze
28252 0 2166 vallauris
107 0 4 puget-rostang
123 0 1 entraunes
343 0 10 saint-sauveur-sur-tinee
3486 0 480 saint-paul-de-vence
255 0 5 fontan
3527 0 56 sospel
700 0 7 brigue
4385 0 791 drap
207 0 5 moulinet-06
79 0 3 roquesteron-grasse
109 0 16 saint-antonin-06
3042 0 555 auribeau-sur-siagne
212 0 24 revest-les-roches
3180 0 428 turbie
217 0 8 brianconnet
7010 0 360 contes-06
372 0 49 castillon-06
325 0 71 touet-de-l-escarene
397 0 15 valderoure
596 0 23 escragnolles
254 0 11 pierrefeu
10198 0 754 mouans-sartoux
579 0 10 andon
656 0 8 belvedere
5004 0 1749 saint-andre-de-la-roche
267 0 13 malaussene
495 0 6 beuil
74120 0 2799 antibes
2686 0 283 eze
219 0 6 rigaud
73234 0 3732 cannes
15020 0 766 villeneuve-loubet
3682 0 252 saint-jeannet-06
2795 0 193 bar-sur-loup
2115 0 223 opio
6809 0 603 pegomas
752 0 7 isola
313 0 17 penne-06
63 0 2 chateauneuf-d-entraunes
3321 0 65 saint-vallier-de-thiey
138 0 13 tournefort
18917 0 737 mougins
442 0 5 saorge
872 0 104 chateauneuf-villevieille
128 0 5 rimplas
42320 0 5488 cannet-06
50 0 5 sallagriffon
40 0 2 lieuche
473 0 11 coursegoules
100 0 9 collongues-06
2291 0 53 peille
11508 0 761 carros
1494 0 146 gilette
103 0 4 thiery
10332 0 693 trinite-06
3857 0 543 rouret
562 0 14 clans-06
1410 0 259 cabris
47141 0 2626 cagnes-sur-mer
559 0 10 greolieres
87 0 2 croix-sur-roudoule
3140 0 278 tignet
665 0 98 bonson-06
124 0 4 roubion
930 0 146 bendejun
1672 0 64 roquebilliere
204 0 9 bezaudun-les-alpes
60 0 3 gars
1551 0 147 theoule-sur-mer
28858 0 2053 menton
222 0 5 saint-auban
29963 0 2963 saint-laurent-du-var
1382 0 158 peillon
1284 0 182 gorbio
4962 0 786 roquette-sur-siagne
1239 0 167 cantaron
169 0 5 mas
343304 0 4773 nice
336 0 19 caille
3245 0 362 chateauneuf-grasse
477 0 20 seranon
1324 0 13 saint-martin-vesubie
167 0 4 ilonse
974 0 79 castellar
1237 0 18 luceram
1343 0 30 lantosque
94 0 6 aiglun-06
148 0 3 daluis
2030 0 818 saint-jean-cap-ferrat
242 0 8 caussols
2084 0 11 tende
82 0 6 consegudes
209 0 37 sigale
1317 0 70 broc-06
143 0 8 ascros
689 0 7 guillaumes
149 0 8 venanson
482 0 39 bouyon
212 0 5 roure
1913 0 370 falicon
286 0 15 toudon
85 0 3 villeneuve-d-entraunes
550 0 85 roquesteron
2313 0 28 breil-sur-roya
12532 0 1343 roquebrune-cap-martin
3761 0 3958 beaulieu-sur-mer
671 0 26 villars-sur-var
97 0 3 pierlas
5022 0 2461 cap-d-ail
150 0 6 cuebris
959 0 119 saint-blaise-06
2399 0 224 escarene
3670 0 122 saint-cezaire-sur-siagne
373 0 9 cipieres
7676 0 781 colle-sur-loup
1197 0 127 sainte-agnes-06
1304 0 7 saint-etienne-de-tinee
882 0 9 valdeblore
22203 0 707 mandelieu-la-napoule
1279 0 133 berre-les-alpes
84 0 5 marie
426 0 18 gourdon-06
125 0 10 massoins
