294
420



1 181 1
1 202 1
1 211 1
1 240 1
2 66 1
2 227 1
3 79 2
3 163 3
3 180 2
4 196 7
4 259 1
5 6 1
5 70 1
5 92 1
5 109 1
6 11 1
7 69 11
7 166 38
7 191 6
7 283 13
8 98 1
8 290 2
9 187 1
9 238 1
10 59 4
10 244 14
11 60 1
11 125 1
12 128 1
12 212 1
12 244 2
13 105 1
13 255 1
14 270 2
14 276 4
15 121 1
15 204 1
16 19 7
16 84 21
17 280 1
17 288 1
18 133 1
18 175 1
18 260 1
19 84 14
19 203 7
20 79 1
20 88 1
20 180 1
21 144 1
21 174 1
22 110 2
22 210 1
23 38 1
23 89 1
23 160 1
24 162 202
25 77 1
25 120 1
25 193 1
26 85 1
26 154 1
27 65 2
27 218 1
28 124 172
28 150 625
28 162 542
28 164 121
29 190 1
29 219 1
30 129 2
30 205 18
30 272 14
31 65 1
31 86 1
31 90 1
31 215 1
32 63 1
32 261 1
33 125 1
33 227 1
34 146 1
34 280 1
35 173 2
35 199 3
36 123 1
36 273 1
37 216 3
37 264 2
38 160 1
38 265 1
39 113 1
39 169 2
39 286 36
40 200 2
40 257 3
41 168 4
41 182 1
41 289 3
42 54 3
42 101 1
42 258 1
43 52 1
43 124 7
43 294 2
44 213 1
44 245 6
45 116 15
45 234 2
45 257 2
46 210 1
46 252 5
47 119 1
47 222 2
48 87 4
48 262 1
49 66 1
49 134 1
50 197 2
50 237 1
51 60 2
51 237 1
52 294 1
53 64 18
53 108 5
53 246 5
54 137 110
54 139 7
54 177 6
55 92 1
55 161 1
55 167 1
56 214 2
56 282 1
57 132 1
57 290 2
58 100 1
58 264 1
58 285 11
59 102 1
60 62 1
60 70 1
61 223 1
61 241 1
62 70 1
62 167 1
63 146 1
63 259 1
64 242 22
65 90 2
66 153 1
66 227 1
66 254 1
67 129 1
67 176 1
68 113 1
68 275 1
69 283 2
71 77 1
71 78 1
71 254 1
71 272 2
72 132 1
72 189 1
72 268 1
72 290 1
73 107 1
73 148 1
74 163 13
74 245 32
74 247 6
75 159 2
75 222 3
76 144 1
76 174 1
77 97 1
77 193 1
77 284 1
78 272 5
79 131 2
80 133 2
80 225 3
81 112 1
81 158 1
81 201 1
82 134 1
82 153 1
83 158 1
83 267 1
83 277 1
83 288 2
84 205 35
85 236 1
85 294 1
86 215 1
87 117 4
87 124 19
87 262 2
88 131 1
88 135 1
88 180 1
89 265 1
90 208 1
91 98 1
91 230 1
91 256 1
92 161 1
92 167 1
93 176 1
93 263 1
94 210 3
94 231 159
95 185 6
95 192 1
96 166 3
96 191 1
97 179 1
97 284 1
98 256 1
99 118 1
99 180 1
99 190 1
99 278 1
100 264 1
101 104 1
102 169 1
102 218 1
102 286 7
103 106 15
103 274 1
104 260 1
104 291 2
105 173 1
105 274 1
106 166 43
107 148 1
107 206 4
108 212 1
108 246 1
109 153 1
110 210 1
111 136 2
111 173 1
111 199 2
111 251 4
112 201 1
112 266 1
113 128 1
114 205 5
114 220 1
114 259 1
114 261 2
115 194 10
115 234 1
116 194 110
116 276 41
117 119 1
117 159 1
118 180 1
118 207 1
118 232 1
119 222 1
120 176 1
120 179 1
121 130 1
121 176 1
121 184 1
122 270 2
122 276 3
123 196 7
124 269 3
124 279 22
125 227 1
126 140 1
126 160 1
127 177 5
127 241 2
128 244 2
129 272 3
130 153 1
130 204 1
130 284 1
132 206 1
133 144 1
133 225 1
134 227 1
135 151 1
136 175 1
136 195 1
136 251 2
137 245 130
137 271 25
138 223 1
138 224 1
138 228 1
139 177 2
140 217 1
140 266 1
141 152 4
141 203 6
142 208 1
142 281 1
143 178 1
143 220 1
144 174 1
144 225 1
145 267 1
145 273 1
145 280 1
146 178 1
146 280 1
146 292 1
147 149 3
147 186 16
148 203 2
148 209 1
149 186 13
150 226 27
150 230 11
151 219 1
152 203 6
152 209 2
153 284 1
154 294 1
155 217 1
155 279 2
156 216 5
156 238 2
157 183 1
157 249 1
159 222 2
160 172 1
160 217 2
160 279 4
161 204 1
164 226 5
165 282 1
165 283 2
168 182 4
168 258 4
168 291 6
169 286 13
170 241 1
170 243 1
170 249 1
171 192 3
171 250 5
172 279 3
173 199 1
178 273 1
178 280 1
179 220 1
180 232 1
181 202 1
182 258 1
183 243 1
183 247 1
184 193 1
185 187 4
185 214 11
185 235 29
186 285 77
186 293 41
188 239 1
188 250 1
188 282 1
189 255 1
189 268 1
190 219 1
191 283 1
192 239 1
192 250 3
194 234 18
195 229 1
195 287 1
196 198 14
196 205 53
196 263 9
197 237 1
198 263 1
199 274 1
200 257 1
201 266 1
202 211 1
207 249 1
207 281 1
210 289 1
213 245 3
216 238 1
216 264 2
217 269 2
218 253 1
221 229 1
221 287 1
224 228 1
224 287 1
226 236 2
227 254 1
228 229 1
228 287 1
229 287 1
230 256 2
233 270 17
233 276 30
235 252 23
239 282 1
240 268 1
241 243 1
241 271 1
243 271 1
244 286 79
248 253 1
248 275 1
250 252 9
253 275 1
255 290 1
266 269 1
277 288 1
277 292 1
278 281 1



778 0 128 andilly-74
862 0 98 minzier
2172 0 150 saint-paul-en-chablais
825 0 168 hauteville-sur-fier
303 0 54 vanzy
411 0 76 chevrier
10446 0 582 roche-sur-foron
3108 0 49 thorens-glieres
1005 0 69 muraz
3149 0 78 magland
644 0 89 dingy-en-vuache
503 0 13 reposoir
506 0 103 faucigny
1193 0 27 contamines-montjoie
450 0 59 bassy
3899 0 575 epagny-74
680 0 130 mûres
394 0 69 saxel
2708 0 511 metz-tessy
759 0 103 saint-gingolph
1092 0 171 cervens
957 0 166 machilly
608 0 30 serraval
18842 0 982 seynod
267 0 45 crempigny-bonneguete
401 0 22 balme-de-thuy
1248 0 41 gets
50379 0 3690 annecy
1342 0 22 abondance
4470 0 301 sillingy
819 0 33 montriond
590 0 134 montagny-les-lanches
711 0 99 jonzier-epagny
775 0 134 chapeiry
3889 0 185 viuz-en-sallaz
533 0 121 bloye
2125 0 218 beaumont-74
850 0 55 marlens
3398 0 79 taninges
3705 0 83 megeve
1406 0 178 loisin
1010 0 151 excenevex
1873 0 415 menthon-saint-bernard
1588 0 285 marin
2080 0 120 combloux
1547 0 201 lucinges
1144 0 21 petit-bornand-les-glieres
986 0 22 manigod
187 0 58 chavannaz
702 0 118 vers-74
3195 0 459 valleiry
884 0 201 duingt
5169 0 573 marnaz
5386 0 263 sciez
466 0 86 franclens
1203 0 177 cornier
3062 0 142 groisy
1492 0 194 feigeres
1816 0 48 araches-la-frasse
966 0 77 vulbens
837 0 63 lullin
862 0 96 eloise
1775 0 122 marcellaz-albanais
5671 0 578 thyez
2908 0 65 morzine
691 0 85 marlioz
549 0 131 versonnex-74
429 0 9 vallorcine
1694 0 123 etaux
895 0 53 clarafond-arcine
686 0 101 mesigny
926 0 109 menthonnex-en-bornes
871 0 293 villy-le-pelloux
8142 0 1897 evian-les-bains
1874 0 46 clusaz
711 0 68 draillant
638 0 62 menthonnex-sous-clermont
1556 0 93 choisy
1336 0 328 maxilly-sur-leman
4805 0 251 bons-en-chablais
265 0 21 leschaux
364 0 122 musieges
1757 0 100 cusy
8421 0 2599 meythet
985 0 57 alex
442 0 65 essert-romand
5960 0 113 thones
685 0 49 thollon-les-memises
237 0 12 bouchet-74
1180 0 29 saint-jean-d-aulps
839 0 72 ollieres-74
419 0 44 chene-en-semine
1446 0 160 vallieres-74
7881 0 1755 ville-la-grand
1279 0 214 arthaz-pont-notre-dame
807 0 73 saint-laurent-74
907 0 84 thusy
776 0 48 aviernoz
775 0 24 vacheresse
681 0 78 presilly-74
849 0 272 yvoire
623 0 78 saint-sigismond-74
1999 0 190 ayse
2103 0 228 messery
1422 0 222 peillonnex
11908 0 438 bonneville-74
1637 0 170 allonzier-la-caille
1593 0 60 mont-saxonnex
181 0 34 chessenaz
3157 0 251 saint-cergues
3197 0 140 saint-jeoire
130 0 20 chapelle-saint-maurice
451 0 56 riviere-enverse
1171 0 210 lovagny
1004 0 44 cordon
11492 0 143 passy-74
1011 0 75 villards-sur-thones
557 0 52 chevenoz
617 0 33 entremont
496 0 51 lornay
2353 0 139 seyssel-74
926 0 68 servoz
830 0 67 massingy-74
5717 0 270 saint-jorioz
736 0 69 savigny-74
329 0 20 montmin
3982 0 265 allinges
442 0 31 nancy-sur-cluses
847 0 75 vaulx-74
792 0 41 desingy
2308 0 174 lugrin
565 0 161 villy-le-bouveret
752 0 88 fessy
417 0 33 chaumont-74
314 0 80 meillerie
1193 0 62 onnion
33925 0 2092 thonon-les-bains
1226 0 102 habere-poche
1958 0 423 anthy-sur-leman
205 0 14 chevaline
2583 0 500 argonay
463 0 35 biot-74
504 0 96 boussy
675 0 138 lully
907 0 123 hery-sur-alby
601 0 112 saint-sylvestre-74
2229 0 195 monnetier-mornex
983 0 208 cuvat
1887 0 347 etrembieres
19968 0 1173 annecy-le-vieux
53 0 5 novel
2445 0 262 saint-martin-bellevue
1918 0 197 frangy
329 0 87 bluffy
574 0 45 giez
3667 0 598 collonges-sous-saleve
477 0 48 reyvroz
359 0 40 alleves
1410 0 115 saint-jean-de-sixt
849 0 50 saint-ferreol
471 0 59 challonges
17227 0 3588 cran-gevrier
2564 0 641 neuvecelle
3882 0 306 sevrier
1526 0 133 arenthon
5872 0 393 saint-pierre-en-faucigny
410 0 52 saint-germain-sur-rhone
4972 0 471 douvaine
1185 0 129 chatillon-sur-cluses
850 0 44 vailly-74
3153 0 270 fillinges
602 0 18 seythenex
683 0 202 ville-en-sallaz
1611 0 205 perrignier
527 0 24 megevette
551 0 54 val-de-fier
1822 0 246 margencel
650 0 88 marigny-saint-marcel
442 0 64 saint-eusebe-74
1241 0 55 bernex
897 0 70 cernex
1329 0 99 ballaison
1330 0 92 feternes
159 0 34 droisy-74
6956 0 277 reignier-esery
11181 0 2781 gaillard
1003 0 81 arbusigny
775 0 185 marcellaz
372 0 27 sappey
1198 0 37 chatel-74
898 0 172 saint-sixt
1506 0 346 nangy
420 0 60 clermont-74
15531 0 235 sallanches
1080 0 154 bogeve
13497 0 799 rumilly-74
3525 0 134 viry-74
1616 0 175 sales
1207 0 156 tour-74
976 0 109 demi-quartier
467 0 44 saint-eustache
882 0 95 copponex
3984 0 439 pringy-74
359 0 47 usinens
6686 0 590 poisy
3859 0 151 cruseilles
215 0 53 forclaz
407 0 22 seytroux
1135 0 240 charvonnex
637 0 235 juvigny-74
565 0 49 cercier
450 0 43 brizon
858 0 231 champanges
2587 0 138 pers-jussy
265 0 21 cote-d-arbroz
2079 0 194 archamps
3551 0 176 doussard
664 0 41 verchaix
840 0 22 chapelle-d-abondance
495 0 120 nonglard
604 0 47 saint-andre-de-boege
2190 0 35 grand-bornand
1325 0 27 bellevaux
810 0 91 habere-lullin
899 0 107 brenthonne
2218 0 270 veyrier-du-lac
571 0 83 contamine-sarzin
753 0 101 villard-74
649 0 65 burdignin
913 0 169 naves-parmelan
32196 0 6465 annemasse
748 0 114 vinzier
8972 0 76 chamonix-mont-blanc
1817 0 245 domancy
6829 0 960 vetraz-monthoux
1338 0 39 dingy-saint-clair
616 0 114 chenex
736 0 189 bossey
1593 0 230 contamine-sur-arve
325 0 127 saint-blaise-74
800 0 85 orcier
6159 0 308 marignier
1502 0 163 lyaud
7311 0 688 scionzier
6240 0 699 publier
1482 0 371 vougy-74
1241 0 153 larringes
2305 0 23 samoens
294 0 37 vernaz
2776 0 323 bonne
2116 0 47 mieussy
5349 0 393 cranves-sales
563 0 38 morillon
574 0 157 sallenoves
224 0 52 chapelle-rambaud
2818 0 184 villaz
1334 0 58 praz-sur-arly
1424 0 145 massongy
698 0 153 etercy
459 0 252 nernier
2263 0 169 chavanod
580 0 31 clefs-74
1030 0 43 moye
1513 0 217 neydens
355 0 102 cons-sainte-colombe
206 0 24 entrevernes
605 0 108 chainaz-les-frasses
363 0 55 vovray-en-bornes
965 0 110 thuile-74
3018 0 70 houches
1184 0 239 armoy
4960 0 300 balme-de-sillingy
2168 0 328 saint-felix-74
879 0 71 saint-jean-de-tholome
796 0 6 sixt-fer-a-cheval
5694 0 89 saint-gervais-les-bains
1262 0 90 viuz-la-chiesaz
250 0 31 bonnevaux-74
6833 0 264 faverges
2012 0 306 alby-sur-cheran
251 0 14 baume
1094 0 151 scientrier
2046 0 237 amancy
1109 0 59 chilly-74
11836 0 1117 saint-julien-en-genevois
17408 0 1664 cluses-74
1748 0 109 boege
1458 0 100 gruffy
3568 0 274 veigy-foncenex
1294 0 66 evires
1893 0 174 chens-sur-leman
1198 0 131 quintal
5890 0 4712 ambilly
1690 0 81 talloires
