89
133



1 31 1180
1 37 1458
1 57 1238
2 3 3252
2 4 13851
3 4 11891
4 7 12121
4 22 1208
5 31 915
5 78 221
6 7 54224
6 60 1751
7 17 3637
7 22 13230
7 48 5248
7 52 4222
7 59 36529
7 60 14697
8 23 898
8 54 5098
9 27 1435
9 56 1009
10 29 698
10 41 380
11 12 2546
11 32 546
12 46 1041
13 25 1754
13 26 1837
14 15 2297
14 33 762
15 33 668
16 22 10999
16 61 4369
17 18 2373
17 22 2913
17 42 1597
17 58 7068
18 19 8522
18 20 9725
18 27 903
19 20 2377
21 22 4102
21 43 1167
22 43 1805
22 48 2023
22 61 3001
23 27 5874
23 52 4872
24 50 2761
24 62 1267
24 63 599
25 47 1057
25 51 2561
26 41 1851
26 47 3013
26 48 22744
27 28 5123
27 30 5687
27 52 5481
28 33 358
29 67 704
29 83 878
30 50 2787
32 34 3334
32 45 529
34 44 1741
35 36 3749
35 37 12724
35 38 5425
36 38 3622
37 39 3629
37 40 1730
37 44 349
37 52 12457
37 57 3033
39 40 2335
41 48 3565
42 58 179
44 45 3858
44 46 3045
44 48 965
44 52 3816
45 46 2647
47 48 17260
47 49 5168
47 51 438
48 49 43647
52 65 87453
52 75 140561
52 82 75665
53 54 3351
53 87 786
55 66 4023
55 69 5855
56 62 884
59 60 6312
62 63 990
64 72 3368
64 73 2261
65 69 4579
66 69 5520
66 71 4173
66 74 4418
67 82 2078
67 83 3175
68 70 3303
68 72 3501
68 73 2364
70 73 3026
71 72 4655
71 88 5459
72 74 4832
72 87 2518
72 88 5524
75 85 3615
76 80 3355
76 89 2799
77 79 5057
77 80 4317
77 89 3783
78 84 2925
78 86 3337
79 80 3108
80 89 2322
81 84 3520
81 86 4184
82 83 2945
82 85 1996
83 85 3053
83 86 4736
84 86 4181
87 88 3182



55978 0 2481 saint-quentin
74120 0 2799 antibes
73234 0 3732 cannes
343304 0 4773 nice
60280 0 4566 troyes
141438 0 760 aix-en-provence
850726 0 3535 marseille
108954 0 4239 caen
75170 0 2644 rochelle-17
66381 0 965 bourges
151212 0 3741 dijon
116914 0 1797 besancon
63405 0 1728 valence-26
63550 0 752 quimper
141303 0 2854 brest
142205 0 878 nîmes
441802 0 3734 toulouse
239157 0 4845 bordeaux
58025 0 1494 pessac
66142 0 1373 merignac-33
70955 0 743 beziers
257351 0 4524 montpellier
207178 0 4111 rennes
134817 0 3888 tours
155637 0 8584 grenoble
171260 0 2141 saint-etienne
284970 0 4371 nantes
67031 0 1432 saint-nazaire-44
114167 0 4154 orleans
147571 0 3455 angers
179992 0 3837 reims
105421 0 7023 nancy
57204 0 3272 lorient
120738 0 2878 metz
94713 0 7158 roubaix
63572 0 2315 villeneuve-d-ascq
227560 0 6533 lille
91923 0 6051 tourcoing
92005 0 2096 dunkerque
73636 0 2198 calais
139860 0 3277 clermont-ferrand
81166 0 2575 pau
117419 0 1724 perpignan
271782 0 3472 strasbourg
67615 0 1015 colmar
109588 0 4940 mulhouse
59855 0 3904 venissieux
484344 0 10117 lyon
145150 0 9996 villeurbanne
142626 0 2700 le-mans
57342 0 2731 chambery
2243833 0 21288 paris
110933 0 5188 rouen
175497 0 3737 havre
86110 0 3289 versailles
57325 0 840 niort
133448 0 2698 amiens
56271 0 416 montauban
164532 0 3840 toulon
62082 0 2800 seyne-sur-mer
89683 0 1381 avignon
87697 0 2082 poitiers
139150 0 1783 limoges
61754 0 16556 neuilly-sur-seine
64355 0 15142 issy-les-moulineaux
79426 0 5403 rueil-malmaison
61793 0 6463 antony
64253 0 26660 levallois-perret
114205 0 18509 boulogne-billancourt
82327 0 17080 asnieres-sur-seine
85398 0 10934 colombes
87469 0 20975 courbevoie
58916 0 19128 clichy
89185 0 7316 nanterre
102770 0 11521 montreuil-93
82120 0 5069 aulnay-sous-bois
106785 0 8639 saint-denis-93
62964 0 4862 noisy-le-grand
76087 0 13209 aubervilliers
66410 0 8557 drancy
74816 0 6650 saint-maur-des-fosses
55490 0 10391 villejuif
85413 0 7319 vitry-sur-seine
75510 0 6682 champigny-sur-marne
57732 0 9464 ivry-sur-seine
89985 0 7852 creteil
56988 0 4891 cergy
103125 0 5988 argenteuil
58614 0 6936 sarcelles
