527
783



1 238 1
1 251 1
2 220 1
2 492 1
3 83 45
3 323 189
4 183 1
4 213 1
5 159 9
5 199 17
6 50 1
6 60 1
6 108 1
7 124 5
7 242 6
7 452 3
8 155 1
8 173 1
8 493 1
9 411 1
9 524 1
10 264 2
10 406 1
10 526 1
11 195 1
11 319 1
12 145 6
12 176 2
12 428 6
13 44 1
13 357 1
13 454 1
14 131 1
14 228 1
14 235 1
14 320 1
14 482 1
15 430 1
15 457 1
15 495 1
16 49 2
16 183 1
17 71 3
17 489 1
18 120 1
18 414 1
18 512 1
19 112 1
19 415 1
20 231 1
20 306 1
21 148 1
21 233 1
21 334 2
22 136 7
22 207 5
23 337 1
23 370 11
24 124 1
24 283 1
25 240 1
25 343 1
26 36 1
26 152 1
26 361 1
27 128 1
27 392 1
28 103 1
28 150 1
29 395 1
29 404 1
29 489 1
30 167 1
30 424 1
31 137 1
31 263 4
32 457 1
32 495 1
33 107 1
33 279 1
34 218 1
34 233 1
34 453 1
35 41 1
35 202 1
36 152 1
36 166 4
37 190 2
37 409 5
38 86 1
38 118 1
38 172 2
38 483 1
39 349 3
39 419 3
39 462 1
40 166 9
40 209 2
40 346 1
41 244 1
41 383 1
41 437 1
42 307 4
42 453 1
43 72 1
43 506 1
44 357 1
45 281 1
45 288 1
45 446 1
46 124 2
46 205 1
46 272 2
46 432 1
46 470 2
47 266 1
47 474 2
48 149 1
48 293 1
48 344 1
49 183 4
49 212 2
49 213 1
50 165 1
51 103 1
51 150 1
52 84 1
52 309 1
53 143 1
53 237 1
53 501 1
54 70 1
54 363 1
54 376 2
55 431 1
55 512 1
56 65 14
56 460 9
57 194 1
57 397 1
58 84 1
58 375 1
59 205 1
59 500 1
60 320 1
61 94 1
61 271 2
62 88 1
62 189 1
63 266 2
63 465 3
64 270 1
64 298 1
64 300 1
64 338 1
65 460 33
66 170 1
66 191 1
66 418 1
67 248 1
67 260 1
67 413 1
68 80 1
68 218 1
69 109 1
69 449 1
69 525 1
70 174 1
70 200 1
70 241 1
71 176 5
72 77 8
72 319 1
72 354 2
73 139 1
73 322 1
74 167 2
74 248 3
74 413 1
75 262 1
75 417 1
76 174 1
76 242 1
77 87 4
77 123 4
77 220 3
77 354 9
78 174 1
78 265 1
78 280 1
78 368 1
79 309 1
79 349 1
79 463 1
80 201 2
80 442 2
81 230 1
81 262 1
81 505 1
82 445 1
82 514 1
83 348 16
83 494 66
84 375 1
85 243 1
85 364 1
86 118 1
86 133 1
86 336 1
87 123 1
87 195 1
87 502 1
88 110 3
88 229 1
88 351 1
89 271 1
89 335 1
90 112 1
90 353 1
90 369 1
91 191 1
91 292 1
92 229 1
92 351 1
93 207 22
93 408 10
94 200 1
94 271 3
94 377 1
95 335 4
95 490 3
96 128 1
96 188 1
96 296 1
97 116 1
97 126 1
97 416 1
98 328 37
98 387 1
98 390 8
99 184 1
99 324 3
100 286 1
100 366 1
100 515 1
101 170 1
101 194 1
101 466 1
101 509 1
102 346 1
102 472 1
103 196 1
103 429 1
104 142 1
104 411 1
104 523 1
105 205 6
105 223 16
105 272 10
106 432 1
106 501 1
107 279 1
107 385 1
107 435 2
107 517 2
108 362 1
108 497 1
109 449 1
109 468 1
109 490 1
110 151 3
110 402 2
110 467 3
110 469 2
111 135 1
111 289 1
111 364 1
112 337 1
113 514 1
113 526 1
114 305 1
114 337 1
114 415 3
115 191 3
115 245 2
115 291 15
115 418 4
116 126 1
116 416 1
117 182 1
117 216 1
117 308 1
118 186 1
118 524 1
119 281 1
119 446 1
120 414 1
120 512 1
121 196 1
121 391 1
122 326 1
122 358 1
122 378 1
123 492 1
124 283 1
124 470 1
125 132 1
125 247 1
125 251 1
127 314 4
127 421 10
128 278 1
128 392 1
129 144 1
129 434 1
130 159 2
130 453 1
131 235 1
131 313 1
132 247 1
132 458 1
132 467 1
133 524 1
134 357 1
134 456 1
135 296 1
136 207 10
136 241 2
136 460 17
137 263 3
137 497 1
137 504 1
138 178 1
138 405 1
139 322 1
140 286 1
140 417 1
141 261 1
141 410 1
141 513 1
142 206 1
142 523 1
143 501 1
144 431 1
145 147 7
145 428 13
146 285 1
146 306 1
147 318 6
147 412 9
148 455 1
149 286 1
149 344 1
150 342 1
150 397 1
151 249 1
151 402 1
153 172 4
153 317 1
154 164 1
154 443 1
155 173 1
156 275 5246
157 421 1
157 423 1
158 198 1
158 286 1
158 293 1
158 468 1
159 199 10
159 426 8
160 309 2
160 373 2
160 510 2
160 516 2
161 168 2
161 172 7
161 317 2
162 382 1
162 409 2
162 497 1
163 367 1
163 444 1
163 518 1
164 167 1
164 424 1
165 228 1
165 352 1
166 339 3
167 221 1
168 317 1
168 522 1
169 187 5
169 433 48
170 194 1
170 418 1
171 187 26
171 461 17
173 316 1
173 493 1
174 265 1
175 350 1
175 386 1
175 431 1
176 187 3
176 428 5
176 461 2
177 206 2
177 210 1
178 383 1
178 394 1
178 491 1
179 365 1
179 377 1
180 274 1
180 427 1
181 225 1
181 508 1
182 308 1
182 473 1
183 212 1
184 246 1
184 324 1
185 312 1
185 330 1
185 389 1
185 488 1
186 524 1
187 461 4
188 267 1
188 296 1
189 229 1
190 409 2
190 420 2
191 418 1
191 476 3
192 355 3
192 388 3
193 358 1
193 378 1
195 354 1
195 511 1
196 255 1
196 391 1
197 257 1
197 385 1
197 488 1
197 517 1
198 450 1
199 268 5
199 455 8
201 232 1
201 239 1
202 350 1
202 386 1
203 222 1
203 297 1
204 382 1
204 420 1
205 272 1
205 438 1
206 498 1
208 400 12
208 415 13
209 361 1
210 519 5
210 526 1
211 285 2
211 520 1
212 325 1
212 388 1
212 487 1
214 256 1
214 336 1
215 309 1
215 374 1
216 522 1
217 464 1
217 468 1
219 223 1
219 436 1
219 439 1
220 319 1
221 334 1
221 345 1
221 424 1
222 297 1
222 381 1
223 378 3
224 250 8
224 441 6
225 237 1
225 508 1
226 329 1
226 463 1
226 510 1
227 277 1
227 498 1
229 402 1
229 469 1
230 451 1
230 478 1
230 505 1
231 285 2
231 341 3
231 520 1
232 239 1
232 447 2
233 443 1
234 283 1
234 508 1
236 275 343
236 301 82
236 359 117
236 433 298
237 381 1
238 475 1
239 371 1
239 447 1
240 521 1
242 248 1
243 372 1
244 437 1
244 513 1
245 322 1
245 418 1
246 324 1
246 498 1
247 372 1
247 458 1
248 368 1
248 527 1
249 284 1
250 303 3
250 465 2
251 429 1
252 284 1
252 290 1
252 467 1
252 475 1
253 276 1
253 403 1
254 383 1
254 407 1
255 391 1
256 336 1
257 504 1
258 264 1
258 427 1
258 522 1
259 316 1
259 469 1
260 452 1
261 297 1
261 310 5
261 378 3
262 417 1
262 451 1
263 270 3
264 274 1
264 427 1
264 522 1
266 441 1
266 474 1
266 521 1
267 296 1
268 455 2
269 321 2
269 365 2
270 276 1
270 298 1
270 340 2
271 377 2
272 500 1
273 357 1
273 456 1
274 300 1
276 403 1
277 315 1
277 523 1
278 481 1
279 330 1
280 480 1
281 288 1
282 384 1
282 388 1
283 332 1
284 475 1
285 306 1
286 344 1
286 511 2
287 367 1
287 421 1
287 444 1
289 364 1
290 485 1
291 476 12
292 509 1
294 401 14
294 420 5
295 367 1
295 444 1
295 518 1
297 310 2
298 302 1
299 406 1
299 514 1
300 302 1
300 399 1
301 359 49
301 426 20
303 448 4
304 309 1
304 329 1
304 374 1
305 337 2
305 415 8
306 422 1
307 360 5
307 459 4
308 473 1
309 374 1
309 375 1
309 510 1
310 482 3
311 334 1
311 434 1
312 389 1
312 407 1
313 352 1
314 421 4
314 491 1
315 411 1
315 523 1
318 412 16
318 420 9
320 482 2
320 497 1
321 365 1
323 328 197
323 494 272
324 498 1
325 388 1
325 507 1
326 378 1
327 379 1
327 486 1
327 506 1
328 390 49
328 398 18
330 488 1
330 491 1
331 335 1
331 525 1
332 432 1
333 371 1
333 380 1
333 527 1
334 345 1
334 434 1
334 443 1
335 490 2
337 369 1
338 403 1
339 346 1
339 422 1
339 520 1
340 517 3
341 520 2
342 397 1
343 396 1
343 408 1
343 502 1
347 422 1
347 472 1
348 448 5
348 471 5
348 494 41
349 419 2
349 463 1
349 472 3
350 386 1
352 455 1
353 361 1
354 511 3
355 388 1
355 489 1
355 507 1
356 449 1
356 450 1
357 454 1
358 439 1
360 453 1
360 459 1
362 497 1
362 504 1
363 376 1
363 460 5
364 467 1
364 469 1
365 377 1
366 393 1
366 515 1
367 444 1
368 480 1
368 527 1
369 370 5
371 442 1
371 447 1
373 516 1
375 419 2
375 462 1
376 460 5
379 387 1
379 486 1
379 511 1
380 480 1
380 527 1
381 499 1
381 508 1
382 503 1
383 437 1
384 388 1
385 435 1
385 491 1
385 517 1
387 440 1
388 507 1
390 398 4
391 392 1
393 515 1
394 491 1
395 487 1
395 507 1
396 496 1
397 421 2
398 440 1
399 522 1
400 415 16
401 409 16
401 503 2
404 461 1
405 437 1
407 482 1
407 491 1
408 492 1
409 420 6
410 513 1
417 515 1
419 462 1
421 423 1
425 430 1
425 438 1
430 495 1
436 439 1
441 521 1
442 443 1
445 519 3
448 471 3
449 464 1
450 454 1
453 459 1
456 490 1
457 495 1
458 484 1
464 468 1
466 509 1
467 469 1
467 475 1
476 477 1
476 479 1
477 479 1
478 505 1
480 527 1
481 518 1
483 524 1
484 485 1
484 493 1
489 507 1
490 525 1
496 502 1
499 508 1
519 526 4



642 0 42 butten
476 0 251 saint-nabor
11310 0 1590 ostwald
433 0 59 kesseldorf
4941 0 1208 mundolsheim
612 0 180 bernolsheim
5595 0 373 wasselonne
180 0 51 eschwiller
516 0 130 trimbach
1695 0 34 lembach
587 0 182 saint-pierre-67
2169 0 152 offendorf
135 0 18 bellefosse
1175 0 146 wingersheim
302 0 158 dimbsthal
907 0 131 niederroedern
998 0 133 dalhunden
523 0 152 hohengoeft
294 0 95 ichtratzheim
371 0 95 daubensand
2937 0 296 truchtersheim
2437 0 104 boersch
1682 0 152 nordhouse
564 0 35 cosswiller
1232 0 108 niedernai
1446 0 202 matzenheim
237 0 46 ottwiller
584 0 75 rosteig
677 0 172 stattmatten
320 0 164 wintzenheim-kochersberg
1333 0 158 ohlungen
370 0 104 singrist
468 0 184 bitschhoffen
1453 0 203 stutzheim-offenheim
442 0 81 wickersheim-wilshausen
1139 0 179 sand
2759 0 225 gries
895 0 73 rittershoffen
2523 0 126 hilsenheim
2524 0 201 huttenheim
177 0 95 zoebersdorf
1308 0 264 dingsheim
304 0 61 reichsfeld
38 0 14 blancherupt
222 0 45 rauwiller
2822 0 200 marmoutier
1273 0 124 altorf
439 0 53 lalaye
3220 0 153 seltz
186 0 125 krautwiller
257 0 32 zittersheim
349 0 96 richtolsheim
395 0 138 furchhausen
1711 0 73 still
516 0 79 saessolsheim
2478 0 214 dorlisheim
567 0 46 lichtenberg
584 0 56 schoenau
633 0 31 haegen
719 0 142 waltenheim-sur-zorn
1229 0 106 russ
401 0 95 schopperten
2876 0 334 duttlenheim
1090 0 205 durrenbach
9215 0 849 molsheim
802 0 112 zinswiller
443 0 287 odratzheim
297 0 123 handschuheim
371 0 180 fouday
654 0 119 heiligenberg
5052 0 321 drusenheim
1842 0 77 andlau
236 0 25 obersteinbach
3711 0 254 marlenheim
366 0 261 saint-maurice-67
625 0 61 balbronn
6830 0 331 barr
664 0 148 dangolsheim
1150 0 121 baldenheim
2122 0 316 ittenheim
618 0 209 dieffenbach-au-val
316 0 104 oberhoffen-les-wissembourg
6421 0 1202 eckbolsheim
601 0 77 saasenheim
335 0 82 bettwiller
1177 0 124 hoffen
1039 0 212 gertwiller
1582 0 83 keskastel
868 0 87 barembach
462 0 106 bolsenheim
470 0 125 engwiller
419 0 25 altwiller
10731 0 416 obernai
1830 0 64 lutzelhouse
2858 0 123 broque
499 0 47 lohr
412 0 186 mutzenhouse
3069 0 169 scherwiller
2038 0 197 mothern
348 0 87 saint-martin-67
280 0 117 bischholtz
1098 0 93 kogenheim
338 0 68 puberg
514 0 63 siegen
12087 0 464 saverne
434 0 93 lochwiller
2735 0 772 pfaffenhoffen
386 0 151 wahlenheim
963 0 42 plaine-67
3072 0 199 sarre-union
417 0 67 siewiller
651 0 116 limersheim
704 0 66 cleebourg
824 0 182 hipsheim
4366 0 139 niederbronn-les-bains
259 0 93 hohfrankenheim
608 0 222 lobsann
1954 0 103 hatten
310 0 41 baerendorf
190 0 115 rangen
566 0 80 weislingen
1132 0 65 dossenheim-sur-zinsel
966 0 242 heiligenstein
1356 0 118 romanswiller
647 0 51 waldhambach
318 0 85 gingsheim
3941 0 154 bouxwiller-67
677 0 76 petersbach
557 0 84 gougenheim
1256 0 261 pfulgriesheim
534 0 111 mittelhausen
598 0 66 mackwiller
667 0 154 aschbach
596 0 81 natzwiller
321 0 143 pfalzweyer
4834 0 163 rosheim
876 0 239 wintershouse
434 0 118 ringendorf
152 0 18 niedersteinbach
307 0 71 breitenau
345 0 67 gottesheim
577 0 64 salmbach
535 0 94 waldolwisheim
273 0 81 rohr
4569 0 262 gambsheim
649 0 92 diebolsheim
2357 0 341 kilstett
770 0 159 pfettisheim
265 0 148 bassemberg
1551 0 89 wingen-sur-moder
1912 0 87 herbitzheim
955 0 98 osthouse
1620 0 154 surbourg
234 0 130 dossenheim-kochersberg
323 0 50 burbach
271782 0 3472 strasbourg
438 0 58 schillersdorf
828 0 170 maisonsgoutte
2950 0 448 lampertheim
4218 0 126 marckolsheim
2939 0 193 soultz-sous-forets
1260 0 201 niederschaeffolsheim
421 0 79 weinbourg
521 0 105 fessenheim-le-bas
400 0 156 bilwisheim
5662 0 726 benfeld
783 0 123 nordheim
968 0 257 merkwiller-pechelbronn
2279 0 612 kaltenhouse
817 0 51 offwiller
12703 0 736 bischwiller
4063 0 144 betschdorf
268 0 57 eywiller
479 0 281 flexbourg
347 0 64 ingenheim
1675 0 567 rohrwiller
1731 0 101 seebach
190 0 82 buswiller
962 0 77 mollkirch
535 0 93 froeschwiller
258 0 65 westhouse-marmoutier
322 0 176 memmelshoffen
1871 0 122 beinheim
746 0 126 munchhausen
465 0 105 huttendorf
525 0 119 buhl-67
3304 0 231 oberhoffen-sur-moder
453 0 67 bust
148 0 43 bissert
999 0 279 kurtzenhouse
1191 0 207 gumbrechtshoffen
4918 0 371 soufflenheim
673 0 162 hattmatt
469 0 58 rothbach
1080 0 79 stotzheim
185 0 112 frohmuhl
1434 0 187 dauendorf
589 0 59 steige
5559 0 349 vendenheim
652 0 77 muhlbach-sur-bruche
1254 0 247 breuschwickersheim
125 0 53 scherlenheim
284 0 67 littenheim
283 0 132 bietlenheim
767 0 224 thal-marmoutier
1437 0 157 schleithal
3272 0 265 bischoffsheim
3936 0 236 plobsheim
1352 0 143 kertzfeld
1119 0 111 riedseltz
1227 0 102 boofzheim
941 0 136 roppenheim
575 0 128 schaffhouse-pres-seltz
287 0 64 ingolsheim
305 0 118 schwobsheim
702 0 67 lampertsloch
434 0 28 bourg-bruche
574 0 123 hurtigheim
450 0 36 eckartswiller
653 0 170 mittelbergheim
791 0 194 neugartheim-ittlenheim
222 0 81 altenheim
2156 0 456 monswiller
7074 0 322 geispolsheim
138 0 55 kleingoeft
882 0 72 ohnenheim
653 0 88 neewiller-pres-lauterbourg
259 0 68 donnenheim
852 0 59 harskirchen
591 0 309 thanville
1400 0 175 obenheim
1469 0 357 hangenbieten
808 0 245 wiwersheim
263 0 120 zehnacker
205 0 102 hohatzenheim
17770 0 4029 bischheim
308 0 84 wolschheim
375 0 37 dehlingen
817 0 245 kolbsheim
1411 0 110 meistratzheim
674 0 122 rosenwiller
1664 0 80 westhoffen
408 0 85 durstel
177 0 53 bosselshausen
796 0 26 dambach
822 0 177 scheibenhard
392 0 115 adamswiller
1201 0 372 scharrachbergheim-irmstett
663 0 95 siltzheim
1752 0 214 entzheim
252 0 28 ratzwiller
307 0 49 domfessel
313 0 185 laubach
372 0 93 bossendorf
125 0 38 hinsbourg
670 0 122 schoenenbourg
701 0 93 uhlwiller
1142 0 86 goersdorf
335 0 33 diedendorf
690 0 222 traenheim
2677 0 248 dettwiller
460 0 167 triembach-au-val
4932 0 497 schweighouse-sur-moder
1811 0 279 woerth
671 0 158 bergbieten
1115 0 178 innenheim
493 0 35 eschbourg
1406 0 188 eckwersheim
1780 0 70 oberhaslach
930 0 234 eschbach
2195 0 114 wisches
1366 0 416 otterswiller
319 0 96 wildersbach
355 0 150 oberdorf-spachbach
30952 0 4056 schiltigheim
380 0 215 hegeney
595 0 85 wintzenbach
615 0 31 petite-pierre
87 0 31 ringeldorf
728 0 397 avolsheim
178 0 28 kirrberg
725 0 147 forstfeld
210 0 61 crastatt
421 0 32 voellerdingen
2696 0 155 rhinau
1848 0 650 ville-67
170 0 56 uttwiller
255 0 67 goerlingen
603 0 52 weyer
292 0 48 rimsdorf
5518 0 312 reichshoffen
586 0 98 kindwiller
309 0 26 urbeis
2323 0 206 geudertheim
571 0 72 weiterswiller
442 0 87 schoenbourg
817 0 104 lupstein
795 0 149 walbourg
512 0 71 climbach
698 0 110 gunstett
7425 0 1646 souffelweyersheim
348 0 155 biblisheim
3015 0 436 holtzheim
582 0 111 hessenheim
2500 0 504 lipsheim
637 0 52 friesenheim
4835 0 1275 oberhausbergen
278 0 85 retschwiller
931 0 82 artolsheim
3367 0 278 hochfelden
594 0 186 kienheim
677 0 124 minversheim
527 0 199 mittelschaeffolsheim
1656 0 114 obermodern-zutzendorf
418 0 100 eberbach-seltz
352 0 33 wolfskirchen
906 0 125 kutzenhausen
4440 0 268 hoerdt
561 0 243 eichhoffen
1768 0 216 mommenheim
1389 0 209 niederhaslach
172 0 14 windstein
26805 0 1206 illkirch-graffenstaden
2274 0 202 lauterbourg
2162 0 221 roeschwoog
1147 0 35 neuwiller-les-saverne
267 0 226 itterswiller
19197 0 432 selestat
469 0 79 heidolsheim
203 0 90 grassendorf
401 0 10 grandfontaine-67
200 0 56 jetterswiller
1614 0 216 dachstein
1307 0 120 schnersheim
2429 0 212 schirmeck
680 0 123 hunspach
1392 0 117 hindisheim
690 0 100 morsbronn-les-bains
848 0 137 rossfeld
3488 0 501 mertzwiller
3233 0 196 gerstheim
1134 0 54 wimmenau
822 0 249 goxwiller
660 0 83 fouchy
1077 0 119 willgottheim
791 0 78 sermersheim
465 0 62 ebersmunster
3955 0 710 wolfisheim
1922 0 151 muttersholtz
584 0 112 melsheim
81 0 27 hinsingen
512 0 172 olwisheim
572 0 119 uttenheim
2168 0 98 epfig
1045 0 156 rountzenheim
478 0 58 colroy-la-roche
145 0 43 waldersbach
600 0 54 ernolsheim-les-saverne
10495 0 3068 hoenheim
1712 0 995 mittelhausbergen
1398 0 117 westhouse
315 0 147 hochstett
1365 0 274 dinsheim-sur-bruche
1448 0 322 drulingen
1448 0 104 urmatt
698 0 59 breitenbach
426 0 82 obersoultzbach
928 0 261 soultz-les-bains
817 0 206 schaeffersheim
10791 0 297 erstein
812 0 158 osthoffen
285 0 47 asswiller
727 0 61 mackenheim
300 0 78 boesenbiesen
1578 0 100 sundhouse
1538 0 165 gresswiller
1258 0 85 grendelbruch
1979 0 155 steinbourg
339 0 110 blienschwiller
1169 0 179 ergersheim
241 0 87 maennolsheim
721 0 183 kriegsheim
342 0 103 lixhausen
219 0 97 kauffenheim
816 0 185 niedermodern
693 0 130 wilwisheim
256 0 169 dieffenthal
855 0 82 leutenheim
608 0 86 wittersheim
4088 0 280 chatenois-67
290 0 57 tieffenbach
244 0 59 struth
501 0 24 hohwald
316 0 60 schalkendorf
329 0 26 fort-louis
574 0 202 bourgheim
934 0 48 reipertswiller
1551 0 82 kintzheim
340 0 94 dieffenbach-les-woerth
4776 0 403 eschau
9880 0 334 brumath
1231 0 84 oermingen
567 0 112 forstheim
702 0 1114 schirrhoffen
511 0 104 kirrwiller
453 0 26 wingen
750 0 131 alteckendorf
1422 0 257 bernardswiller
2656 0 175 weitbruch
198 0 61 geiswiller
170 0 66 croettwiller
5902 0 232 wantzenau
639 0 277 kirchheim
195 0 79 zeinheim
5367 0 858 fegersheim
385 0 104 schaffhouse-sur-zorn
624 0 113 neuve-eglise
1528 0 72 oberbronn
2053 0 178 wittisheim
3350 0 177 weyersheim
4156 0 230 ingwiller
510 0 102 witternheim
572 0 133 menchhoffen
663 0 144 kuttolsheim
178 0 82 hengwiller
4397 0 577 reichstett
913 0 69 langensoultzbach
4757 0 330 herrlisheim
346 0 36 volksberg
291 0 56 birkenwald
615 0 99 duntzenheim
386 0 87 reutenbourg
34280 0 187 haguenau
643 0 159 durningen
1147 0 1686 walck
705 0 225 ottersthal
114 0 54 issenhausen
473 0 25 reinhardsmunster
601 0 94 saint-jean-saverne
609 0 96 orschwiller
1283 0 128 blaesheim
1230 0 211 furdenheim
828 0 269 quatzenheim
252 0 60 niedersoultzbach
623 0 113 steinseltz
332 0 30 hirschland
1660 0 251 ernolsheim-bruche
2139 0 282 oberschaeffolsheim
225 0 94 saint-blaise-la-roche
347 0 23 ranrupt
726 0 99 saint-pierre-bois
720 0 186 wangen
1150 0 274 griesheim-sur-souffel
177 0 17 belmont-67
2323 0 129 berstett
395 0 42 neuviller-la-roche
507 0 85 allenwiller
196 0 84 rexingen
1295 0 423 niederhausbergen
5664 0 707 mutzig
2180 0 335 schirrhein
921 0 139 bindernheim
1151 0 98 mussig
538 0 41 saulxures
1548 0 209 duppigheim
460 0 115 mulhausen
1628 0 184 diemeringen
850 0 86 saales
938 0 56 sarrewerden
1369 0 43 wangenbourg-engenthal
2168 0 359 achenheim
2147 0 157 ebersheim
208 0 87 keffenach
2036 0 440 griesheim-pres-molsheim
206 0 26 lorentzen
3525 0 200 gundershoffen
175 0 89 uttenhoffen
382 0 48 vancelle
667 0 78 mietesheim
874 0 299 wolxheim
297 0 28 erckartswiller
1585 0 173 schwindratzheim
531 0 106 oberroedern
426 0 55 berg
176 0 33 thal-drulingen
464 0 116 nothalten
359 0 117 neuhaeusel
564 0 122 morschwiller
2133 0 232 sessenheim
1589 0 409 rothau
815 0 128 ettendorf
1634 0 56 ottrott
278 0 168 gungwiller
16441 0 2889 lingolsheim
221 0 164 salenthal
722 0 82 zellwiller
914 0 135 batzendorf
948 0 84 niederlauterbach
245 0 69 friedolsheim
382 0 305 gottenhouse
661 0 133 schwenheim
1254 0 114 valff
327 0 136 rottelsheim
402 0 130 berstheim
659 0 57 neubois
221 0 80 bernardville
872 0 205 auenheim
203 0 86 knoersheim
693 0 62 uhrwiller
817 0 85 elsenheim
1969 0 68 dambach-la-ville
188 0 88 landersheim
221 0 51 printzheim
472 0 145 rott
472 0 43 albe
644 0 108 bootzheim
1196 0 595 uberach
260 0 19 sparsbach
7803 0 161 wissembourg
881 0 102 herbsheim
1689 0 265 krautergersheim
962 0 127 preuschdorf
549 0 103 oberlauterbach
485 0 146 stundwiller
109 0 39 solbach
943 0 132 drachenbronn-birlenbach
749 0 140 dahlenheim
