782
1165



1 476 1
1 517 1
1 525 1
2 147 1
2 320 1
2 354 1
2 499 1
3 41 1
3 202 1
3 352 1
4 433 1
4 444 1
4 679 1
5 162 1
5 324 1
5 508 1
5 594 1
5 663 1
6 62 1
6 409 1
6 730 1
7 713 1
7 723 1
8 22 1
8 96 1
8 665 1
9 98 1
9 210 1
9 441 1
9 721 1
10 192 1
10 477 1
10 667 1
11 425 1
11 549 1
12 145 1
12 465 1
12 621 1
13 39 1
13 137 1
13 314 1
13 626 1
13 692 1
14 350 1
14 486 1
14 648 1
15 74 1
15 148 1
15 591 1
16 213 1
16 503 1
16 772 1
17 422 1
17 443 1
17 768 1
18 401 1
18 538 1
18 554 1
19 75 1
19 531 1
20 180 1
20 393 1
20 589 1
20 598 1
21 42 1
21 288 1
22 592 1
22 665 1
23 474 1
23 516 1
23 529 1
23 552 1
24 155 1
24 176 1
24 194 1
24 351 1
25 147 2
25 354 1
26 82 1
26 152 1
26 706 1
27 448 1
27 498 1
27 568 1
27 729 1
28 112 1
28 178 1
28 529 1
28 584 1
29 97 1
29 406 1
30 166 1
30 206 1
30 344 1
30 351 1
30 672 1
31 153 1
31 250 1
32 381 1
32 635 1
33 236 1
33 737 1
34 43 1
34 162 1
34 699 1
35 170 1
35 654 1
35 708 1
36 428 1
36 456 1
36 651 1
37 622 1
37 702 1
38 409 1
38 603 1
39 144 1
39 626 1
40 450 1
40 746 1
41 202 1
41 215 1
41 685 1
41 733 1
42 288 1
43 594 1
44 136 1
44 368 1
44 430 1
45 251 58
45 423 2
45 641 2
45 656 2
45 681 29
46 571 1
46 646 1
47 281 1
47 448 1
47 451 1
47 696 1
48 128 1
48 251 13
49 462 1
49 625 1
50 87 1
50 389 1
50 433 1
50 606 4
51 144 1
51 656 1
51 750 1
52 570 1
52 616 1
53 229 1
53 372 1
53 376 1
53 740 1
54 290 1
54 563 1
54 588 1
54 593 1
54 711 1
55 264 1
55 770 1
56 179 1
56 771 1
57 79 1
57 671 1
58 414 1
58 694 1
59 299 1
59 511 1
60 136 1
60 334 1
61 357 1
61 416 1
61 633 1
62 541 1
63 79 1
63 205 1
63 671 1
64 255 1
64 307 1
64 339 1
64 425 1
65 280 1
65 575 1
66 95 1
66 734 1
67 473 1
67 536 1
67 704 1
68 271 1
68 514 1
68 701 1
68 705 1
69 285 1
69 738 1
70 558 1
70 563 1
70 680 1
70 727 1
71 345 1
71 512 1
72 583 1
72 725 1
73 81 1
73 363 1
73 428 1
74 156 1
74 184 1
74 470 1
75 195 1
75 488 1
76 217 1
76 354 1
77 98 1
77 226 1
77 270 1
77 418 1
77 721 1
78 561 1
78 566 1
78 691 1
79 620 1
79 671 1
80 117 1
80 405 1
81 319 1
81 468 1
81 674 1
81 695 1
82 325 1
83 380 1
83 403 1
84 303 1
84 779 1
85 229 1
85 267 1
85 309 1
85 631 1
86 295 1
86 519 1
87 433 1
88 157 1
88 267 1
89 613 1
89 773 1
90 191 1
90 609 1
91 101 1
91 112 1
91 312 1
92 183 1
92 213 1
92 220 1
92 245 1
93 171 1
93 752 1
94 289 1
94 543 1
94 586 1
95 420 1
95 662 1
96 240 1
96 775 1
97 229 1
98 497 1
98 523 1
99 415 1
99 629 1
100 160 1
100 615 1
101 552 1
101 764 1
102 431 1
102 647 1
103 120 1
103 477 1
104 687 1
104 691 1
104 761 1
105 544 1
105 689 2
106 562 1
106 681 3
107 509 1
107 579 1
108 384 1
108 558 1
109 268 1
109 374 1
109 678 1
110 458 1
110 650 1
111 173 1
111 349 1
111 365 1
111 724 1
112 312 1
112 416 1
113 137 1
113 540 1
113 641 1
114 467 1
114 637 1
115 231 1
115 452 1
115 696 1
116 450 1
116 646 1
117 530 1
118 176 1
118 262 1
118 617 1
118 774 1
119 255 1
119 527 1
120 373 1
120 421 1
121 475 1
121 554 1
121 605 1
121 724 1
122 596 1
122 746 1
123 186 1
123 333 1
124 715 1
124 748 1
125 384 1
125 717 1
126 521 1
126 692 1
127 540 1
127 656 1
128 375 1
128 469 1
128 542 1
129 509 1
129 628 1
130 154 1
130 241 1
130 363 1
131 576 1
131 590 1
132 141 1
132 420 1
132 501 1
133 162 1
133 587 1
134 434 1
134 588 1
135 331 1
135 457 1
135 464 1
135 473 1
135 555 1
135 751 1
136 334 1
136 668 1
137 366 1
137 483 1
137 692 1
138 163 1
138 379 1
138 621 1
139 277 1
139 478 1
140 264 1
140 391 1
140 642 1
141 298 1
141 501 1
142 310 1
142 561 1
142 761 1
143 322 1
143 486 1
143 698 1
145 465 1
146 235 1
146 559 1
146 567 1
147 252 3
147 320 2
147 354 7
147 681 38
148 274 1
149 352 1
149 703 1
150 223 1
150 301 1
150 454 1
151 185 1
151 318 1
151 366 1
152 393 1
152 737 1
153 221 1
154 391 1
154 714 1
155 194 1
156 184 1
156 731 1
157 567 1
157 736 1
158 165 1
158 457 1
158 555 1
159 286 1
159 468 1
160 353 1
161 294 4
161 494 6
162 399 1
162 663 1
163 379 1
164 166 1
164 442 1
164 653 1
165 555 1
165 565 1
166 206 1
167 274 1
167 388 1
167 715 1
167 748 1
168 498 1
168 565 1
168 696 1
169 227 6
169 266 3
169 308 1
170 654 1
170 708 1
171 249 1
171 481 1
172 175 1
172 300 1
172 362 1
173 365 1
173 410 1
174 446 1
174 454 1
174 467 1
175 211 1
176 287 1
176 351 1
177 211 1
177 300 1
177 311 1
177 461 1
178 416 1
179 186 1
179 771 1
180 592 1
180 760 1
181 447 1
181 782 1
182 513 1
182 546 1
183 245 1
184 697 1
184 731 1
184 777 1
185 318 1
185 383 1
185 699 1
186 470 1
186 591 1
187 244 1
187 511 1
188 368 1
188 485 1
188 643 1
188 727 1
189 243 1
189 673 1
190 313 1
190 683 1
190 743 1
191 611 1
192 501 1
193 246 1
193 472 1
194 684 1
195 436 1
195 488 1
195 675 1
196 627 1
196 657 1
196 722 1
197 213 21
197 257 1
197 510 1
197 515 1
198 389 1
198 606 1
199 349 1
199 410 1
200 445 1
200 781 1
201 275 1
201 407 1
201 444 1
202 217 1
203 377 1
203 608 1
204 355 1
204 442 1
204 503 1
205 671 1
207 281 1
207 702 1
208 292 1
208 342 2
209 223 1
209 301 1
209 439 1
209 509 1
210 441 1
212 325 1
212 461 1
212 650 1
213 220 1
213 724 1
214 497 1
214 523 1
215 733 1
216 628 1
216 772 1
218 568 1
218 655 1
219 413 1
219 466 1
219 482 1
221 348 1
221 671 1
222 291 1
222 306 1
222 569 1
223 301 1
223 637 1
223 722 1
224 257 1
224 413 1
225 260 1
225 395 1
225 415 1
226 328 1
227 266 6
227 308 2
227 374 3
228 417 1
228 604 1
229 376 1
229 463 1
230 447 1
230 578 1
231 448 1
232 333 1
232 625 1
232 700 1
233 378 1
233 721 1
234 504 1
234 510 1
235 244 1
235 295 1
236 400 1
236 583 1
237 323 1
237 419 1
237 682 1
238 303 1
238 684 1
239 418 1
239 716 1
240 249 1
241 517 1
241 525 1
241 612 1
242 257 1
242 510 1
243 292 1
243 754 1
244 511 1
246 345 1
247 359 1
247 472 1
247 577 1
248 336 1
248 359 1
249 481 1
249 752 1
249 755 1
250 533 2
250 624 1
252 618 1
252 658 1
253 609 1
253 634 1
254 340 1
254 639 1
255 353 1
255 614 1
256 276 1
256 395 1
256 507 1
257 329 1
257 510 1
258 329 1
258 745 1
259 367 1
259 522 1
260 395 1
260 415 1
261 383 1
261 699 1
261 748 1
262 560 1
263 424 1
263 570 1
263 616 1
263 632 1
264 642 1
264 770 1
265 324 1
265 676 1
266 374 2
267 590 1
268 376 1
269 342 1
269 693 1
269 747 1
270 581 1
271 514 1
271 709 1
272 524 11
272 647 1
273 317 1
273 505 1
273 649 1
275 407 1
276 725 1
277 388 1
277 777 1
278 669 286
278 697 3
279 283 1
279 680 1
280 571 1
280 646 1
281 611 1
281 702 1
282 769 1
282 781 1
283 520 1
283 563 1
284 503 1
284 657 1
285 553 1
285 728 1
286 468 1
286 688 1
286 766 2
287 617 1
288 437 1
288 552 1
289 336 1
289 586 1
289 592 1
290 593 1
290 711 1
290 720 1
291 293 1
291 536 1
292 327 1
292 342 1
293 418 1
293 580 1
293 758 1
294 674 1
294 747 1
295 528 1
296 356 1
296 623 1
296 638 1
296 753 1
297 532 1
297 672 1
298 741 1
299 415 1
299 511 1
299 528 1
300 390 1
300 670 1
302 361 1
302 440 1
302 533 1
303 684 1
304 364 1
304 521 1
305 323 1
305 405 1
305 419 1
305 582 1
305 744 1
306 704 1
307 615 1
309 631 1
310 761 1
311 502 1
311 566 1
312 416 1
313 730 1
314 399 1
315 498 1
315 595 1
316 377 1
316 449 1
316 495 1
316 670 1
317 343 1
317 491 1
319 428 1
319 674 1
319 695 1
320 417 1
321 588 1
321 717 1
322 486 1
322 648 1
324 364 1
324 489 1
324 539 1
324 676 1
325 458 1
326 546 1
326 550 1
327 342 1
327 747 1
328 396 1
328 756 1
328 758 1
329 538 1
329 586 1
329 745 1
330 559 1
330 661 1
330 740 1
331 751 1
332 338 1
332 475 1
332 582 1
335 337 1
335 562 1
335 621 1
336 359 1
337 652 1
338 582 1
338 610 1
338 772 1
339 491 1
340 486 1
340 639 1
341 447 1
341 548 1
341 637 1
343 491 1
344 408 1
344 630 1
345 512 1
345 577 1
346 387 1
346 717 1
347 708 1
347 767 1
348 671 1
349 724 1
350 648 1
351 672 1
351 779 1
352 701 1
352 703 1
353 535 1
353 615 1
355 442 1
356 478 3
356 623 1
357 633 1
358 476 1
358 517 1
358 642 1
360 381 1
360 382 1
361 465 1
362 390 1
362 449 1
364 539 1
364 676 1
365 504 1
366 483 1
367 508 1
367 635 1
368 632 1
369 416 1
369 479 1
369 633 1
370 559 1
370 742 1
371 596 1
371 762 4
372 463 1
373 421 1
374 678 1
375 469 1
378 406 1
378 716 1
379 680 1
380 496 1
380 573 1
381 487 1
381 542 1
381 619 1
381 694 1
382 487 1
382 619 1
383 699 1
384 563 1
384 588 1
385 490 1
385 600 1
386 470 1
386 585 1
387 717 1
388 715 3
390 495 1
390 670 1
391 770 1
392 401 1
392 419 1
392 534 1
392 554 1
392 760 1
393 706 1
393 739 1
394 419 1
394 682 1
396 756 1
397 767 1
397 780 1
398 499 1
398 778 1
399 521 1
400 583 1
402 524 16
402 597 4
403 453 1
403 759 1
404 405 1
404 461 1
405 744 1
406 683 1
407 444 1
408 426 3
408 572 1
408 630 1
409 634 1
409 730 1
409 743 1
410 466 1
411 513 1
411 546 1
412 576 1
412 664 1
412 736 1
413 482 1
413 554 1
414 694 1
415 528 1
416 666 1
417 434 1
418 536 1
418 580 1
418 721 1
420 662 1
421 667 1
422 768 1
423 645 1
424 570 1
425 549 1
425 611 1
425 677 1
425 765 1
426 532 1
426 630 6
427 640 1
427 744 1
427 763 1
429 500 1
429 541 1
429 603 1
430 480 1
430 573 1
430 632 1
431 524 1
431 647 1
432 438 1
432 778 1
434 705 1
435 517 1
435 614 1
436 493 1
436 675 1
437 552 1
437 764 1
438 778 1
439 509 1
440 460 1
442 503 1
442 653 1
443 503 1
445 493 1
446 548 1
446 578 1
447 548 1
447 556 1
447 782 1
448 498 1
448 649 1
448 696 1
450 646 1
451 729 1
452 649 1
453 460 1
453 759 1
454 467 1
454 530 1
455 598 1
455 760 1
456 651 1
458 650 1
459 484 1
459 599 1
459 606 2
462 698 1
464 602 1
465 621 1
466 482 1
466 605 1
468 695 1
469 769 1
470 591 1
471 549 1
471 611 1
472 577 1
474 516 1
474 584 1
475 554 1
476 545 1
477 501 1
477 667 1
478 623 1
478 638 1
479 762 1
480 607 1
480 639 1
484 606 1
485 660 1
486 573 1
486 668 1
487 522 1
487 531 1
487 619 1
487 735 1
489 707 1
490 525 1
490 612 1
492 514 1
492 604 1
492 710 1
494 673 4
495 658 1
495 670 1
496 698 1
498 569 1
498 595 1
500 541 1
500 702 1
502 566 1
502 650 1
503 776 1
505 732 1
506 560 1
506 774 1
507 629 1
508 635 1
508 663 1
508 735 1
510 551 1
512 537 1
512 586 1
513 546 1
513 557 1
514 659 1
514 705 1
514 710 1
515 690 1
516 518 1
517 525 1
518 764 1
519 528 1
520 558 1
522 531 1
523 590 1
524 533 21
524 597 4
524 669 467
526 541 1
526 603 1
527 773 1
529 749 1
533 624 7
533 681 35
534 760 1
535 615 1
536 704 1
536 751 1
537 752 1
537 755 1
539 564 1
539 662 1
539 676 1
539 741 1
540 656 1
543 586 1
543 592 1
543 775 1
544 596 1
544 689 2
545 575 1
546 550 1
547 602 1
547 751 1
550 636 1
551 690 1
552 764 1
553 738 1
553 743 1
553 767 1
555 569 1
556 774 1
557 575 1
559 740 1
559 742 1
560 733 1
562 621 1
564 707 1
564 741 1
567 661 1
567 736 1
568 622 1
569 655 1
571 646 1
572 630 1
573 668 1
574 686 1
574 708 1
576 664 1
578 670 1
579 640 1
579 744 1
579 772 1
580 721 1
581 721 1
582 757 1
583 725 1
584 666 1
585 620 1
585 718 1
587 594 1
589 598 1
590 736 1
592 665 1
599 726 1
600 673 1
600 746 1
601 625 2
601 645 1
601 771 1
602 751 1
607 632 1
608 687 1
608 720 1
608 761 1
609 634 1
610 757 1
611 765 1
612 773 1
613 732 1
613 754 1
614 644 1
614 765 1
615 732 1
616 632 1
618 711 1
620 759 1
621 652 1
625 645 1
625 700 1
627 722 1
627 776 1
628 776 1
636 749 1
637 782 1
638 753 1
640 757 1
643 660 1
643 681 3
643 727 1
644 719 1
649 696 1
650 737 1
651 746 1
656 750 1
658 670 1
659 709 1
661 736 1
662 734 1
673 746 1
674 693 1
674 747 1
676 707 1
677 719 1
679 728 1
680 681 8
683 743 1
683 767 1
684 712 1
685 733 1
686 708 1
687 691 1
687 761 1
688 693 1
688 766 1
697 731 1
701 723 1
705 710 1
706 739 1
708 767 1
712 722 1
713 723 1
714 765 1
715 748 1
718 759 1
722 776 1
726 748 1
734 741 1
738 767 1
743 767 1
744 763 1
752 755 1
767 780 1
769 770 1



679 0 48 moyenneville-80
222 0 32 bussu
219 0 41 marquaix
328 0 31 crouy-saint-pierre
217 0 35 beaumetz
117 0 35 mericourt-en-vimeu
210 0 32 templeux-le-guerard
243 0 16 mailly-raineval
236 0 48 famechon-80
316 0 48 canchy-80
149 0 20 fontaine-le-sec
571 0 82 mericourt-l-abbe
199 0 30 mezerolles
147 0 21 bus-les-artois
1437 0 101 villers-bocage-80
325 0 46 gruny
84 0 25 balatre
119 0 39 warsy
125 0 31 vauchelles-les-domart
554 0 51 mezieres-en-santerre
152 0 26 fontaine-sur-maye
524 0 81 morisel
419 0 25 vironchaux
314 0 39 croix-moligneaux
380 0 58 biaches
91 0 21 ignaucourt
258 0 41 saint-maulvis
250 0 25 bernay-en-ponthieu
1099 0 124 quevauvillers
1058 0 78 hombleux
545 0 291 vecquemont
117 0 23 maison-roland
523 0 57 hamel-80
264 0 47 berneuil-80
388 0 59 clairy-saulchoix
402 0 134 vaudricourt-80
69 0 11 avesnes-chaussoy
62 0 15 tailly-80
167 0 14 barly-80
513 0 60 franleu
299 0 39 bernes
111 0 39 froyelles
126 0 23 lanches-saint-hilaire
262 0 27 englebelmer
6717 0 201 doullens
553 0 62 miannay
202 0 36 aumatre
871 0 141 vauchelles-les-quesnoy
111 0 27 marieux
3255 0 274 flixecourt
593 0 21 lucheux
147 0 31 courcelette
244 0 46 nampty
203 0 18 maurepas-80
412 0 93 eaucourt-sur-somme
1147 0 69 naours
355 0 50 behencourt
1261 0 87 saint-riquier
199 0 34 louvrechy
171 0 22 forceville
1381 0 36 quend
140 0 42 aumont-80
369 0 53 saint-gratien-80
1189 0 147 oisemont
288 0 25 port-le-grand
113 0 20 boufflers
98 0 23 bettembos
212 0 29 lieramont
107 0 19 cavillon
502 0 44 fricourt
66 0 15 malpart
308 0 59 vaux-sur-somme
822 0 49 woignarue
804 0 113 rainneville
87 0 24 mouflers
737 0 48 cartigny
313 0 34 equennes-eramecourt
481 0 43 cerisy
215 0 43 montigny-sur-l-hallue
384 0 30 lihons
247 0 113 allenay
120 0 22 cayeux-en-santerre
168 0 61 harponville
126 0 38 rouy-le-petit
241 0 25 fleury-80
164 0 43 guyencourt-sur-noye
383 0 54 bourdon
256 0 40 tilloy-les-conty
295 0 39 frettemeule
802 0 61 allery
335 0 35 argoules
295 0 33 champien
148 0 24 folleville-80
408 0 57 contoire
392 0 33 boisle
186 0 35 sauvillers-mongival
1010 0 45 namps-maisnil
208 0 37 sentelie
467 0 69 thezy-glimont
169 0 33 framicourt
195 0 31 dominois
549 0 44 blangy-tronville
375 0 43 millencourt-en-ponthieu
1238 0 73 bray-sur-somme
1041 0 63 lancheres
541 0 66 bouzincourt
173 0 44 hallu
76 0 14 bazentin
474 0 75 bacouel-sur-selle
387 0 60 guillaucourt
369 0 57 tilloloy
860 0 41 vron
364 0 35 hem-hardinval
45 0 24 cizancourt
93 0 28 inval-boiron
462 0 29 boismont-80
1954 0 230 chaulnes
681 0 44 monchy-lagache
414 0 64 saint-maxent
348 0 78 neufmoulin
224 0 35 villers-les-roye
869 0 77 arrest
546 0 73 herissart
367 0 59 halloy-les-pernois
131 0 40 guillemont
103 0 28 bealcourt
519 0 72 bouquemaison
480 0 80 bellancourt
150 0 29 fonches-fonchette
136 0 32 ercourt
138 0 20 rogy
259 0 24 noyelles-en-chaussee
43 0 8 gorges-80
495 0 52 sailly-saillisel
394 0 30 morvillers-saint-saturnin
283 0 34 senlis-le-sec
303 0 31 outrebois
279 0 46 ville-sur-ancre
518 0 109 saint-vaast-en-chaussee
250 0 46 bray-les-mareuil
301 0 32 yvrench
158 0 32 chuignolles
268 0 34 louvencourt
105 0 57 brevillers-80
243 0 108 treux
293 0 45 grattepanche
7887 0 556 peronne-80
95 0 64 montonvillers
175 0 28 hervilly
382 0 48 pertain
112 0 13 autheux
1089 0 87 marcelcave
773 0 89 daours
140 0 16 limeux-80
85 0 31 y
447 0 81 cardonnette
295 0 31 bosquel
191 0 28 beaucamps-le-jeune
1697 0 283 ault
124 0 55 biencourt
4541 0 512 friville-escarbotin
1094 0 63 bernaville
365 0 30 morlancourt
54 0 24 breuil-80
1437 0 286 beaucamps-le-vieux
40 0 21 buverchy
420 0 93 havernas
583 0 67 neuville-coppegueule
2195 0 285 pont-de-metz
244 0 54 guignemicourt
148 0 26 esclainvillers
185 0 35 soyecourt
65 0 19 grivillers
123 0 21 fresnes-mazancourt
135 0 23 vermandovillers
520 0 74 matigny
454 0 45 framerville-rainecourt
193 0 26 arry-80
1093 0 56 talmas
659 0 64 plessier-rozainvillers
623 0 58 athies-80
324 0 98 forest-l-abbaye
166 0 34 verpillieres
286 0 47 coisy
629 0 53 fienvillers
762 0 75 rubempre
585 0 50 chaussoy-epagny
417 0 43 ovillers-la-boisselle
845 0 78 aigneville
226 0 21 saint-aubin-montenoy
1416 0 68 hallencourt
341 0 26 domvast
99 0 41 cardonnois
133 0 46 bethencourt-sur-somme
1239 0 156 etoile-80
2501 0 323 nesle
6119 0 486 montdidier-80
623 0 77 bettencourt-saint-ouen
176 0 27 laucourt
539 0 35 fontaine-sur-somme
1357 0 131 picquigny
384 0 29 tincourt-boucly
88 0 13 eclusier-vaux
805 0 56 ercheu
673 0 67 querrieu
23 0 9 grecourt
117 0 23 heucourt-croquoison
2817 0 283 gamaches
241 0 43 omiecourt
66 0 27 brassy-80
149 0 24 herleville
1470 0 95 harbonnieres
6326 0 406 roye-80
53 0 12 courcelles-sous-thoix
103 0 25 hancourt
155 0 60 cremery
245 0 31 buire-courcelles
137 0 30 villers-campsart
155 0 26 marquivillers
288 0 52 carrepuis
337 0 41 bussy-les-daours
1664 0 32 hornoy-le-bourg
395 0 56 licourt
155 0 23 faverolles-80
470 0 58 thennes
7 0 2 mereaucourt
4186 0 913 salouel
185 0 63 rancourt-80
853 0 49 loeuilly
176 0 43 eterpigny-80
105 0 27 mazis
522 0 36 puchevillers
164 0 15 moyencourt-les-poix
119 0 28 remaugies
281 0 47 estrees-sur-noye
356 0 52 sailly-le-sec
188 0 40 beaufort-en-santerre
109 0 28 rouy-le-grand
142 0 25 fricamps
172 0 33 thory-80
228 0 88 grebault-mesnil
768 0 64 rollot
515 0 40 maisnieres
358 0 40 jumel
174 0 30 roiglise
161 0 27 villers-tournelle
96 0 23 courtemanche
104 0 41 marestmontiers
283 0 55 sourdon
496 0 50 aubigny-80
24155 0 914 abbeville
534 0 28 clery-sur-somme
213 0 28 bettencourt-riviere
83 0 45 bayencourt
256 0 45 cerisy-buleux
251 0 41 cachy
391 0 48 etelfay
78 0 23 boussicourt
167 0 26 franqueville-80
419 0 159 berteaucourt-les-thennes
346 0 33 bonneville-80
182 0 36 tertry
707 0 50 miraumont
577 0 87 epagne-epagnette
300 0 31 cramont
2410 0 300 saleux
1752 0 73 conty
892 0 88 plachy-buyon
848 0 124 bouvaincourt-sur-bresle
128 0 21 guizancourt
520 0 40 heudicourt-80
2976 0 117 boves
171 0 35 nesle-l-hopital
93 0 32 wargnies
661 0 52 chaussee-tirancourt
4187 0 288 villers-bretonneux
424 0 37 vaux-en-amienois
3435 0 539 rivery
164 0 45 becordel-becourt
393 0 30 saigneville
193 0 24 vergies
349 0 63 liercourt
111 0 37 carnoy
49 0 13 herly-80
183 0 18 riencourt
1322 0 191 saint-quentin-la-motte-croix-au-bailly
170 0 24 quivieres
382 0 34 estrees-les-crecy
403 0 77 hargicourt-80
142 0 24 curlu
315 0 21 thieulloy-l-abbaye
386 0 80 buigny-les-gamaches
382 0 27 eplessier
1450 0 346 woincourt
441 0 41 cottenchy
460 0 132 ferrieres-80
268 0 37 sancourt-80
159 0 26 yvrencheux
272 0 37 rouvrel
285 0 41 foucaucourt-en-santerre
253 0 67 puzeaux
250 0 42 bonnay-80
166 0 45 pargny
84 0 16 montigny-les-jongleurs
198 0 26 rouvroy-en-santerre
87 0 15 vraignes-les-hornoy
210 0 34 villeroy-80
751 0 188 saveuse
137 0 14 contre-80
122 0 26 chuignes
637 0 64 proyart
251 0 12 nampont
174 0 38 camps-en-amienois
168 0 24 meillard-80
113 0 36 saint-aubin-riviere
630 0 57 dompierre-becquincourt
72 0 24 foucaucourt-hors-nesle
77 0 37 longuevillette
623 0 331 tully
424 0 50 allaines
157 0 26 lesboeufs
300 0 30 authie-80
455 0 80 vrely
284 0 31 domleger-longvillers
732 0 61 caix
1241 0 78 nouvion
578 0 108 embreville
119 0 36 thieulloy-la-ville
507 0 43 davenescourt
912 0 117 saint-sauflieu
519 0 15 hescamps
211 0 43 damery-80
517 0 35 toutencourt
102 0 25 hedauville
192 0 58 henencourt
135 0 37 bouillancourt-la-bataille
119 0 33 bresle
307 0 40 fresnoy-les-roye
85 0 22 cannessieres
86 0 42 courcelles-au-bois
321 0 41 villers-carbonnel
1056 0 146 beauchamps-80
113 0 34 lignieres-en-vimeu
788 0 41 esmery-hallon
108 0 26 cantigny
103 0 21 gueudecourt
391 0 56 bovelles
742 0 86 pont-noyelles
826 0 57 beuvraignes
48 0 16 coigneux
604 0 68 voyennes
1773 0 174 roisel
256 0 55 ramburelles
1329 0 154 doingt
207 0 42 languevoisin-quiquery
3157 0 209 ailly-sur-somme
1318 0 101 fort-mahon-plage
663 0 57 huchenneville
169 0 31 gratibus
895 0 82 ailly-le-haut-clocher
381 0 40 heilly
118 0 30 fay-80
186 0 29 brutelles
191 0 32 maizicourt
145 0 21 bus-la-mesiere
83 0 19 boisbergues
149 0 26 fransu
241 0 27 mesnil-martinsart
3145 0 108 rue
938 0 94 saint-fuscien
2818 0 268 saint-valery-sur-somme
108 0 39 fossemanant
604 0 98 caours
1267 0 115 dury-80
338 0 46 buigny-l-abbe
483 0 93 prouzel
182 0 29 frise
131 0 19 courcelles-sous-moyencourt
443 0 66 dernancourt
181 0 81 lealvillers
300 0 36 bussus-bussuel
189 0 30 villers-sous-ailly
1047 0 60 candas
282 0 33 longueval
1312 0 178 chepy-80
143 0 62 mirvaux
169 0 26 flers-80
2066 0 100 flesselles
510 0 57 ville-le-marclet
321 0 49 estrees-deniecourt
278 0 19 bailleul-80
748 0 58 arvillers
495 0 44 demuin
129 0 22 folies
422 0 49 domart-sur-la-luce
53 0 14 saulchoy-sous-poix
158 0 21 briquemesnil-floxicourt
90 0 18 driencourt
154 0 21 heuzecourt
310 0 48 sailly-laurette
169 0 20 erches
4590 0 355 camon-80
807 0 52 warloy-baillon
2924 0 225 rosieres-en-santerre
578 0 82 meharicourt
248 0 30 fresnoy-au-val
757 0 57 belloy-sur-somme
829 0 126 muille-villette
233 0 28 warlus-80
143 0 24 dancourt-popincourt
350 0 56 lamotte-buleux
141 0 19 hallivillers
143 0 22 lignieres-80
382 0 30 oneux
429 0 84 hailles
412 0 34 villers-sur-authie
334 0 33 bouchavesnes-bergen
436 0 48 croixrault
285 0 48 bouchoir
239 0 20 brailly-cornehotte
866 0 79 drucat
183 0 36 billancourt
364 0 79 authieule
116 0 21 irles
268 0 90 forceville-en-vimeu
4991 0 525 ham-80
162 0 29 fouquescourt
737 0 91 bourseville
109 0 16 metigny
616 0 55 mailly-maillet
216 0 50 lamotte-brebiere
58 0 16 aizecourt-le-bas
704 0 56 hangest-sur-somme
1257 0 60 moislains
802 0 74 huppy
1664 0 206 longpre-les-corps-saints
1550 0 27 crecy-en-ponthieu
85 0 20 longavesnes
86 0 29 hyencourt-le-grand
413 0 100 houssoye-80
147 0 11 fremontiers
304 0 73 moyencourt
71 0 34 marche-allouarde
265 0 52 yzeux
207 0 21 cocquerel
152 0 34 berny-en-santerre
349 0 50 brie-80
228 0 27 andainville
48 0 13 fontaine-les-cappy
531 0 55 mons-boubert
97 0 24 fresnoy-andainville
84 0 77 saint-leger-sur-bresle
213 0 41 baizieux
468 0 88 marchelepot
108 0 28 fresnoy-en-chaussee
943 0 142 saint-blimont
385 0 52 gauville-80
256 0 43 wiencourt-l-equipee
1870 0 265 saint-leger-les-domart
514 0 107 franvillers
275 0 44 vauvillers-80
61 0 16 thievres-80
126 0 39 neuville-les-loeuilly
179 0 39 fourcigny
611 0 66 ribemont-sur-ancre
19 0 8 armancourt-80
130 0 39 misery
716 0 172 friaucourt
190 0 32 francieres-80
250 0 101 pierregot
121 0 25 wiry-au-mont
178 0 29 mesnil-saint-georges
66 0 14 offignies
129 0 39 machy-80
265 0 34 andechy
239 0 60 yonval
193 0 32 agenvillers
1400 0 154 saint-sauveur-80
457 0 36 favieres-80
129 0 22 auchonvillers
120 0 15 chirmont
145 0 20 laboissiere-en-santerre
129 0 18 occoches
1171 0 65 domart-en-ponthieu
124 0 28 thiepval
211 0 34 bertrancourt
222 0 35 gorenflos
153 0 33 bouchon
114 0 34 agenville
528 0 42 acheux-en-vimeu
94 0 34 mouflieres
528 0 47 etricourt-manancourt
658 0 71 long
2257 0 260 fressenneville
194 0 43 herbecourt
152 0 19 arqueves
131 0 11 thoix
286 0 200 quesne
81 0 22 aizecourt-le-haut
45 0 11 etrejust
257 0 22 gapennes
274 0 36 morcourt-80
343 0 48 rethonvillers
145 0 28 fescamps
90 0 43 neslette
53 0 19 devise
525 0 94 gentelles
235 0 43 ribeaucourt-80
78 0 25 punchy
352 0 28 piennes-onvillers
2805 0 110 ailly-sur-noye
365 0 19 grivesnes
518 0 85 hautvillers-ouville
280 0 40 fins-80
141 0 35 rubescourt
160 0 24 machiel
456 0 46 behen
111 0 15 ponches-estruval
186 0 38 remiencourt
165 0 22 mametz-80
28 0 9 saint-acheul
72 0 24 surcamps
347 0 44 belleuse
5686 0 1662 longueau
275 0 30 toeufles
48 0 9 avelesges
396 0 52 martainneville
352 0 53 dommartin-80
430 0 42 forest-montiers
265 0 28 ablaincourt-pressoir
142 0 22 brucamps
263 0 26 douilly
6388 0 393 corbie
737 0 64 quesnel
223 0 39 translay
216 0 39 caulieres
322 0 34 coullemelle
104 0 17 becquigny-80
280 0 25 maison-ponthieu
204 0 65 neuvillette-80
86 0 13 belloy-saint-leonard
207 0 29 yaucourt-bussus
223 0 30 braches
1152 0 70 pende
720 0 57 cambron
384 0 85 titre
162 0 40 meigneux-80
264 0 35 barleux
41 0 22 woirel
1014 0 95 sailly-flibeaucourt
144 0 19 assainvillers
230 0 44 ligescourt
240 0 43 oissy
263 0 31 guerbigny
512 0 19 lafresguimont-saint-martin
302 0 41 mesnil-bruntel
517 0 70 buigny-saint-maclou
123 0 21 contalmaison
581 0 74 rumigny-80
154 0 79 bouvincourt-en-vermandois
187 0 27 chipilly
236 0 40 millencourt
219 0 28 montauban-de-picardie
136 0 27 hiermont
196 0 22 saint-germain-sur-bresle
191 0 26 mericourt-sur-somme
838 0 75 oresmaux
110 0 32 fresneville
415 0 106 liomer
110 0 21 pys
216 0 30 cahon
567 0 70 brouchy
569 0 80 acheux-en-amienois
307 0 48 fluy
333 0 35 grand-laviers
141 0 33 fransures
121 0 13 fontaine-sous-montdidier
166 0 30 belloy-en-santerre
248 0 68 hattencourt
2407 0 206 poix-de-picardie
159 0 23 bergicourt
214 0 22 parvillers-le-quesnoy
269 0 39 vaire-sous-corbie
141 0 14 regniere-ecluse
125 0 16 bavelincourt
571 0 132 pierrepont-sur-avre
6 0 3 epecamps
738 0 74 combles
137 0 31 villers-aux-erables
239 0 26 monsures
334 0 45 molliens-au-bois
271 0 64 neuville-sire-bernard
72 0 13 hardecourt-aux-bois
40 0 20 domesmont
30 0 11 arguel-80
260 0 41 estreboeuf
1252 0 236 cagny-80
175 0 29 beaucourt-en-santerre
1165 0 251 berteaucourt-les-dames
639 0 121 valines
2145 0 95 beauval
146 0 37 marlers
98 0 62 laleu-80
141 0 21 mesnil-en-arrouaise
54 0 10 echelle-saint-aurin
2028 0 466 saint-ouen-80
98 0 27 beaucourt-sur-l-ancre
188 0 21 suzanne-80
2304 0 92 airaines
95 0 17 goyencourt
201 0 53 merelessart
881 0 65 tours-en-vimeu
559 0 34 bouillancourt-en-sery
321 0 64 doudelainville
393 0 39 rambures
188 0 22 grandcourt-80
41 0 14 ugny-l-equipee
146 0 24 feuilleres
211 0 107 ergnies
254 0 46 beaucourt-sur-l-hallue
324 0 61 buire-sur-l-ancre
96 0 17 dromesnil
469 0 81 breilly
1866 0 325 fouilloy-80
1344 0 67 beauquesne
39 0 13 remaisnil
571 0 83 mesnil-saint-nicaise
137 0 30 etalon
232 0 63 fouencamps
1861 0 375 eppeville
151 0 38 velennes-80
188 0 22 beaumont-hamel
306 0 9 saint-quentin-en-tourmont
437 0 27 quesnoy-sur-airaines
95 0 27 mesnil-domqueur
773 0 38 noyelles-sur-mer
463 0 59 saint-christ-briost
530 0 51 argoeuves
92 0 21 colincamps
150 0 50 fransart
404 0 57 gezaincourt
895 0 98 mareuil-caubert
501 0 75 aveluy
172 0 48 fresnes-tilloloy
284 0 106 terramesnil
584 0 82 quesnoy-le-montant
570 0 102 glisy
90 0 20 saint-leger-les-authie
676 0 96 senarpont
355 0 43 bayonvillers
840 0 66 nibas
155 0 72 lavieville
113 0 14 cressy-omencourt
190 0 37 creuse-80
96 0 39 brocourt
598 0 66 grouches-luchuel
119 0 36 potte
319 0 43 flaucourt
173 0 21 sorel
170 0 47 authuille
239 0 36 essertaux
328 0 25 gueschart
305 0 34 prouville
182 0 19 lawarde-mauger-l-hortoy
4025 0 171 moreuil
114 0 24 vercourt
323 0 42 neuilly-l-hopital
204 0 28 varennes-80
133448 0 2698 amiens
287 0 52 assevillers
233 0 41 frechencourt
217 0 30 offoy-80
2509 0 314 feuquieres-en-vimeu
556 0 163 yzengremer
893 0 86 conde-folie
195 0 30 conteville-80
172 0 58 neuville-au-bois
725 0 64 vers-sur-selles
143 0 16 soues-80
1318 0 122 meaulte
9774 0 708 albert
135 0 32 warvillers
451 0 44 bougainville
128 0 20 falvy
100 0 16 poeuilly
544 0 37 revelles
270 0 66 neuville-les-bray
646 0 111 oust-marest
2736 0 104 cayeux-sur-mer
173 0 37 ayencourt
347 0 31 etinehem
224 0 31 frohen-sur-authie
301 0 74 meneslies
240 0 25 coulonvillers
1042 0 353 bethencourt-sur-mer
237 0 57 bermesnil
1271 0 100 poulainville
131 0 27 vauchelles-les-authie
330 0 34 fieffes-montrelet
293 0 43 raincheval
658 0 57 villers-faucon
122 0 25 epaumesnil
57 0 15 hesbecourt
73 0 28 lamaronde
385 0 58 nurlu
73 0 19 aubercourt
34 0 7 bernatre
288 0 43 pissy
133 0 26 guyencourt-saulcourt
325 0 41 equancourt
123 0 33 hem-monacu
116 0 33 epenancourt
561 0 74 ronssoy
138 0 26 frucourt
2372 0 81 vignacourt
94 0 21 bussy-les-poix
66 0 11 ginchy
99 0 20 vadencourt-80
77 0 19 vaux-marquenneville
166 0 22 maricourt
193 0 24 blangy-sous-poix
314 0 53 morchain
1200 0 69 epehy
194 0 46 saint-mard-80
473 0 79 hamelet
716 0 81 pernois
250 0 77 pozieres
187 0 21 mesge
72 0 13 frettecuisse
169 0 24 montagne-fayel
760 0 73 allonville
1017 0 131 bouttencourt
165 0 39 vraignes-en-vermandois
114 0 24 vitz-sur-authie
290 0 34 domqueur
403 0 86 flers-sur-noye
626 0 66 lamotte-warfusee
347 0 38 fourdrinoy
118 0 18 hangard
506 0 100 hebecourt-80
101 0 20 neuilly-le-dien
1170 0 117 sains-en-amienois
844 0 37 molliens-dreuil
202 0 41 chilly-80
142 0 21 fignieres
278 0 70 ochancourt
1300 0 354 dargnies
618 0 60 canaples
614 0 31 ponthoile
255 0 30 humbercourt
339 0 51 lignieres-chatelain
308 0 44 quiry-le-sec
1273 0 400 dreuil-les-amiens
387 0 47 tilloy-floriville
231 0 23 faloise
59 0 25 sainte-segree
62 0 32 chavatte
68 0 27 chapelle-80
368 0 43 contay
1025 0 67 hangest-en-santerre
540 0 45 cappy
2219 0 135 crotoy
158 0 42 maucourt-80
417 0 18 dompierre-sur-authie
275 0 42 citerne
2960 0 549 mers-les-bains
227 0 31 saisseval
64 0 26 biarre
1421 0 143 pont-remy
507 0 126 erondelle
253 0 52 vicogne
271 0 42 liancourt-fosse
427 0 32 vismes
569 0 37 estrees-mons
131 0 26 aubvillers
323 0 33 curchy
585 0 68 bertangles
143 0 19 templeux-la-fosse
62 0 28 villecourt
162 0 45 seux
236 0 57 sorel-en-vimeu
219 0 34 ennemain
