53
82



1 3 12121
1 11 1208
2 3 54224
2 39 4518
3 9 3637
3 11 13230
3 31 5248
3 34 4222
3 39 36529
4 36 5098
4 37 268
5 6 2546
5 20 546
6 30 1041
7 12 669
7 16 638
8 11 10999
8 28 569
8 40 4369
9 11 2913
9 16 583
9 27 1597
10 27 658
10 42 1010
11 28 1805
11 31 2023
11 40 3001
12 16 5874
12 18 2487
13 33 2761
13 41 1267
14 31 7323
14 32 2265
15 26 1851
15 31 22744
15 32 6386
16 18 5687
16 34 5481
17 37 933
17 51 878
18 33 2787
18 42 399
19 49 1093
19 52 1032
20 21 3334
20 29 2069
21 29 1741
22 23 12724
22 24 5425
22 25 1487
23 24 12247
23 38 3033
24 25 1510
25 38 732
26 31 3565
29 30 3045
29 31 965
29 34 3816
31 32 43647
34 43 155073
34 48 140561
34 51 113690
34 52 115670
35 36 3351
35 38 1369
37 43 5855
37 47 4430
41 42 990
43 46 6061
44 45 4375
44 46 4478
44 50 5386
45 46 4655
45 50 5488
45 53 5459
46 47 4832
46 53 5524
47 53 5604
48 49 4932
48 50 6524
49 50 5081
51 52 4736



343304 0 4773 nice
141438 0 760 aix-en-provence
850726 0 3535 marseille
108954 0 4239 caen
151212 0 3741 dijon
116914 0 1797 besancon
141303 0 2854 brest
142205 0 878 nîmes
441802 0 3734 toulouse
239157 0 4845 bordeaux
257351 0 4524 montpellier
207178 0 4111 rennes
134817 0 3888 tours
155637 0 8584 grenoble
171260 0 2141 saint-etienne
284970 0 4371 nantes
114167 0 4154 orleans
147571 0 3455 angers
179992 0 3837 reims
105421 0 7023 nancy
120738 0 2878 metz
94713 0 7158 roubaix
227560 0 6533 lille
91923 0 6051 tourcoing
92005 0 2096 dunkerque
139860 0 3277 clermont-ferrand
81166 0 2575 pau
117419 0 1724 perpignan
271782 0 3472 strasbourg
109588 0 4940 mulhouse
484344 0 10117 lyon
145150 0 9996 villeurbanne
142626 0 2700 le-mans
2243833 0 21288 paris
110933 0 5188 rouen
175497 0 3737 havre
86110 0 3289 versailles
133448 0 2698 amiens
164532 0 3840 toulon
89683 0 1381 avignon
87697 0 2082 poitiers
139150 0 1783 limoges
114205 0 18509 boulogne-billancourt
82327 0 17080 asnieres-sur-seine
85398 0 10934 colombes
87469 0 20975 courbevoie
89185 0 7316 nanterre
102770 0 11521 montreuil-93
82120 0 5069 aulnay-sous-bois
106785 0 8639 saint-denis-93
85413 0 7319 vitry-sur-seine
89985 0 7852 creteil
103125 0 5988 argenteuil
