197
306



1 102 429
1 106 439
1 109 289
2 84 495
2 86 511
3 50 206
3 92 855
4 54 233
4 55 944
5 8 1209
5 9 1255
6 8 1887
6 9 2075
7 8 1933
7 9 1879
7 133 1758
8 9 1108
8 132 467
9 10 9696
10 18 12121
10 134 3782
11 68 1402
11 69 244
12 68 915
12 69 414
12 140 402
13 45 523
13 129 616
14 45 1616
14 97 1378
15 17 1008
15 19 866
15 21 1131
15 22 726
16 18 54224
16 22 2698
16 134 4518
17 22 733
18 20 21688
18 37 10423
18 47 13230
18 55 3044
18 113 4222
18 134 36529
19 37 3124
19 136 1807
20 22 626
21 22 889
23 67 349
23 115 5098
24 138 315
24 139 678
25 126 1009
25 137 845
26 50 642
26 56 295
26 76 519
27 130 167
27 139 910
28 30 2546
28 68 508
28 98 725
28 107 734
28 109 1433
29 48 1012
29 49 464
30 141 930
31 32 717
31 54 413
32 136 544
33 114 1604
33 121 347
33 124 699
34 122 706
34 124 344
35 36 2297
35 72 762
36 48 669
36 61 638
37 38 1933
37 47 10999
37 104 1477
37 107 437
37 136 4369
38 136 726
39 40 9441
39 130 596
40 41 2373
40 47 2913
40 57 809
40 96 1359
40 129 3461
40 130 7068
41 61 903
42 43 1468
42 44 1668
43 44 2377
45 46 1131
45 97 1167
46 47 4917
48 49 1726
48 61 5874
48 66 2487
48 70 1857
48 73 1154
49 67 130
50 56 241
51 52 3004
51 56 1534
52 56 384
53 54 795
53 55 3487
53 112 229
54 55 3448
55 107 2265
55 111 2561
56 64 1232
57 58 3676
57 104 22744
57 107 6386
58 101 762
59 92 704
59 102 339
59 103 272
60 61 7435
60 62 1011
60 63 923
61 62 6822
61 66 5687
61 110 1610
62 63 706
62 65 507
62 137 426
63 72 358
64 143 594
65 66 2051
65 70 212
65 138 395
66 110 2787
68 69 2624
68 80 1379
68 98 594
68 113 23764
69 74 310
69 75 99
71 74 3334
71 75 637
72 73 859
74 75 2251
76 140 138
77 78 2441
77 79 3749
77 82 5425
77 85 2244
78 82 2350
79 82 3622
79 85 1529
80 81 2822
80 84 4045
80 85 5490
80 88 2943
80 91 3541
80 113 12457
81 84 712
83 89 2335
83 90 771
84 91 776
86 117 519
86 173 350
87 127 1771
87 194 939
87 197 783
88 91 784
88 127 1343
89 90 1333
89 91 278
90 91 162
93 95 310
93 96 1245
94 95 1055
94 96 112
95 96 90
98 100 3045
98 141 924
99 100 2647
99 141 716
100 141 2002
101 105 1555
101 108 1418
102 103 697
102 104 7574
103 104 12318
103 106 1038
104 107 43647
105 108 1001
106 107 3718
106 108 984
107 108 3467
110 115 892
111 112 992
113 115 12525
114 124 830
116 117 1353
116 170 2053
116 182 1270
117 167 1019
118 170 1365
118 190 1632
119 143 936
119 145 636
120 151 2456
120 196 3250
121 124 750
121 125 942
121 194 1252
122 149 2337
122 154 5855
123 125 852
123 194 1232
124 194 1114
125 162 2164
125 194 1279
126 138 884
128 129 722
128 130 520
131 134 4984
131 135 1764
132 133 873
134 135 6312
138 139 990
142 143 1387
142 145 1153
143 145 910
144 145 929
144 152 1627
144 163 973
146 157 3368
146 160 1793
147 151 2209
147 160 1307
148 150 2109
148 163 1246
149 150 1808
149 154 3200
150 154 4579
150 163 1523
151 160 2306
151 162 4418
152 163 1444
153 155 3303
153 157 3501
153 159 2364
154 160 3304
155 159 3026
155 177 2408
156 157 4655
156 196 5459
157 162 4832
158 163 1153
158 188 1668
159 161 1511
159 177 1731
161 179 1406
161 196 2639
164 169 2526
164 171 1807
164 175 1282
165 167 1298
165 168 2550
166 176 2615
166 187 3107
167 168 2120
167 173 914
167 182 1011
168 173 1825
169 171 5057
169 179 3601
170 182 1518
171 175 2566
172 178 1326
172 183 1307
174 175 1594
174 178 1587
176 178 1361
176 182 992
176 183 1361
178 180 2201
178 181 1705
179 197 1930
180 181 2135
181 195 1271
183 187 1597
184 189 2353
184 191 1586
184 192 1461
185 189 2177
185 192 1341
186 190 3520
186 193 4184
188 191 1996
188 192 1810
189 191 3053
189 192 2811
190 193 4181
192 193 2960
195 197 1448



40088 0 1680 bourg-en-bresse
55978 0 2481 saint-quentin
38402 0 1857 montlucon
39744 0 359 gap
51036 0 1148 grasse
74120 0 2799 antibes
73234 0 3732 cannes
42320 0 5488 cannet-06
47141 0 2626 cagnes-sur-mer
343304 0 4773 nice
49810 0 1584 charleville-mezieres
60280 0 4566 troyes
47419 0 728 carcassonne
51039 0 295 narbonne
42544 0 374 istres
141438 0 760 aix-en-provence
43152 0 613 salon-de-provence
850726 0 3535 marseille
52661 0 69 arles
46423 0 845 aubagne
47544 0 665 martigues
35021 0 957 vitrolles-13
108954 0 4239 caen
41613 0 1904 angouleme
75170 0 2644 rochelle-17
66381 0 965 bourges
48949 0 1007 brive-la-gaillarde
151212 0 3741 dijon
46209 0 2111 saint-brieuc
116914 0 1797 besancon
63405 0 1728 valence-26
35314 0 754 montelimar
50537 0 1909 evreux
38931 0 2310 chartres
63550 0 752 quimper
141303 0 2854 brest
142205 0 878 nîmes
41205 0 1779 ales
35186 0 1689 colomiers
441802 0 3734 toulouse
239157 0 4845 bordeaux
40600 0 4862 talence
58025 0 1494 pessac
66142 0 1373 merignac-33
70955 0 743 beziers
42774 0 1766 sete
257351 0 4524 montpellier
207178 0 4111 rennes
46342 0 1266 saint-malo
46140 0 1806 chateauroux
134817 0 3888 tours
35976 0 1110 joue-les-tours
36177 0 3906 saint-martin-d-heres
35748 0 4548 echirolles
155637 0 8584 grenoble
46492 0 1241 blois
171260 0 2141 saint-etienne
35793 0 652 saint-chamond
36806 0 2283 roanne
43153 0 1437 saint-herblain
284970 0 4371 nantes
38425 0 2788 reze
67031 0 1432 saint-nazaire-44
114167 0 4154 orleans
54098 0 618 cholet
147571 0 3455 angers
38433 0 2695 cherbourg-octeville
179992 0 3837 reims
45299 0 1738 chalons-en-champagne
50940 0 1488 laval-53
105421 0 7023 nancy
57204 0 3272 lorient
52515 0 1625 vannes
120738 0 2878 metz
41015 0 822 thionville
36762 0 2121 nevers
94713 0 7158 roubaix
41541 0 3090 wattrelos
63572 0 2315 villeneuve-d-ascq
227560 0 6533 lille
43335 0 3135 valenciennes
91923 0 6051 tourcoing
92005 0 2096 dunkerque
42197 0 2499 douai
38947 0 2774 marcq-en-baroeul
40517 0 763 compiegne
54711 0 1642 beauvais
41611 0 3577 arras
73636 0 2198 calais
43070 0 5115 boulogne-sur-mer
35032 0 2994 lens
139860 0 3277 clermont-ferrand
81166 0 2575 pau
44820 0 2067 bayonne
38032 0 1412 anglet
43034 0 2807 tarbes
117419 0 1724 perpignan
271782 0 3472 strasbourg
67615 0 1015 colmar
109588 0 4940 mulhouse
59855 0 3904 venissieux
35326 0 3726 villefranche-sur-saone
41209 0 3943 caluire-et-cuire
484344 0 10117 lyon
41964 0 1412 saint-priest-69
41421 0 1977 vaulx-en-velin
145150 0 9996 villeurbanne
38717 0 3758 bron
44985 0 2955 chalon-sur-saone
142626 0 2700 le-mans
57342 0 2731 chambery
50379 0 3690 annecy
2243833 0 21288 paris
110933 0 5188 rouen
175497 0 3737 havre
52779 0 3319 chelles-77
50755 0 3394 meaux
35561 0 2607 pontault-combault
39589 0 4924 melun
51150 0 6046 sartrouville
37680 0 2837 poissy
86110 0 3289 versailles
35380 0 3573 conflans-sainte-honorine
42969 0 4580 mantes-la-jolie
40481 0 838 saint-germain-en-laye
57325 0 840 niort
133448 0 2698 amiens
48916 0 1105 albi
42314 0 431 castres-81
56271 0 416 montauban
54600 0 412 hyeres
36391 0 677 draguignan
51839 0 506 frejus
164532 0 3840 toulon
62082 0 2800 seyne-sur-mer
89683 0 1381 avignon
52664 0 601 roche-sur-yon
87697 0 2082 poitiers
139150 0 1783 limoges
36200 0 724 auxerre
50078 0 2928 belfort
52135 0 6258 evry-91
43086 0 3913 corbeil-essonnes
42258 0 4481 massy-91
36842 0 5285 savigny-sur-orge
61754 0 16556 neuilly-sur-seine
44753 0 14029 puteaux
52546 0 5991 clamart
45058 0 4551 meudon
64355 0 15142 issy-les-moulineaux
79426 0 5403 rueil-malmaison
61793 0 6463 antony
64253 0 26660 levallois-perret
114205 0 18509 boulogne-billancourt
82327 0 17080 asnieres-sur-seine
85398 0 10934 colombes
87469 0 20975 courbevoie
48597 0 23476 montrouge
58916 0 19128 clichy
46723 0 12327 suresnes
41364 0 3553 gennevilliers
89185 0 7316 nanterre
38080 0 9088 bagneux-92
38007 0 5054 courneuve
49832 0 6845 sevran
102770 0 11521 montreuil-93
41808 0 5665 livry-gargan
82120 0 5069 aulnay-sous-bois
106785 0 8639 saint-denis-93
62964 0 4862 noisy-le-grand
76087 0 13209 aubervilliers
39733 0 7883 noisy-le-sec
35658 0 3438 villepinte-93
47492 0 7015 bobigny
54136 0 10805 pantin
41050 0 6945 rosny-sous-bois
47189 0 10948 saint-ouen-93
53530 0 9786 bondy
54518 0 11929 epinay-sur-seine
66410 0 8557 drancy
51438 0 6389 blanc-mesnil
39056 0 5718 gagny
53145 0 9524 fontenay-sous-bois
44201 0 12043 alfortville
40905 0 7533 choisy-le-roi
74816 0 6650 saint-maur-des-fosses
48471 0 25377 vincennes
55490 0 10391 villejuif
85413 0 7319 vitry-sur-seine
75510 0 6682 champigny-sur-marne
57732 0 9464 ivry-sur-seine
52943 0 9895 maisons-alfort
89985 0 7852 creteil
56988 0 4891 cergy
40012 0 7314 garges-les-gonesse
103125 0 5988 argenteuil
58614 0 6936 sarcelles
