283
435



1 73 29
1 189 5
2 36 1
2 102 1
2 162 1
3 58 1
3 189 3
3 214 2
4 45 1
4 70 1
4 94 3
4 101 1
4 200 1
5 39 1
5 273 6
6 91 3
6 97 9
6 111 6
6 270 1
7 71 2
7 174 3
7 230 2
8 109 1
8 201 3
8 277 4
9 69 1
9 128 1
9 162 1
10 117 1
10 271 1
11 20 1
11 251 3
12 173 9
12 230 4
13 35 1
13 127 1
13 272 1
14 74 1
14 99 2
14 179 2
14 283 2
15 199 1
15 217 1
15 256 1
16 66 1
16 234 1
17 53 1
17 65 1
17 67 1
18 73 88
18 115 89
18 274 929
19 184 4
19 187 3
20 23 1
20 233 1
20 251 2
21 137 2
21 268 1
22 183 12
22 242 6
23 110 1
24 40 1
24 63 1
24 163 1
25 35 14
25 116 35
25 121 15
25 160 53
26 67 3
26 99 2
26 214 3
27 203 4
27 232 1
27 277 3
28 215 1
28 230 1
29 56 1
29 172 1
30 34 1
30 55 1
30 95 1
31 60 2
31 81 21
31 136 12
32 205 1
32 221 1
33 38 1
33 206 1
33 255 1
34 97 3
35 116 14
35 121 6
35 167 4
36 66 1
37 44 3
37 138 3
37 198 1
37 240 26
38 255 1
39 255 1
39 273 4
40 125 3
40 163 1
40 236 15
41 238 1
41 269 1
42 80 1
42 201 1
43 203 3
43 265 1
44 138 2
44 139 1
44 240 18
44 280 1
45 94 3
45 213 1
46 104 5
46 113 7
46 211 25
47 72 1
47 98 3
47 108 1
48 151 1
48 173 1
48 216 1
49 171 1
49 191 1
50 196 1
50 200 1
50 213 1
51 86 5
51 264 8
52 112 1
52 197 1
53 280 1
54 84 7
54 248 18
55 97 9
55 154 28
56 142 1
57 106 1
57 224 2
57 261 1
58 67 2
58 159 1
58 214 2
59 140 8
59 156 11
59 248 49
59 254 19
60 272 1
61 193 1
61 226 2
62 123 1
62 233 1
62 251 4
63 79 1
63 228 1
64 93 7
64 211 17
64 225 6
65 67 1
66 234 1
66 237 1
67 78 1
68 149 1
68 194 1
68 262 1
69 102 1
69 128 1
69 168 2
69 195 2
70 82 1
70 200 1
71 131 1
71 215 1
72 98 1
72 108 1
72 212 1
73 279 17
74 90 1
75 111 14
75 120 15
75 122 10
76 89 7
76 112 2
76 254 4
77 85 3
77 120 4
77 122 3
77 173 4
77 216 1
78 257 1
79 87 2
79 125 3
79 249 4
80 277 1
81 136 14
81 201 8
82 172 1
83 93 19
83 225 15
83 247 13
84 245 5
85 103 4
85 111 5
85 186 1
86 264 5
87 195 2
87 228 1
87 249 4
88 205 6
88 222 5
89 248 17
90 99 1
90 218 1
91 105 1
91 180 4
92 263 1
92 275 1
94 180 10
95 111 3
96 117 1
96 171 1
97 130 9
97 154 46
97 180 13
98 212 1
98 226 11
98 283 5
99 214 2
100 206 1
100 255 1
101 200 1
102 236 14
103 261 2
104 113 2
105 178 1
105 270 1
106 131 1
106 244 1
107 123 6
107 141 21
107 188 18
107 251 30
109 209 1
110 168 4
110 235 1
110 251 7
111 120 7
112 197 1
112 222 1
113 165 1
114 171 1
114 276 2
115 265 11
116 160 54
117 271 1
118 132 38
118 144 80
118 223 622
119 190 3
119 220 1
119 277 3
120 122 5
121 126 13
122 173 5
123 143 1
124 246 2
124 265 1
126 274 530
127 167 1
127 204 1
129 205 1
129 207 1
130 184 5
130 250 1
130 256 2
131 215 1
132 144 14
133 174 9
133 203 16
133 239 3
133 241 3
133 277 14
134 224 10
134 261 7
135 147 1
135 174 1
135 209 1
137 181 3
137 276 4
138 244 1
139 280 1
140 229 1
141 143 2
141 231 8
141 264 9
142 263 1
144 245 11
145 178 1
145 180 3
146 157 10
146 177 12
146 202 11
146 279 9
147 174 1
148 153 1
148 192 2
148 243 5
149 153 1
149 169 1
149 176 1
150 227 10
150 268 5
151 186 1
151 230 1
152 155 17
152 190 18
152 265 7
154 240 89
155 190 8
155 272 2
156 185 5
156 222 1
156 248 6
156 254 2
157 202 3
157 252 1
158 159 2
158 240 17
159 189 2
159 240 14
160 192 14
161 179 1
161 252 1
163 182 1
163 266 1
164 199 1
164 269 1
165 207 1
166 205 1
166 207 1
166 221 1
167 282 8
168 210 4
169 176 1
169 243 4
169 253 2
170 193 1
170 226 2
171 181 5
171 271 2
172 263 2
172 281 1
173 230 4
174 277 4
175 217 1
175 257 1
175 275 1
177 194 1
177 202 3
178 196 1
179 182 1
179 283 2
180 196 1
181 191 1
181 268 6
183 185 23
183 205 8
183 242 15
184 187 3
185 229 3
185 254 9
187 224 2
187 238 1
188 231 7
188 260 6
191 259 1
192 243 4
192 258 3
193 221 1
196 213 1
197 229 1
198 244 1
199 217 1
203 277 7
204 282 3
205 242 4
206 208 4
206 263 2
206 281 1
208 226 8
208 263 5
208 267 2
210 234 2
210 235 2
211 223 308
214 279 3
218 279 1
219 224 1
219 269 1
220 232 1
221 267 1
222 254 3
223 236 483
224 261 1
225 247 4
226 263 5
227 268 11
227 271 6
230 261 1
231 247 5
231 260 5
234 235 1
235 237 1
238 269 1
239 241 1
240 274 1133
243 258 6
243 262 8
246 265 1
247 260 4
249 278 9
250 256 1
253 282 5
257 275 1
258 262 6
259 268 1
260 278 7
263 273 8
266 283 1
268 271 6
273 281 6



3602 0 177 loperhet
903 0 61 confort-meilars
1782 0 328 daoulas
1425 0 95 lanrivoare
1164 0 47 plounevezel
3212 0 94 plougasnou
2404 0 60 plounevez-lochrist
2284 0 128 kerlouan
498 0 44 guiler-sur-goyen
423 0 31 lothey
781 0 39 peumerit
3609 0 244 plouescat
762 0 90 guipronvel
1757 0 38 dineault
654 0 20 feuillee
748 0 86 primelin
583 0 25 trehou
10762 0 1673 relecq-kerhuon
2252 0 52 guiclan
539 0 54 treogat
2239 0 145 tremeven-29
2795 0 103 saint-yvi
674 0 42 plovan
810 0 70 kerlaz
7415 0 390 guilers
1959 0 33 hanvec
1803 0 189 drennec
923 0 61 saint-vougay
229 0 13 locmaria-berrien
808 0 950 locquenole
5293 0 225 lannilis
791 0 24 leuhan
748 0 25 saint-hernin
871 0 87 sainte-seve
3009 0 90 milizac
1064 0 30 beuzec-cap-sizun
2793 0 142 plouedern
741 0 34 motreff
939 0 37 kergloff
1717 0 58 plonevez-porzay
320 0 39 loc-eguiner-saint-thegonnec
692 0 82 saint-fregant
1400 0 124 saint-thonan
1902 0 157 roche-maurice
1369 0 62 guerlesquin
5376 0 79 briec
996 0 61 saint-segal
534 0 65 treflaouenan
1194 0 46 plourin
463 0 18 botsorhel
3689 0 124 plomeur
710 0 31 guilligomarc-h
281 0 29 treflevenez
4131 0 75 riec-sur-belon
2929 0 99 taule
742 0 19 plouye
1564 0 77 bodilis
1348 0 45 irvillac
11776 0 371 quimperle
600 0 102 treglonou
790 0 34 lennon
998 0 67 saint-jean-trolimon
740 0 51 juch
3486 0 141 saint-evarzec
212 0 17 saint-eloy
430 0 33 goulien
2227 0 38 sizun
365 0 83 trebabu
1337 0 65 landudec
802 0 11 scrignac
1165 0 65 lanhouarneau
440 0 220 port-launay
13178 0 281 plougastel-daoulas
140 0 14 tregarvan
6904 0 294 saint-pol-de-leon
2849 0 116 redene
1798 0 97 plougoulm
170 0 9 saint-rivoal
1635 0 71 guengat
707 0 90 kernoues
6393 0 147 plouguerneau
960 0 17 berrien
9155 0 279 fouesnant
2844 0 99 pont-aven
2418 0 78 plouenan
2378 0 293 treffiagat
1996 0 90 ploneis
5290 0 44 scaer
4057 0 116 clohars-carnoet
1002 0 29 rosnoen
1476 0 247 locquirec
579 0 28 cloître-pleyben
3327 0 179 foret-fouesnant
3293 0 47 plougonven
1298 0 130 henvic
507 0 166 île-de-batz
4759 0 303 saint-martin-des-champs-29
5213 0 250 chateaulin
1738 0 146 faou
1010 0 33 landeleau
192 0 10 bolazec
1523 0 50 poullan-sur-mer
2763 0 77 plouvorn
1653 0 81 landrevarzec
952 0 50 guimaec
720 0 69 saint-servais-29
8322 0 457 pont-l-abbe
826 0 20 loperec
813 0 225 brignogan-plage
1980 0 118 pouldreuzic
3189 0 353 carantec
1403 0 41 arzano
2112 0 52 edern
2171 0 82 lanmeur
13403 0 303 guipavas
7515 0 564 saint-renan
346 0 29 loc-eguiner
19048 0 463 concarneau
1350 0 133 kernilis
3626 0 585 roscoff
3363 0 462 bohars
2284 0 283 santec
1236 0 106 tremeoc
1829 0 198 forest-landerneau
3043 0 56 plogonnec
6126 0 507 gouesnou
302 0 49 treouergat
1248 0 51 pouldergat
988 0 50 tourch
3070 0 67 pleyber-christ
770 0 62 saint-derrien
3304 0 64 melgven
7083 0 689 lesneven
9167 0 482 landivisiau
455 0 71 goulven
3612 0 328 landeda
4448 0 108 plourin-les-morlaix
1923 0 70 plouneventer
895 0 32 ploudiry
1141 0 156 baye-29
4136 0 324 loctudy
664 0 23 collorec
729 0 578 île-tudy
6837 0 135 tregunc
990 0 74 garlan
7809 0 97 crozon
908 0 57 treflez
2054 0 508 lampaul-plouarzel
953 0 163 lanildut
2892 0 1175 guilvinec
277 0 60 trezilide
8084 0 160 plabennec
871 0 55 ouessant
15421 0 621 morlaix
3399 0 120 bourg-blanc
1500 0 72 trevoux-29
2092 0 73 telgruc-sur-mer
1770 0 198 pencran
1492 0 98 saint-urbain-29
11717 0 353 plouzane
737 0 40 saint-nic
881 0 41 mahalon
793 0 98 locronan
1132 0 28 commana
819 0 49 landudal
960 0 54 tregourez
2085 0 67 plouguin
2998 0 110 plozevet
1738 0 153 porspoder
1112 0 35 gouezec
1999 0 201 saint-pabu
1638 0 110 huelgoat
3824 0 102 cleder
1965 0 83 plouider
402 0 14 loqueffret
828 0 58 breles
2609 0 224 camaret-sur-mer
1080 0 62 plouegat-guerand
2212 0 47 plomodiern
4753 0 74 plouigneau
4826 0 208 locmaria-plouzane
508 0 38 ploeven
7227 0 125 rosporden
2648 0 63 saint-thegonnec
5450 0 70 bannalec
891 0 77 mespaul
2024 0 115 lampaul-guimiliau
3521 0 145 combrit
2455 0 74 dirinon
3693 0 109 plouvien
208 0 277 île-molene
1960 0 50 ploumoguer
725 0 40 saint-thois
909 0 100 roscanvel
1839 0 58 plogastel-saint-germain
164 0 122 ponthou
1098 0 65 locunole
516 0 62 tremaouezan
224 0 16 botmeur
360 0 22 lanneanou
2012 0 79 guisseny
2220 0 115 lanveoc
3683 0 79 ploudaniel
761 0 119 lampaul-ploudalmezeau
1846 0 58 coray
1816 0 29 spezet
881 0 52 langolen
3666 0 86 chateauneuf-du-faou
1242 0 116 plouneour-trez
2208 0 748 audierne
7864 0 197 ergue-gaberic
421 0 37 saint-coulitz
648 0 43 plouegat-moysan
2135 0 162 hopital-camfrout
777 0 44 plougar
1245 0 108 sibiril
448 0 23 brennilis
346 0 25 landevennec
440 0 28 locmelar
211 0 126 loc-brevalaire
696 0 20 laz
1696 0 31 querrien
63550 0 752 quimper
1766 0 218 pont-croix
2643 0 193 pleuven
3690 0 48 pleyben
5796 0 353 penmarch
881 0 88 gourlizon
959 0 44 saint-thurien-29
1684 0 90 plouzevede
3331 0 316 benodet
419 0 70 lanarvily
340 0 35 treguennec
1605 0 104 esquibien
1335 0 113 plogoff
14912 0 597 douarnenez
1014 0 53 cleden-cap-sizun
986 0 87 guimiliau
795 0 67 saint-meen
15272 0 1157 landerneau
580 0 111 tregarantec
3271 0 46 elliant
3618 0 84 plouarzel
126 0 56 lanneuffret
2739 0 107 nevez
1353 0 158 saint-divy
2243 0 172 clohars-fouesnant
6968 0 147 moelan-sur-mer
3540 0 110 pluguffan
635 0 22 cloître-saint-thegonnec
5825 0 119 ploneour-lanvern
888 0 27 argol
1417 0 104 landunvez
2623 0 99 mellac
1094 0 36 cleden-poher
1265 0 24 plouneour-menez
1039 0 22 brasparts
2666 0 315 conquet
195 0 324 île-de-sein
2556 0 149 gouesnach
1317 0 93 plougourvest
3760 0 201 plougonvelin
2138 0 26 plonevez-du-faou
3332 0 183 plobannalec-lesconil
1317 0 110 kersaint-plabennec
1138 0 40 quemeneven
699 0 20 saint-goazec
4165 0 148 plouhinec-29
771 0 58 saint-sauveur-29
617 0 31 saint-jean-du-doigt
3867 0 93 pont-de-buis-les-quimerch
1009 0 93 coat-meal
7659 0 296 carhaix-plouguer
141303 0 2854 brest
311 0 25 lannedern
1585 0 100 plouezoc-h
3055 0 312 folgoet
4113 0 157 plomelin
2093 0 172 logonna-daoulas
763 0 42 martyre
1400 0 19 poullaouen
6301 0 271 ploudalmezeau
1587 0 42 cast
