373
557



1 242 1
1 251 1
1 263 1
2 280 1
2 366 1
3 10 1
3 14 1
3 161 1
3 194 1
4 198 1
4 320 1
4 347 1
4 370 1
5 11 1
5 213 1
5 254 2
5 268 1
6 70 1
6 181 2
6 196 2
6 246 1
6 288 1
7 162 1
7 221 1
8 125 1
8 322 1
8 361 1
9 31 9
9 74 318
9 103 14
9 318 41
10 161 1
10 241 1
10 258 1
11 119 1
11 268 1
12 289 1
12 348 1
13 92 1
13 219 1
13 242 1
13 310 2
14 241 1
15 119 1
15 222 1
16 184 1
16 257 5
17 179 8
17 278 2
18 49 1
18 303 6
19 219 1
19 304 2
19 310 3
20 183 1
20 195 1
21 226 1
21 349 1
22 91 1
22 205 1
22 221 1
22 229 1
23 180 1
23 210 1
23 227 2
24 115 90
24 207 7
24 254 14
25 79 2
25 139 1
25 184 1
26 235 1
26 286 1
27 30 1
27 136 1
27 142 1
28 161 1
28 163 1
29 40 1
29 50 1
29 53 1
30 365 1
30 371 2
31 293 2
32 87 2
32 175 1
33 72 1
33 153 1
33 298 1
33 312 1
33 373 1
34 202 1
34 353 1
35 99 1
35 194 1
35 286 1
36 239 1
36 279 1
36 293 1
37 93 1
37 202 1
37 203 2
37 353 2
38 240 1
38 373 1
39 122 1
39 148 1
39 211 1
40 50 1
40 53 1
41 127 1
41 201 1
42 219 1
42 222 1
42 251 1
42 310 2
43 313 2
43 370 1
44 130 1
44 165 1
44 252 1
45 97 4
45 257 13
45 265 4
46 292 1
46 334 1
46 358 1
47 234 1
47 339 5
48 95 1
48 123 1
48 152 1
48 259 1
48 297 1
48 364 1
49 65 1
49 303 10
50 56 1
51 62 4
51 86 14
52 88 1
52 192 1
52 252 1
53 61 1
53 260 7
54 89 1
54 158 1
54 295 1
55 274 1
55 302 1
55 321 1
56 287 1
57 141 1
57 245 1
58 257 3
58 265 1
59 193 1
59 194 1
59 357 1
60 82 26
60 226 11
60 236 3
60 249 16
60 352 15
60 369 4
61 185 1
61 346 1
62 90 1
62 108 3
62 294 1
63 104 1
63 124 1
64 80 1
64 353 1
65 112 1
65 303 7
66 303 8
66 355 1
67 113 1
67 121 1
68 152 1
68 366 1
69 72 1
69 235 1
69 237 1
69 286 1
69 357 1
70 246 1
71 110 8
71 182 9
71 231 4
71 290 7
71 318 24
72 116 1
72 235 1
72 264 1
73 349 1
73 361 1
74 209 204
74 337 397
75 127 1
75 167 1
76 162 1
76 181 1
77 82 23
77 323 7
78 97 1
78 176 1
78 315 1
79 139 1
80 232 1
80 350 1
80 353 1
81 206 1
81 282 1
81 363 2
82 86 20
82 259 11
82 323 9
82 360 13
83 111 1
83 223 1
83 330 1
84 151 1
84 266 3
85 101 3
85 210 1
86 279 3
86 337 50
87 175 2
87 345 5
88 168 1
88 192 1
88 301 2
89 307 1
90 252 1
91 221 1
92 107 1
92 174 1
92 304 1
93 282 1
94 266 1
94 334 1
95 351 1
96 145 1
96 190 1
96 317 1
97 176 1
97 257 14
98 245 1
98 308 2
99 157 1
99 286 1
100 141 1
100 179 2
100 344 2
101 339 9
102 169 1
102 366 1
103 248 2
104 129 1
104 222 1
104 251 1
105 188 1
105 319 1
106 217 1
106 219 1
106 222 1
107 226 1
107 243 1
108 144 1
109 142 1
109 336 3
109 365 2
110 203 1
110 232 1
110 350 1
110 353 1
111 223 1
112 233 1
112 340 1
113 121 1
114 138 4
114 173 2
114 255 3
114 274 1
115 156 50
115 213 21
115 275 42
116 153 1
117 269 1
117 309 1
118 164 1
118 188 1
118 278 1
118 358 1
120 290 1
120 305 1
121 166 1
121 354 1
122 259 3
122 360 3
123 152 1
123 351 1
124 129 1
124 211 1
124 253 1
125 361 1
126 133 1
126 186 1
127 167 1
128 296 1
128 341 1
129 225 1
130 165 1
131 209 21
131 327 12
131 332 6
132 233 1
132 250 1
132 363 1
133 186 1
133 231 1
133 244 1
133 281 1
133 290 1
134 156 9
134 201 3
135 238 1
135 253 1
135 269 1
135 359 3
135 362 1
136 297 1
137 176 1
137 265 1
138 173 1
138 314 6
139 184 1
140 158 1
140 287 1
141 162 1
141 245 1
141 308 1
143 164 2
143 278 1
144 256 2
145 190 1
145 193 1
145 230 1
145 274 1
146 297 1
146 359 6
146 371 3
147 154 1
147 311 1
147 316 1
148 220 1
149 171 1
149 199 1
149 204 1
149 307 1
150 185 2
150 346 2
151 266 1
151 292 1
152 280 1
152 366 1
153 237 1
154 283 1
155 171 2
155 205 2
155 277 1
157 214 1
158 287 1
158 295 1
159 188 1
159 260 12
160 212 1
160 245 1
161 163 1
161 194 1
161 273 1
162 181 1
165 256 2
165 289 1
165 348 1
166 272 1
167 356 1
168 301 1
168 323 1
168 360 2
169 190 1
170 177 1
170 316 1
172 212 1
172 308 1
173 177 1
173 261 1
173 274 1
173 283 1
174 328 1
175 345 2
177 331 1
178 216 1
178 228 1
178 282 1
178 343 1
179 344 7
180 227 4
182 311 1
182 324 2
183 228 1
183 306 1
183 342 1
184 315 1
185 292 1
185 346 1
187 206 1
187 250 1
188 278 1
189 234 1
189 355 2
191 197 1
191 201 3
191 240 2
191 336 5
194 273 4
195 196 1
195 330 1
196 205 2
196 223 1
196 330 1
197 356 1
198 313 1
198 370 1
199 277 1
200 276 5
200 285 2
200 335 1
201 336 2
202 232 1
203 353 1
204 208 1
204 307 1
205 229 1
205 330 2
206 338 1
207 254 3
208 325 1
209 303 48
209 327 18
210 227 2
212 245 1
212 262 1
214 235 1
214 237 1
215 248 1
215 255 1
215 267 1
216 228 1
216 325 1
216 343 1
217 299 2
217 300 1
218 304 2
218 328 1
218 369 1
219 310 2
220 225 1
220 301 1
222 251 1
224 247 5
224 326 2
224 363 2
225 301 1
225 322 1
226 243 2
228 270 1
230 274 1
231 290 1
233 343 1
234 327 2
234 355 1
236 249 1
236 349 1
238 362 1
239 267 1
239 293 1
240 365 1
241 317 1
242 263 1
244 281 1
245 284 1
247 326 3
248 314 3
250 324 2
250 363 2
255 321 1
256 289 4
257 260 1
257 265 8
258 317 1
260 303 66
260 319 2
261 331 1
262 308 1
264 298 1
266 292 3
267 333 1
269 309 1
269 359 4
270 277 1
270 306 1
271 276 2
271 285 1
272 364 1
274 302 1
275 309 2
275 336 5
276 285 1
278 358 1
279 294 1
280 351 1
282 338 1
283 316 1
284 329 1
285 368 1
288 329 1
289 349 1
290 305 1
291 325 1
291 340 1
292 346 1
294 345 2
296 341 1
296 367 1
297 371 1
298 373 1
299 300 2
305 311 1
306 342 1
308 372 1
312 364 1
313 370 1
316 324 1
320 347 1
321 333 1
323 360 4
332 355 2
334 335 1
341 367 1
348 361 1
352 369 2
354 357 1
367 370 1
368 372 1



203 0 32 hengoat
226 0 23 saint-fiacre-22
937 0 146 gouarec
1102 0 60 plouec-du-trieux
979 0 108 kermaria-sulard
2385 0 76 caulnes
393 0 35 trebedan
531 0 44 gommenec-h
11111 0 410 ploufragan
813 0 33 laniscat
320 0 98 trezeny
269 0 109 lanloup
1135 0 97 tredarzec
175 0 14 perret
390 0 50 quemperven
1637 0 86 frehel
3626 0 290 quevert
836 0 122 noyal
1840 0 96 plouguiel
2918 0 51 merdrignac
1091 0 47 quemper-guezennec
747 0 36 megrit
726 0 51 pleboulle
7511 0 530 perros-guirec
832 0 157 langrolay-sur-rance
672 0 45 moustoir
73 0 21 loc-envel
403 0 16 mellionnec
399 0 29 plorec-sur-arguenon
1072 0 75 belle-isle-en-terre
1301 0 191 meaugon
1180 0 36 lanrodec
2365 0 71 callac
236 0 14 coetlogon
1389 0 17 glomel
1009 0 121 plerneuf
3047 0 74 plemet
441 0 16 plougras
417 0 67 kermoroc-h
565 0 58 pleven
474 0 101 saint-michel-en-greve
1010 0 548 roche-derrien
2440 0 348 tregastel
1767 0 352 lanvollon
3062 0 326 etables-sur-mer
1100 0 68 languenan
1963 0 64 saint-alban-22
689 0 48 mousteru
1346 0 114 landehen
492 0 138 landebia
3693 0 619 binic
399 0 42 bringolo
1072 0 48 bourseul
315 0 42 quintenic
303 0 19 saint-gildas
562 0 46 ruca
832 0 246 hingle
2825 0 115 pleudihen-sur-rance
1074 0 25 plounevez-quintin
7634 0 323 paimpol
2091 0 73 pluduno
1541 0 97 lantic
255 0 49 runan
475 0 26 cambout
987 0 70 meslin
1098 0 90 andel
277 0 12 kerien
305 0 22 saint-connan
1619 0 44 mael-carhaix
454 0 56 saint-jouan-de-l-isle
9857 0 122 loudeac
770 0 18 carnoet
109 0 50 lanleff
46209 0 2111 saint-brieuc
220 0 28 plouzelambre
1199 0 33 yvignac-la-tour
5142 0 160 ploumagoar
588 0 23 gomene
3425 0 157 pleslin-trigavou
388 0 26 saint-etienne-du-gue-de-l-isle
1881 0 36 plessala
7280 0 2134 guingamp
1106 0 32 tremorel
1494 0 223 lancieux
1417 0 65 plurien
5956 0 205 pordic
2522 0 78 plouagat
1657 0 72 goudelin
458 0 71 saint-rieul
600 0 91 treguidel
515 0 46 tredias
1180 0 62 pleumeur-gautier
716 0 23 laurenan
234 0 38 tregon
543 0 55 coadout
492 0 21 plussulien
3247 0 73 ploeuc-sur-lie
1554 0 46 plouasne
795 0 29 plevin
891 0 106 saint-carne
3852 0 145 erquy
272 0 13 saint-gilles-pligeaux
2053 0 360 saint-julien-22
1225 0 46 ploezal
295 0 57 saint-maudez
853 0 73 camlez
980 0 53 pleudaniel
3093 0 799 saint-quay-portrieux
2189 0 73 plouaret
1262 0 55 saint-barnabe
685 0 25 illifaut
1438 0 57 brehand
549 0 14 lanrivain
2834 0 908 quintin
20079 0 457 lannion
570 0 21 plusquellec
1019 0 44 pluzunet
1199 0 163 vilde-guingalan
495 0 119 lanmerin
545 0 33 quillio
167 0 11 peumerit-quintin
1926 0 81 plouisy
2351 0 32 bourbriac
302 0 37 brelidy
202 0 46 treverec
266 0 24 saint-connec
200 0 41 treduder
89 0 11 magoar
1024 0 1003 pontrieux
1201 0 77 pleguien
4778 0 273 yffiniac
940 0 1958 moncontour-22
2108 0 70 mûr-de-bretagne
3710 0 276 trebeurden
1144 0 52 prat
398 0 20 gurunhuel
414 0 133 île-de-brehat
2369 0 94 saint-brandan
671 0 79 calorguen
847 0 77 bouillie
704 0 73 trevron
401 0 24 tregrom
2501 0 225 trelivan
779 0 117 treveneuc
1011 0 73 corlay
1905 0 70 pedernec
403 0 40 saint-herve
511 0 80 tregonneau
649 0 70 tramain
3082 0 268 plancoet
853 0 292 saint-jacut-de-la-mer
640 0 24 plesidy
356 0 16 duault
561 0 23 allineuc
1114 0 25 sevignac
4050 0 151 pleumeur-bodou
99 0 13 treogan
1123 0 38 henansal
1765 0 83 plelan-le-petit
265 0 45 trefumel
693 0 27 plelauff
1065 0 90 brusvily
206 0 10 lescouet-gouarec
1036 0 207 bobital
718 0 77 pludual
406 0 12 mael-pestivien
551 0 29 lanvellec
906 0 71 merzer
297 0 14 kerpert
498 0 16 merleac
2434 0 39 plenee-jugon
549 0 53 saint-judoce
1016 0 46 lanfains
312 0 45 kerbors
1020 0 2217 chatelaudren
326 0 14 saint-gilles-vieux-marche
338 0 16 saint-martin-des-pres
921 0 130 collinee
3735 0 255 lanvallay
1683 0 115 matignon
1151 0 64 plumaudan
1547 0 58 treve
745 0 26 saint-vran
1731 0 66 jugon-les-lacs
876 0 89 saint-lormel
460 0 25 saint-guen
620 0 37 gausson
715 0 94 landec
2001 0 60 planguenoual
376 0 11 canihuel
3616 0 104 plestin-les-greves
578 0 51 saint-jean-kerdaniel
1723 0 41 saint-nicolas-du-pelem
1759 0 42 plouguernevel
644 0 30 ereac
1095 0 27 plumaugat
415 0 34 tremel
879 0 124 caouennec-lanvezeac
606 0 51 dolo
3361 0 168 plouer-sur-rance
1460 0 137 tredrez-locquemeau
455 0 29 ferriere-22
848 0 49 prenessaye
1546 0 47 plestan
2924 0 83 broons
631 0 30 langast
1461 0 309 saint-quay-perros
479 0 95 malhoure
7178 0 788 langueux
731 0 53 plevenon
193 0 29 landebaeron
339 0 66 quiou
1727 0 130 rospez
558 0 74 treffrin
1463 0 63 saint-donan
1219 0 39 gouray
1381 0 198 trelevern
2533 0 126 pleubian
1103 0 91 minihy-treguier
769 0 71 squiffiec
461 0 53 languedias
1124 0 60 langoat
648 0 29 loscouet-sur-meu
2204 0 53 henon
871 0 60 saint-clet
2213 0 78 plourivo
3491 0 154 saint-cast-le-guildo
725 0 36 saint-jacut-du-mene
684 0 46 tremeur
688 0 26 haut-corlay
671 0 47 hemonstoir
592 0 233 cheze-22
994 0 62 tredaniel
936 0 123 morieux
698 0 30 trebrivan
651 0 114 kerfot
535 0 16 locarn
225 0 69 berhet
1105 0 49 plouvara
749 0 28 plounerin
316 0 18 saint-gelven
165 0 161 pouldouran
1601 0 134 lezardrieux
378 0 32 caurel-22
642 0 36 saint-juvat
200 0 25 chapelle-blanche-22
3492 0 119 quessoy
1416 0 92 plaine-haute
3382 0 121 plouezec
1846 0 52 plouguenast
1266 0 62 pommerit-jaudy
612 0 83 tressignaux
251 0 31 coatascorn
3017 0 216 louannec
1473 0 71 foeil
4597 0 115 plouha
7926 0 543 tregueux
219 0 17 sainte-trephine
2435 0 173 graces
10819 0 2632 dinan
431 0 24 harmoye
248 0 47 saint-andre-des-eaux-22
297 0 82 troguery
348 0 10 plourac-h
1954 0 113 plourhan
2769 0 78 ploubalay
1067 0 39 boqueho
437 0 47 coatreven
1419 0 86 cavan
555 0 25 langourla
1520 0 242 saint-samson-sur-rance
465 0 14 bulat-pestivien
3307 0 102 rostrenen
765 0 30 vieux-bourg-22
3376 0 108 ploubezre
2297 0 114 taden
364 0 23 rouillac-22
893 0 139 aucaleuc
743 0 158 tremeloir
358 0 27 saint-pever
515 0 16 saint-mayeux
660 0 32 saint-goueno
743 0 19 hermitage-lorge
201 0 30 saint-maden
950 0 207 vicomte-sur-rance
699 0 18 paule
1365 0 43 henanbihen
623 0 42 guitte
1311 0 106 plehedel
1196 0 54 saint-caradec
596 0 51 saint-glen
1697 0 93 crehen
1916 0 303 tremuson
919 0 88 tregomeur
416 0 48 saint-denoual
169 0 9 saint-nicodeme
1007 0 53 treglamus
254 0 17 calanhel
2620 0 132 penvenan
1434 0 219 trevou-treguignec
1812 0 54 pommerit-le-vicomte
200 0 24 saint-bihy
12098 0 158 lamballe
1349 0 86 plougrescant
420 0 28 saint-thelo
240 0 17 merillac
1284 0 24 pledeliac
1664 0 70 evran
1073 0 59 tonquedec
2723 0 1791 treguier
414 0 52 grace-uzel
715 0 20 plougonver
1678 0 165 ploulec-h
3985 0 148 plaintel
257 0 41 saint-meloir-des-bois
1075 0 158 uzel
140 0 10 saint-igeaux
6039 0 173 pledran
308 0 42 saint-michel-de-plelan
317 0 41 faouet-22
138 0 27 leslay
409 0 43 saint-gilles-les-bois
2110 0 144 saint-agathon
2056 0 47 motte-22
613 0 58 penguily
1501 0 118 saint-carreuc
4076 0 164 hillion
461 0 111 lanmodez
216 0 29 guenroc
862 0 29 lanrelas
179 0 17 bodeo
1916 0 143 pommeret
383 0 31 cohiniac
92 0 1150 plessix-balisson
627 0 151 tremereuc
2550 0 73 ploumilliau
13788 0 497 plerin
481 0 37 saint-gilles-du-mene
4054 0 237 pleneuf-val-andre
444 0 53 saint-trimoel
408 0 14 saint-servais-22
197 0 17 saint-launeuc
762 0 30 trebry
3064 0 666 lehon
3275 0 75 plelo
808 0 40 saint-potan
476 0 53 saint-laurent-22
418 0 59 lannebert
732 0 63 yvias
372 0 55 saint-maudan
337 0 33 saint-adrien
3263 0 216 ploubazlanec
1075 0 27 plumieux
164 0 11 tremargat
1599 0 199 coetmieux
558 0 31 plufur
659 0 13 kergrist-moelou
2029 0 48 corseul
4707 0 129 begard
2799 0 357 pabu
362 0 70 tremeven-22
213 0 77 mantallot
1682 0 42 plemy
673 0 29 pont-melvez
1442 0 35 plounevez-moedec
233 0 18 senven-lehart
425 0 17 chapelle-neuve-22
1234 0 72 saint-helen
950 0 19 loguivy-plougras
1274 0 55 vieux-marche
2301 0 40 louargat
1036 0 54 champs-geraux
272 0 15 lohuec
