343
497



1 13 144
1 76 31
1 256 239
1 267 83
1 315 14
2 125 1
2 248 3
2 284 1
3 66 84
3 341 32
4 53 1
4 90 1
5 134 1
5 249 9
5 269 6
6 71 1
6 141 1
6 190 1
6 192 1
6 309 1
7 174 1
7 257 1
7 304 1
8 67 1
8 120 1
9 26 14
9 132 7
10 161 1
10 343 1
11 105 1
11 161 1
12 32 1
12 142 1
12 156 4
12 208 1
12 301 1
13 169 48
13 230 74
13 231 2383
14 21 1
14 284 1
14 288 1
14 301 1
14 318 6
15 156 1
15 342 1
16 100 1
16 109 1
17 211 25
17 255 23
18 235 10
18 308 10
19 216 4
19 278 2
19 292 3
20 84 1
20 312 1
20 317 1
21 50 1
21 316 4
22 25 1
22 127 1
22 157 1
23 167 1
23 261 2
24 309 1
24 327 1
25 127 1
26 132 7
27 226 1
27 301 1
28 194 10
28 254 4
29 42 1
29 238 1
30 47 1
30 105 2
31 104 9
31 329 2
32 220 1
32 246 1
33 60 1
33 116 1
33 264 1
34 245 2
34 259 6
34 287 1
35 197 2
35 256 95
36 46 1
36 223 1
36 287 1
37 119 1
37 175 1
37 263 1
37 318 4
37 320 1
38 107 1
38 274 1
38 330 2
39 41 1
39 97 1
40 45 2
40 82 1
41 112 1
42 47 1
42 238 1
42 298 1
42 332 1
43 137 1
43 182 2
43 332 1
44 229 1
44 246 1
45 132 4
45 275 2
46 245 2
46 328 2
48 80 6
48 250 5
49 164 11
49 169 11
50 175 1
50 270 1
50 318 4
51 189 2
51 306 1
52 110 5
52 285 2
53 178 1
53 305 1
54 156 1
54 268 1
55 193 2
55 201 2
56 86 1
56 285 1
56 314 1
57 125 1
57 248 1
58 83 1
58 261 1
59 138 1
59 148 1
59 336 1
60 91 1
60 116 1
60 159 1
60 264 1
61 131 1
61 195 1
61 297 1
62 171 1
62 250 1
62 273 1
63 119 1
63 144 1
63 202 1
64 212 1
64 276 1
65 83 1
65 121 1
66 231 2537
66 239 90
66 341 59
67 305 1
68 205 1
68 253 1
68 257 1
69 133 3
69 152 1
69 338 1
70 180 1
70 232 1
70 317 1
71 322 1
71 327 1
72 74 1
72 80 1
72 148 1
72 166 1
73 170 1
73 183 1
73 198 1
73 271 1
73 295 1
74 314 1
75 152 1
75 213 3
76 244 11
77 108 3
77 110 5
77 249 7
78 155 6
78 211 21
78 259 21
78 291 25
79 313 1
79 319 1
79 339 1
80 162 1
80 166 1
80 290 2
81 89 1
81 307 1
82 177 8
83 293 1
84 140 1
85 161 2
85 186 5
86 285 1
87 89 1
87 200 1
87 276 1
88 172 3
88 335 1
89 305 1
89 307 1
90 96 1
90 324 1
91 116 1
91 126 1
92 154 1
92 334 1
93 98 920
93 228 118
93 289 81
94 227 40
94 310 6
95 102 1
95 271 1
95 309 1
96 324 1
97 325 1
97 342 1
98 213 138
99 294 1
99 302 1
100 109 1
101 124 5
101 271 1
101 307 2
102 145 1
102 309 1
103 110 2
103 139 1
103 152 1
103 187 1
103 285 1
104 329 7
105 161 1
105 343 1
106 129 1
106 262 1
107 206 1
107 333 1
108 110 3
108 249 4
109 205 1
109 253 1
111 186 3
111 308 4
111 315 2
112 304 1
113 270 2
113 317 4
114 163 2
114 228 10
115 296 1
115 311 1
116 264 1
117 203 3
117 211 6
117 291 7
118 254 14
118 329 11
120 313 1
121 167 1
121 260 1
121 277 1
122 156 1
122 268 1
123 227 582
124 200 1
124 307 2
125 217 1
126 252 1
127 157 1
128 158 1
128 229 1
128 323 1
129 183 1
129 196 1
130 187 2
130 285 3
131 251 1
132 275 2
132 300 2
133 338 4
134 269 1
135 158 1
135 204 1
135 281 1
135 323 1
136 222 1
136 241 1
137 298 1
138 336 1
139 207 1
140 234 1
140 312 1
141 192 1
142 154 1
142 208 1
143 203 15
143 231 1386
144 202 1
145 314 1
146 280 1
146 290 1
147 266 1
147 272 1
148 260 1
149 219 1
149 288 1
149 303 1
150 172 2
150 335 1
151 253 1
151 268 1
152 187 1
153 233 1
153 265 1
153 312 1
154 342 1
155 189 3
156 184 3
156 268 1
156 301 6
157 216 1
157 292 1
158 323 1
159 192 1
160 173 5
160 269 5
160 299 7
161 343 1
162 273 1
162 280 1
163 228 7
164 330 14
165 241 1
165 327 1
166 290 1
167 277 1
167 338 1
168 169 16
168 230 24
168 331 14
170 295 1
171 174 1
172 234 1
172 312 1
172 335 1
173 242 9
173 299 4
174 241 1
174 250 1
175 263 1
175 318 6
176 218 1
176 223 1
177 275 6
177 300 8
178 305 1
179 196 1
179 240 1
180 181 3
180 270 1
180 286 1
181 248 9
181 316 18
182 266 1
182 332 1
183 196 1
184 284 1
184 301 1
185 237 9
185 330 25
186 308 3
188 237 1
188 333 1
189 221 1
189 245 4
189 306 1
190 252 1
191 236 10
191 242 17
192 252 1
193 201 3
193 332 1
194 254 7
194 337 18
195 199 1
195 251 1
196 240 1
197 256 9
197 258 1
198 271 1
199 218 1
199 251 1
199 282 2
202 318 1
202 320 1
203 231 435
204 216 1
204 292 1
206 274 1
207 260 1
207 338 1
208 226 1
209 214 5
209 249 4
210 225 4
210 255 9
210 337 8
212 276 1
212 339 1
214 249 10
215 236 8
215 283 4
215 289 10
215 340 9
216 292 1
217 284 1
217 303 1
219 247 1
219 284 1
219 303 1
220 246 1
221 245 1
221 306 1
222 241 1
223 328 1
224 235 9
224 244 20
225 255 11
225 337 11
226 301 1
230 244 28
232 286 1
233 265 1
235 308 4
236 283 5
237 282 5
237 328 2
237 333 1
239 310 18
239 341 34
240 339 1
241 290 1
241 322 1
242 340 19
243 264 1
243 324 1
247 316 1
250 304 1
254 329 2
256 258 45
261 335 1
262 295 1
262 309 1
265 296 1
265 312 1
266 272 1
267 315 7
270 316 3
272 297 1
273 280 1
274 330 4
274 331 4
275 300 1
278 292 1
279 322 1
279 327 1
281 292 1
284 316 4
290 322 2
293 336 1
294 302 1
294 326 1
296 311 1
296 312 1
302 325 1
319 321 1
321 324 1
326 334 1



16307 0 329 mauguio
1533 0 108 saint-jean-de-fos
8509 0 1415 perols
428 0 14 felines-minervois
3959 0 397 montady
627 0 33 olargues
651 0 14 lunas-34
189 0 31 beaufort-34
4585 0 165 bessan
1399 0 263 villetelle-34
887 0 194 saint-series
889 0 71 soubes
14948 0 1337 castelnau-le-lez
1142 0 260 saint-felix-de-lodez
292 0 16 plans-34
46 0 6 valmascle
6236 0 198 fabregues
6206 0 808 baillargues
4083 0 570 ganges
539 0 137 tressan
1100 0 158 ceyras
153 0 9 montoulieu-34
1575 0 91 alignan-du-vent
274 0 9 vieussan
63 0 3 ferrieres-les-verreries
4882 0 136 florensac
126 0 27 usclas-du-bosc
3164 0 85 villeveyrac
271 0 55 campagne-34
1719 0 230 boisseron
2069 0 349 balaruc-le-vieux
450 0 23 saint-etienne-de-gourgas
750 0 13 riols-34
1430 0 157 combaillaux
6088 0 142 marsillargues
210 0 13 viols-en-laval
887 0 80 peret
689 0 307 saint-vincent-de-barbeyrargues
307 0 11 ceilhes-et-rocozels
1330 0 201 valros
305 0 4 avene
651 0 56 galargues
1698 0 219 beaulieu-34
152 0 3 vacquerie-et-saint-martin-de-castries
2594 0 96 montblanc
1157 0 69 viols-le-fort
951 0 151 saussines
6453 0 231 bedarieux
3385 0 439 montferrier-sur-lez
714 0 153 brignac-34
1020 0 80 saint-paul-et-valmalle
2840 0 87 murviel-les-beziers
546 0 17 liviniere
57 0 6 lavalette-34
1554 0 237 restinclieres
852 0 73 autignac
458 0 14 puechabon
955 0 53 fontes
120 0 18 fos-34
544 0 32 premian
354 0 27 sauteyrargues
241 0 18 camplong
175 0 13 moureze
429 0 33 aigues-vives-34
1931 0 113 roujan
15927 0 572 lattes
285 0 31 oupia
47 0 4 brenas
970 0 190 espondeilhan
1065 0 63 vendemian
581 0 26 mons-34
551 0 21 faugeres-34
1829 0 78 saint-chinian
128 0 12 caussiniojouls
1667 0 245 bassan
3041 0 246 saint-aunes
2897 0 849 lignan-sur-orb
5343 0 573 saint-georges-d-orques
130 0 4 minerve
1474 0 168 herepian
1609 0 53 quarante
1521 0 95 tourbes
993 0 90 neffies
364 0 135 puilacher
3706 0 309 lunel-viel
1436 0 87 laurens
238 0 30 montouliers
1429 0 233 lezignan-la-cebe
971 0 37 cruzy
92 0 3 cassagnoles-34
1178 0 13 salvetat-sur-agout
57 0 2 saint-michel-34
24567 0 483 agde
2855 0 154 vic-la-gardiole
2066 0 55 cessenon-sur-orb
144 0 5 ferrals-les-montagnes
245 0 10 roqueredonde
70955 0 743 beziers
35 0 2 saint-felix-de-l-heras
276 0 30 salasc
2853 0 100 puisserguier
633 0 35 causses-et-veyran
1003 0 157 puimisson
6868 0 793 balaruc-les-bains
1441 0 127 saint-christol-34
66 0 2 ferrieres-poussarou
403 0 63 triadou
1596 0 112 corneilhan
48 0 7 merifons
2667 0 195 thezan-les-beziers
2744 0 149 lansargues
294 0 6 joncels
3315 0 452 canet-34
2177 0 197 pomerols
329 0 74 cazouls-d-herault
2062 0 50 saint-pons-de-thomieres
1482 0 411 saussan
10523 0 304 meze
478 0 16 cabrieres-34
420 0 29 azillanet
820 0 51 gabian
146 0 15 olmet-et-villecun
42774 0 1766 sete
3033 0 76 capestang
269 0 6 saint-guilhem-le-desert
114 0 2 soulie
241 0 57 agones
49 0 3 pegairolles-de-bueges
184 0 4 pardailhan
2977 0 143 magalas
427 0 28 vacquieres
2344 0 126 saint-thibery
4193 0 103 servian
554 0 93 poilhes
55 0 3 saint-andre-de-bueges
187 0 6 castanet-le-haut
365 0 77 saint-hilaire-de-beauvoir
244 0 9 pezenes-les-mines
470 0 78 pailhes-34
445 0 107 belarga
207 0 10 saint-julien-34
152 0 53 poujols
8716 0 676 saint-jean-de-vedas
156 0 19 liausson
343 0 12 saint-nazaire-de-ladarez
329 0 29 combes-34
940 0 43 saint-bauzille-de-montmel
123 0 13 roquessels
211 0 34 saint-guiraud
966 0 216 adissan
23 0 3 celles-34
1362 0 160 lieuran-les-beziers
2053 0 86 saint-pargoire
145 0 4 pegairolles-de-l-escalette
1911 0 189 murviel-les-montpellier
7512 0 324 lodeve
1479 0 223 laroque-34
206 0 12 saint-jean-de-bueges
301 0 13 saint-etienne-d-albagnan
3652 0 122 nissan-lez-enserune
709 0 128 verargues
424 0 52 villemagne-l-argentiere
1402 0 158 pinet
4987 0 391 saint-clement-de-riviere
304 0 5 rosis
572 0 27 aires
550 0 123 margon-34
4902 0 1429 jacou
5200 0 676 clapiers
287 0 24 pierrerue-34
244 0 68 saint-etienne-estrechoux
3648 0 323 paulhan
2199 0 58 vendres
708 0 70 graissessac
1233 0 125 nebian
479 0 17 notre-dame-de-londres
8251 0 279 pezenas
683 0 32 siran-34
147 0 10 villespassans
830 0 96 saint-bauzille-de-la-sylve
5447 0 182 gignac-34
2156 0 205 saint-drezery
293 0 13 babeau-bouldoux
569 0 33 saint-jean-de-la-blaquiere
8821 0 534 saint-gely-du-fesc
2017 0 387 valergues
1117 0 85 puissalicon
184 0 11 cazevieille
2524 0 91 montarnaud
61 0 1 cambon-et-salvergues
4153 0 317 sauvian
325 0 20 saint-vincent-d-olargues
2567 0 396 sussargues
5224 0 173 poussan
563 0 84 lauret-34
180 0 22 assignan
576 0 101 saint-nazaire-de-pezan
548 0 42 cebazan
709 0 33 valflaunes
246 0 33 montels-34
1692 0 148 saint-genies-des-mourgues
63 0 20 villeneuvette
2735 0 380 laverune
618 0 14 brissac
124 0 11 carlencas-et-levas
477 0 40 guzargues
354 0 118 coulobres
182 0 33 fozieres
1893 0 179 maureilhan
2389 0 198 cournonsec
6366 0 313 pignan
265 0 24 aigne-34
3121 0 444 boujan-sur-libron
4461 0 115 cazouls-les-beziers
3160 0 156 portiragnes
1593 0 87 saint-bauzille-de-putois
99 0 14 arboras
58 0 2 rouet
391 0 190 jonquieres-34
405 0 15 saint-privat-34
890 0 17 argelliers
190 0 15 saint-genies-de-varensal
482 0 25 mas-de-londres
5752 0 239 castries
2968 0 140 montbazin
160 0 14 soumont
22526 0 710 frontignan
7883 0 152 marseillan-34
156 0 2 saint-maurice-navacelles
8005 0 1370 cres
257351 0 4524 montpellier
489 0 8 aumelas
899 0 155 plaissan
296 0 104 usclas-d-herault
2659 0 547 saint-bres-34
3986 0 230 villeneuve-les-beziers
1677 0 99 matelles
167 0 33 garrigues-34
9141 0 402 villeneuve-les-maguelone
143 0 4 saint-jean-de-minervois
861 0 35 saint-gervais-sur-mare
6685 0 243 serignan
94 0 5 verreries-de-moussans
5579 0 621 vendargues
2366 0 146 vailhauques
113 0 6 saint-pierre-de-la-fage
114 0 25 lagamas
2773 0 91 aniane
3757 0 303 maraussan
1229 0 40 tour-sur-orb
1389 0 49 claret-34
346 0 5 fraisse-sur-agout
453 0 20 octon
2092 0 130 loupian
5939 0 207 cournonterral
25277 0 1057 lunel
152 0 8 dio-et-valquieres
2851 0 468 saint-just-34
6393 0 393 grabels
219 0 40 fouzilhon
2509 0 101 caux
191 0 16 berlou
1446 0 89 aspiran
607 0 20 courniou
656 0 48 saint-pons-de-mauchiens
906 0 70 montaud-34
8440 0 797 grande-motte
225 0 14 puech
2335 0 230 colombiers-34
842 0 284 pouzols
534 0 45 cazedarnes
606 0 91 sainte-croix-de-quintillargues
280 0 73 pradal
1529 0 80 assas
1123 0 49 castelnau-de-guers
219 0 17 agel
1060 0 105 pouzolles
850 0 37 moules-et-baucels
471 0 58 colombieres-sur-orb
474 0 32 taussac-la-billiere
112 0 3 gornies
4686 0 213 saint-mathieu-de-treviers
2191 0 279 cers
1227 0 54 montpeyroux-34
1389 0 150 saint-genies-de-fontedit
360 0 61 popian
294 0 12 murles
295 0 39 lacoste-34
5354 0 164 vias
2438 0 394 lamalou-les-bains
7466 0 689 juvignac
1310 0 112 cazilhac-34
169 0 15 vailhan
442 0 20 caylar
279 0 13 prades-sur-vernazobre
3593 0 90 montagnac-34
282 0 34 fontanes-34
261 0 56 buzignargues
3120 0 136 lespignan
1520 0 351 nezignan-l-eveque
1210 0 43 bosc-34
121 0 5 rives-34
308 0 31 saint-saturnin-de-lucian
1604 0 135 bousquet-d-orb
1683 0 88 olonzac
917 0 37 boissiere-34
1295 0 145 creissan
2498 0 308 mudaison
554 0 13 roquebrun
3275 0 296 mireval
440 0 59 aumes
550 0 146 campagnan
372 0 24 cesseras
363 0 12 cabrerolles
1401 0 170 candillargues
5319 0 271 saint-andre-de-sangonis
1819 0 130 pouget
8018 0 246 clermont-l-herault
62 0 6 velieux
279 0 45 lieuran-cabrieres
91 0 4 rieussec
1024 0 223 poujol-sur-orb
337 0 7 causse-de-la-selle
26 0 1 boisset-34
27 0 7 romiguieres
38 0 1 sorbs
125 0 29 saint-martin-de-l-arcon
2370 0 62 saint-martin-de-londres
1626 0 533 bouzigues
4534 0 510 prades-le-lez
4427 0 440 teyran
673 0 216 saint-jean-de-cornies
468 0 51 saint-jean-de-cuculles
48 0 2 cros-34
582 0 68 nizas-34
65 0 4 montesquieu-34
5687 0 343 gigean
1355 0 173 abeilhan
328 0 15 caunette
4592 0 1954 valras-plage
5995 0 2518 palavas-les-flots
203 0 7 lauroux
891 0 148 saturargues
