extract_date	tx_incid		R	taux_occupation_sae	tx_pos
2020-03-18	NA			NA	15.2	NA
2020-03-19	5.57082271463596	NA	19.8	NA
2020-03-20	8.4039498982035		NA	25.6	NA
2020-03-21	11.0134091462262	NA	28.7	NA
2020-03-22	13.6005016006945	NA	33.1	NA
2020-03-23	18.2826170514324	NA	41.1	NA
2020-03-24	23.9190490271615	NA	49.5	NA
2020-03-25	30.0848284503467	NA	58	NA
2020-03-26	32.9373401883281	NA	66.3	NA
2020-03-27	36.9424873541504	NA	74.3	NA
2020-03-28	40.0320871038093	NA	83.7	NA
2020-03-29	41.7155610986766	NA	90.8	NA
2020-03-30	44.2325709333408	NA	100	NA
2020-03-31	47.1178873018688	NA	108.7	NA
2020-04-01	48.9355620580629	NA	117.4	NA
2020-04-02	50.0598662140681	NA	124.7	NA
2020-04-03	51.0261116956217	NA	129.6	NA
2020-04-04	49.9689079202799	NA	132.9	NA
2020-04-05	48.6835628506824	NA	135.6	NA
2020-04-06	47.5354007815524	NA	137.4	NA
2020-04-07	45.6983414709444	NA	138.5	NA
2020-04-08	44.3294937054102	NA	138.8	NA
2020-04-09	43.0694976685078	NA	137.1	NA
2020-04-10	42.7682915153075	NA	135.9	NA
2020-04-11	41.4546151738743	NA	133.5	NA
2020-04-12	41.0192082593471	NA	132.7	NA
2020-04-13	36.8545112995028	NA	132.3	NA
2020-04-14	34.8892157058491	NA	130.5	NA
2020-04-15	33.0939077432095	NA	125.2	NA
2020-04-16	30.9869557903774	NA	121.4	NA
2020-04-17	28.0524324760295	NA	117.1	NA
2020-04-18	27.2546835059197	NA	113.3	NA
2020-04-19	26.0066164255797	NA	111.6	NA
2020-04-20	26.9922464615472	NA	110.4	NA
2020-04-21	25.7904040878864	NA	105.5	NA
2020-04-22	23.6953810916167	NA	101.4	NA
2020-04-23	21.9492800747969	NA	98.2	NA
2020-04-24	19.9988956768462	NA	94.6	NA
2020-04-25	18.9759876516213	NA	91.8	NA
2020-04-26	18.3377884755335	NA	90.9	NA
2020-04-27	17.0420055689439	NA	89.5	NA
2020-04-28	15.6627199664176	NA	86.8	NA
2020-04-29	14.4877177450222	NA	81.6	NA
2020-04-30	13.4707741980785	NA	78	NA
2020-05-01	11.7634422900865	NA	75.5	NA
2020-05-02	10.9239419720083	NA	74.5	NA
2020-05-03	10.7181674713071	NA	74.4	NA
2020-05-04	10.3245119047482	NA	71.9	NA
2020-05-05	9.73999303319114	NA	66.7	NA
2020-05-06	9.15249192249345	NA	61.2	NA
2020-05-07	8.5277128225383	        NA	57.6	NA
2020-05-08	8.30851824570439	NA	55.8	NA
2020-05-09	8.00432985336345	NA	54.6	NA
2020-05-10	7.87609357031776	NA	53.9	NA
2020-05-11	7.4913847211807		NA	52.7	NA
2020-05-12	6.86809674079584	NA	49.3	NA
2020-05-13	6.34918713033189	NA	47.2	NA
2020-05-14	6.04947209670185	NA	44.6	NA
2020-05-15	6.14490374920096	NA	42.7	NA
2020-05-16	6.25673771697337	NA	41.3	NA
2020-05-17	6.08675008595932	NA	40.5	NA
2020-05-18	5.79449065018077	NA	38.7	NA
2020-05-19	8.33088503925887	NA	36.7	2.19588884958535
2020-05-20	8.56648193136606	NA	34.7	2.15219321412918
2020-05-21	7.32437932930724	NA	33.8	2.10480308178823
2020-05-22	6.95756391501376	NA	32.9	1.99172745860528
2020-05-23	6.92028592575629	NA	32.2	1.96491020093652
2020-05-24	6.92028592575629	NA	32	1.96276622739499
2020-05-25	6.29848906494173	NA	31.1	1.79727855264614
2020-05-26	5.86606438955511	NA	30	1.67983978752204
2020-05-27	5.37399493135653	NA	29	1.59589071425408
2020-05-28	6.05841881412364	NA	27.6	1.57041148414128
2020-05-29	5.70949683467374	NA	26.3	1.49106103264446
2020-05-30	5.82133080244615	NA	25.6	1.51522796340787
2020-05-31	5.89439566139078	NA	25.4	1.52667333516138
2020-06-01	5.07875325643739	0.84	25.1	1.55495293140128
2020-06-02	5.02507295190664	0.83	24.1	1.5784469393586
2020-06-03	4.92069458198573	0.83	23.3	1.55633948952065
2020-06-04	4.89981890800155	0.84	22.4	1.57175997895391
2020-06-05	4.85508532089258	0.85	21.1	1.57789397676774
2020-06-06	4.76860038581526	0.86	20.4	1.55426060838756
2020-06-07	4.66273089632405	0.88	20.2	1.52778795651643
2020-06-08	5.26365208315443	0.89	19.7	1.48740550972081
2020-06-09	5.01165287577395	0.9	18.3	1.44767106294634
2020-06-10	4.85210308175199	0.9	17.9	1.42823283618775
2020-06-11	4.85210308175199	0.9	17.3	1.44675591440398
2020-06-12	4.92218570155603	0.89	16.8	1.48552501901346
2020-06-13	4.78052934237765	0.88	16.7	1.44767202958561
2020-06-14	4.75219807054197	0.88	16.6	1.44487967647752
2020-06-15	4.64334634191017	0.87	16.2	1.42198273893785
2020-06-16	4.57177260253583	0.86	15.7	1.40864483405006
2020-06-17	4.82377180991631	0.86	14.7	1.49171143338021
2020-06-18	4.75368919011227	0.86	14.3	1.47815684783516
2020-06-19	4.86701427745497	0.86	13.8	1.50568784655269
2020-06-20	5.08620885428888	0.87	13.6	1.55670968801913
2020-06-21	5.09068221299978	0.87	13.6	1.5591461688116
2020-06-22	5.23979417002965	0.88	13.3	1.58000044963018
2020-06-23	5.46346210557446	0.89	12.9	1.6120587627097
2020-06-24	5.38443276834863	0.9	12.5	1.55616367514922
2020-06-25	5.27856327885742	0.91	12.3	1.5170279964517
2020-06-26	5.13392468053844	0.92	12	1.44740492865971
2020-06-27	5.13690691967904	0.93	11.7	1.43302828618968
2020-06-28	5.30540343112279	0.95	11.7	1.47060647017248
2020-06-29	5.42469299674669	0.97	11.7	1.43195084606332
2020-06-30	5.51266905139431	0.99	11.3	1.40062283579715
2020-07-01	5.45600650772296	1.01	11	1.33372699967923
2020-07-02	5.57976943205776	1.03	10.8	1.29736401427031
2020-07-03	5.83027751986794	1.04	10.5	1.30199661680675
2020-07-04	5.84966207428182	1.06	10.2	1.28932812299724
2020-07-05	5.68265668240837	1.07	10.3	1.25163803324345
2020-07-06	5.68862116068956	1.08	10.3	1.23534345138446
2020-07-07	5.46644434471505	1.09	10.1	1.16560047819507
2020-07-08	5.57380495377656	1.1	9.9	1.1631018538686
2020-07-09	5.74379258479061	1.12	9.6	1.15486665967111
2020-07-10	5.89588678096108	1.13	9.3	1.14726747812967
2020-07-11	5.89588678096108	1.15	9.3	1.13717414812599
2020-07-12	5.91527133537496	1.16	9.4	1.14081453064699
2020-07-13	6.21200412986441	1.17	9.2	1.16087899104401
2020-07-14	5.63046749744791	1.19	9.2	1.21858339680122
2020-07-15	5.84966207428182	1.21	9	1.21712853224786
2020-07-16	6.24629987998128	1.23	9	1.24869213732335
2020-07-17	6.40883191314384	1.26	8.9	1.22755106703834
2020-07-18	6.54899715275191	1.29	8.9	1.23009015619792
2020-07-19	6.65934000095402	1.33	8.9	1.24019727634239
2020-07-20	6.89344577349092	1.36	8.7	1.24421693459181
2020-07-21	8.25036458246274	1.39	8.5	1.25497863383566
2020-07-22	8.71857612753653	1.41	8.3	1.30249985520354
2020-07-23	8.96461085663582	1.42	8.1	1.33062722296859
2020-07-24	9.42536680385812	1.42	7.6	1.3959497360924
2020-07-25	9.68929496780099	1.42	7.3	1.42826684719655
2020-07-26	9.79516445729219	1.41	7.3	1.43581247226843
2020-07-27	10.378192209279		1.4	7.4	1.49431580303372
2020-07-28	10.7733388954081	1.39	7.1	1.50962713776784
2020-07-29	11.2176925273572	1.38	7	1.51792433985525
2020-07-30	11.8245781924687	1.37	7.1	1.55357989475623
2020-07-31	12.3554167594951	1.37	6.9	1.58734415828231
2020-08-01	12.6059248473053	1.36	6.8	1.60763999817443
2020-08-02	12.589522532032		1.36	6.8	1.60177118746965
2020-08-03	13.4707741980785	1.36	7.1	1.68938124588594
2020-08-04	14.4400019187727	1.36	7.2	1.80787332192056
2020-08-05	15.1751238669299	1.36	7.1	1.9095599962473
2020-08-06	16.0802334461012	1.36	7.2	2.0131872727137
2020-08-07	17.0703368407796	1.36	7.1	2.13365141786803
2020-08-08	17.3864541896829	1.36	7.2	2.16883829506245
2020-08-09	17.67125802761		1.37	7.3	2.20296417743426
2020-08-10	18.8671359229895	1.37	7.4	2.34514586499611
2020-08-11	19.8840794699332	1.38	7.3	2.48185833213909
2020-08-12	21.2678384311704	1.39	7	2.64739511021687
2020-08-13	23.3300567968935	1.41	6.9	2.86077361198724
2020-08-14	25.6979546745279	1.42	6.8	3.05740845869997
2020-08-15	25.3415770972265	1.44	7	3.12872796359298
2020-08-16	25.7113747506606	1.45	7	3.15018315018315
2020-08-17	28.9769266096147	1.47	7.1	3.36013998710099
2020-08-18	31.9979348590399	1.48	7.1	3.50793162974394
2020-08-19	34.9071091406927	1.49	7.2	3.65993411805906
2020-08-20	37.2571135834835	1.5	7.3	3.75090259752932
2020-08-21	39.1165396876459	1.49	7.3	3.78644195989111
2020-08-22	41.3069943364147	1.49	7.3	3.79658879881588
2020-08-23	41.7781881206291	1.48	7.3	3.83437387950831
2020-08-24	44.6992913588443	1.46	7.7	3.96057001979162
2020-08-25	47.7724887932299	1.45	7.9	4.09363823727462
2020-08-26	50.4907997698845	1.44	7.4	4.16613863505777
2020-08-27	53.883096792314		1.43	7.4	4.26729899906945
2020-08-28	57.5601976526706	1.42	7.5	4.40386105055165
2020-08-29	58.7173064392224	1.4	7.8	4.42827583104674
2020-08-30	59.1810446255853	1.39	7.8	4.44580606208603
2020-08-31	62.9118257904727	1.38	8	4.59483330374733
2020-09-01	65.9894965835692	1.37	8.3	4.74922116207019
2020-09-02	69.5711657914267	1.36	8.7	4.95496595764113
2020-09-03	73.1051191730346	1.35	9.1	5.17872610119362
2020-09-04	76.8090601856566	1.34	9.2	5.37237748380287
2020-09-05	78.3523689409158	1.33	9.4	5.44175839653192
2020-09-06	78.5790191156012	1.32	9.5	5.45803111920813
2020-09-07	82.7168759231801	1.31	10.5	5.62999905613558
2020-09-08	86.8920107200165	1.3	11.2	5.69133403002276
2020-09-09	90.2351007966262	1.28	11.7	5.71212548836006
2020-09-10	93.6214333407745	1.27	12	5.70274792048524
2020-09-11	95.4018301077112	1.26	12.4	5.62226762450845
2020-09-12	96.069851675205		1.25	12.9	5.62685533476156
2020-09-13	96.2070346756725	1.23	13.1	5.63310435386931
2020-09-14	99.8423841880607	1.22	13.9	5.72087678302141
2020-09-15	102.589026436551	1.21	14.9	5.78215884632484
2020-09-16	105.738270969022	1.2	15.7	5.92309465658547
2020-09-17	108.22545841228		1.19	15.7	6.11189191601664
2020-09-18	111.140597172214	1.18	16.2	6.37697700403999
2020-09-19	112.196309827985	1.16	16.4	6.48450898435817
2020-09-20	112.548214046576	1.14	16.5	6.50509995216775
2020-09-21	113.890221659845	1.12	18	6.77596355587493
2020-09-22	114.899709608937	1.1	18.7	7.12363466596407
2020-09-23	114.170552139061	1.08	19.7	7.3826273425357
2020-09-24	112.660048014348	1.06	20.6	7.58639040480362
2020-09-25	111.209188672448	1.04	21.6	7.76883798158754
2020-09-26	110.603794126906	1.02	21.8	7.81117543052293
2020-09-27	109.987961744373	1.01	22	7.81555949242623
2020-09-28	107.148870082524	1	22.9	7.82443849434711
2020-09-29	105.02998917313		1	23.7	7.88136275953435
2020-09-30	105.542934305313	1.01	24.4	8.07243879323421
2020-10-01	108.37606148888		1.03	24.9	8.42200769650598
2020-10-02	114.139238628085	1.06	25.1	8.92824025744535
2020-10-03	117.704505520669	1.1	25.5	9.17865689309144
2020-10-04	118.573828230153	1.15	26.4	9.23630872872989
2020-10-05	130.045011084461	1.2	27.9	9.99476269987978
2020-10-06	140.289002532413	1.24	28	10.6181296977631
2020-10-07	151.321796233053	1.29	27.8	11.228170335555
2020-10-08	163.049451653453	1.32	28	11.7380522993688
2020-10-09	174.723426769321	1.35	28.4	12.1050462141772
2020-10-10	180.75649655075		1.37	28.8	12.2903691206782
2020-10-11	182.557768991671	1.39	29.3	12.3485928171797
2020-10-12	197.149865106614	1.4	30.4	12.7927115524912
2020-10-13	209.739387638646	1.4	32.3	13.1019746248734
2020-10-14	221.122594438306	1.41	32.9	13.2440294115283
2020-10-15	234.356280624707	1.41	34.4	13.453664858498
2020-10-16	247.640664876498	1.41	35.4	13.7036499169086
2020-10-17	253.318848200196	1.42	36.9	13.8081850183814
2020-10-18	255.469042620566	1.42	38.3	13.8588961223856
2020-10-19	275.233832524876	1.43	41.3	14.4968604089519
2020-10-20	298.076293222281	1.44	42.9	15.3425971763315
2020-10-21	324.023264865049	1.44	44.3	16.2821941272247
2020-10-22	351.526965339209	1.44	45.7	17.2243053201314
2020-10-23	383.271409871298	1.43	48.1	18.2038116417255
2020-10-24	397.539933039486	1.41	49.2	18.6487923279776
2020-10-25	401.267731965233	1.39	50.9	18.7664970902358
2020-10-26	432.458971136741	1.36	54.6	19.6056335362243
2020-10-27	448.22606947308		1.33	57.5	20.0713789695788
2020-10-28	436.29562179112		NA	60	20.1832381640866
