NA
NA
NA
NA
NA
NA
NA
NA
NA
NA
NA
NA
NA
NA
NA
NA
NA
NA
NA
NA
NA
NA
NA
NA
NA
NA
NA
NA
NA
NA
NA
NA
NA
NA
NA
NA
NA
NA
NA
NA
NA
NA
NA
NA
NA
NA
NA
NA
NA
NA
NA
NA
NA
NA
NA
NA
NA
NA
NA
NA
NA
NA
NA
NA
NA
NA
NA
NA
NA
NA
NA
NA
NA
NA
NA
0.84
0.83
0.83
0.84
0.85
0.86
0.87
0.89
0.9
0.9
0.9
0.89
0.89
0.88
0.87
0.86
0.86
0.86
0.86
0.87
0.88
0.89
0.89
0.9
0.91
0.92
0.94
0.95
0.97
0.99
1.01
1.03
1.04
1.05
1.07
1.08
1.09
1.1
1.12
1.13
1.15
1.16
1.17
1.19
1.21
1.24
1.27
1.3
1.33
1.36
1.39
1.41
1.42
1.42
1.42
1.41
1.4
1.39
1.38
1.37
1.37
1.36
1.36
1.36
1.36
1.36
1.36
1.36
1.36
1.36
1.37
1.38
1.39
1.41
1.42
1.44
1.45
1.47
1.48
1.49
1.49
1.49
1.48
1.47
1.46
1.45
1.44
1.43
1.41
1.4
1.39
1.38
1.36
1.36
1.35
1.34
1.32
1.31
1.3
1.29
1.28
1.27
1.26
1.25
1.23
1.22
1.21
1.2
1.19
1.18
1.16
1.14
1.12
1.1
1.08
1.06
1.04
1.02
1.01
1
1
1.02
1.04
1.07
1.1
1.15
1.19
1.24
1.28
1.32
1.35
1.37
1.38
1.39
1.4
1.4
1.41
1.41
1.42
1.43
1.44
1.45
1.46
1.47
1.47
1.46
1.45
1.43
1.4
1.37
1.33
1.29
1.25
1.2
1.16
1.11
1.07
1.02
0.98
0.93
0.89
0.84
0.8
0.76
0.72
0.69
0.66
0.64
0.63
0.62
0.6
0.59
0.58
0.56
NA
NA
NA
NA
NA
