542
789



1 180 37
1 325 31
2 240 1
2 295 1
2 358 1
2 536 5
3 55 73
3 178 19
3 412 29
4 287 215
5 198 1
5 303 1
6 300 2
6 308 1
7 40 16
7 48 16
7 356 220
8 139 12
8 503 16
9 254 1
9 340 1
9 352 1
10 420 1
10 452 1
11 311 1
11 359 1
11 386 1
12 491 1
12 507 1
12 534 1
13 395 1
13 428 1
14 34 1
14 96 1
14 104 1
14 364 1
15 295 1
15 357 1
15 536 2
16 167 1
16 348 1
17 443 1
17 506 1
18 157 1
18 234 3
19 390 3
19 414 1
20 21 1
20 193 1
20 312 1
20 322 1
20 341 1
21 310 1
22 484 1
22 516 1
23 44 1
23 59 1
23 301 1
24 81 1
24 370 1
25 110 31
25 113 2412
25 142 250
25 492 225
26 200 1
26 254 1
26 352 1
27 147 1
27 268 1
27 300 1
27 464 1
28 347 1
28 432 1
29 252 12
29 369 7
30 63 1
30 485 1
31 271 3
31 330 5
32 200 2
32 227 4
33 85 1
33 411 2
33 477 4
34 96 1
35 161 1
35 318 1
36 194 3
36 216 1
37 237 1
37 368 1
38 167 1
38 212 1
39 205 4
39 475 3
40 48 1
40 419 1
41 97 1
41 370 1
41 517 1
42 336 1
42 398 1
43 364 1
43 513 2
43 538 2
44 59 1
44 300 1
44 301 1
45 65 1
45 203 1
45 361 1
45 433 1
46 172 1
46 225 1
47 285 1
47 413 1
48 123 1
49 197 4
49 374 6
49 414 1
50 91 1
50 183 1
50 540 1
51 76 1
51 454 1
52 167 1
52 348 1
53 152 1
53 220 1
53 351 1
53 467 1
54 351 1
54 397 1
55 377 230
55 412 133
55 418 829
56 456 1
56 538 1
57 75 1
57 271 1
57 283 1
57 330 1
58 154 1
58 168 1
59 472 1
60 81 3
60 249 1
60 292 1
60 470 1
61 106 1
61 525 1
62 273 7
62 294 4
63 172 1
63 213 1
63 225 1
64 93 1
64 497 1
65 361 1
66 189 1
66 232 1
67 214 1
67 335 1
67 394 1
67 502 1
68 210 1
68 224 1
69 98 1
69 314 1
70 388 1
70 408 1
71 252 3
71 432 1
72 296 1
72 313 1
72 500 1
73 102 1
73 170 1
73 393 1
74 184 1
74 367 1
74 459 1
75 255 1
75 330 2
76 175 1
76 184 1
77 158 1
77 185 1
77 328 1
77 375 1
77 420 1
77 452 1
77 505 1
78 119 1
78 319 1
78 339 1
79 150 1
79 151 1
79 166 1
79 450 1
80 342 1
80 380 1
80 409 1
81 198 3
81 320 3
81 470 4
81 518 1
82 422 1
82 526 1
83 292 1
83 380 1
84 89 1
84 308 1
84 433 1
84 513 1
85 496 1
86 98 1
86 171 1
86 483 1
87 95 2
87 212 1
87 348 5
88 236 9
88 240 6
88 282 8
89 278 1
89 446 1
90 141 1
90 329 1
91 432 1
91 505 1
92 321 1
92 498 1
93 366 1
94 460 2
94 503 16
95 238 1
95 348 1
97 297 1
98 314 1
98 483 1
99 378 1
99 521 1
100 168 1
100 427 1
100 521 1
101 323 4
101 417 4
102 170 1
102 393 1
103 151 1
103 432 1
103 527 1
104 433 1
105 139 24
105 262 40
105 376 42
105 424 36
106 519 1
106 525 2
107 293 2
107 471 2
108 333 1
108 512 1
108 532 2
109 123 4
109 430 11
110 269 14
110 323 7
111 446 1
111 513 1
112 133 1
112 229 1
112 481 1
114 504 1
114 505 1
115 429 1
115 510 1
115 524 12
116 174 1
116 218 1
117 310 1
117 336 1
117 455 1
117 482 1
117 489 2
118 149 1
118 181 2
118 186 1
119 226 1
120 338 1
120 474 1
121 189 1
121 407 1
122 536 3
122 538 1
123 268 2
124 133 1
124 242 1
125 148 1
125 319 1
125 378 1
126 157 1
126 228 2
126 436 1
126 530 2
127 223 1
127 419 1
128 246 1
128 426 1
129 498 1
129 509 1
130 195 1
130 481 1
131 294 1
131 400 1
132 261 1
132 289 1
133 195 1
133 242 1
133 440 1
134 195 1
134 290 1
135 291 3
135 309 11
136 441 1
136 499 1
137 291 1
137 453 1
137 469 1
138 162 1
138 379 1
140 160 1
140 373 1
141 234 2
141 329 1
141 530 1
142 363 438
143 208 1
143 209 1
144 268 1
144 300 1
144 308 1
144 472 1
145 480 2
145 529 3
146 397 1
146 471 1
147 464 1
148 319 1
148 378 1
149 181 1
150 151 1
150 379 1
150 444 1
151 362 1
152 220 1
152 489 1
153 369 1
153 434 1
154 227 5
154 291 3
154 535 9
155 307 10
155 309 27
155 535 21
156 461 1
156 514 1
157 234 2
157 511 1
157 530 2
157 532 2
158 185 1
158 449 1
159 262 24
159 424 23
160 373 1
161 422 1
161 526 1
162 302 1
162 379 1
163 350 5
163 473 4
163 491 6
164 211 2
164 390 3
164 414 1
165 247 1
165 276 1
165 442 1
166 450 1
166 527 1
167 348 1
168 469 1
169 360 30
169 406 20
171 447 1
172 213 1
172 225 1
173 202 1
173 317 1
173 459 1
174 375 1
175 184 1
176 270 1
176 286 1
176 500 1
177 204 1
177 316 1
178 377 63
179 355 6
179 491 3
179 534 1
180 206 109
180 325 39
180 462 50
181 386 2
181 399 7
181 442 1
182 284 1
182 426 1
182 478 1
183 347 1
184 367 1
185 328 1
186 247 1
186 288 1
187 333 1
187 480 1
187 490 1
188 265 3
188 283 4
188 346 10
188 451 7
189 391 1
189 479 1
190 257 1
190 275 1
190 349 3
190 528 3
191 296 1
191 441 1
192 264 3
192 457 3
192 542 6
193 340 1
193 341 1
193 524 7
193 541 1
194 216 4
194 250 3
194 485 3
195 290 1
195 334 1
195 451 1
195 481 1
196 386 1
196 404 1
196 408 1
196 470 1
197 414 2
198 320 1
198 372 1
198 479 1
199 230 1
199 392 1
199 423 1
200 254 1
200 339 2
201 221 167
201 235 291
202 317 1
202 514 1
203 260 1
203 401 1
204 211 2
204 251 3
204 316 2
204 395 1
205 273 7
205 360 11
205 406 7
206 245 330
206 287 182
206 462 111
207 386 1
207 399 2
207 520 3
208 209 1
208 449 1
209 504 1
210 318 1
211 251 2
211 374 4
212 238 1
213 463 1
214 335 1
215 349 1
215 528 1
216 465 1
217 271 4
217 330 5
217 463 2
218 246 4
218 375 2
218 379 3
219 421 1
219 528 1
220 489 2
221 244 72
222 259 1
222 523 1
223 419 1
224 372 1
226 277 4
226 392 3
227 427 1
228 371 3
229 326 1
230 289 1
231 455 1
231 493 1
232 337 1
232 445 1
233 273 7
233 294 4
233 323 6
233 417 6
234 402 1
234 530 3
235 262 79
236 240 1
237 368 1
239 438 1
239 517 1
240 282 1
240 536 4
241 243 22
241 387 66
241 406 23
242 332 1
242 440 1
243 430 15
243 475 5
244 272 38
244 424 42
246 375 1
246 379 1
247 410 1
248 381 1
248 396 1
249 292 1
250 423 1
250 485 1
250 487 1
251 374 5
252 369 3
252 434 1
253 310 1
253 336 2
253 385 1
253 515 2
254 352 1
255 274 1
256 286 1
256 317 1
256 461 1
257 275 1
258 381 1
258 396 1
259 421 1
259 523 1
259 528 1
260 443 1
261 289 1
261 423 1
261 528 1
263 287 136
263 309 51
264 280 2
264 474 2
265 346 2
265 451 1
266 279 2
266 326 2
267 268 1
267 294 1
268 300 3
269 492 101
270 286 1
271 330 1
272 424 20
272 495 8
274 283 1
274 458 1
276 442 1
277 293 2
277 392 3
277 471 2
278 522 1
279 326 1
280 474 1
280 490 1
280 529 2
281 343 1
281 361 1
281 484 1
282 539 2
284 331 1
284 426 1
285 490 1
286 461 1
288 354 1
288 410 1
288 437 1
288 476 1
290 334 1
291 453 1
291 469 1
293 471 2
293 533 2
295 358 1
296 441 1
297 422 1
298 327 1
298 496 1
299 345 1
299 367 1
300 301 1
302 362 1
303 305 1
304 439 1
304 516 1
305 382 1
305 447 1
306 344 1
306 365 1
306 438 1
307 510 1
307 535 5
308 513 1
309 535 14
310 336 1
310 515 1
311 359 1
311 386 1
312 322 1
312 541 1
313 500 1
314 342 1
315 407 1
315 514 1
316 324 1
316 428 1
317 514 1
318 526 1
320 448 1
320 505 1
320 525 1
321 498 1
323 389 7
324 428 1
326 440 1
327 496 1
331 426 1
332 440 2
335 394 1
335 525 1
336 398 1
336 515 1
337 519 1
338 414 1
339 392 2
340 352 2
340 524 9
341 352 1
343 433 1
344 438 1
345 402 1
347 432 1
348 381 3
349 528 1
350 453 2
350 473 2
350 491 3
351 467 1
353 425 1
353 453 1
354 476 1
355 495 6
356 492 275
357 489 1
361 433 1
361 484 1
363 542 85
365 470 1
366 498 1
366 509 1
367 454 1
369 434 1
370 517 1
371 434 1
371 530 3
372 479 1
373 449 1
375 379 1
376 503 27
379 416 1
380 409 1
381 396 1
381 539 2
382 447 1
383 465 3
383 473 3
384 400 1
384 477 1
385 429 1
386 403 1
386 494 1
387 406 38
388 401 1
388 516 1
389 457 5
390 414 1
391 405 1
391 479 1
393 436 1
394 525 1
397 471 1
399 520 5
400 417 1
401 516 1
403 404 1
403 408 1
405 407 1
411 477 5
413 417 1
413 468 1
415 418 1468
415 435 1668
416 444 1
417 468 2
417 477 9
420 452 1
421 528 1
422 526 1
423 487 1
425 469 1
425 521 1
426 478 1
430 475 7
431 486 1
431 494 2
431 497 4
431 537 1
433 488 1
433 497 2
437 476 1
439 484 1
439 488 1
441 522 1
443 506 1
445 459 1
445 466 1
446 499 1
448 525 1
455 482 1
455 493 1
456 538 1
458 481 1
459 466 1
460 503 3
465 473 2
469 521 1
470 501 1
470 508 1
471 533 2
480 512 1
483 518 1
486 537 1
491 507 1
494 497 1
495 531 1
501 508 1
502 525 1
504 540 1
507 531 1
510 524 6
511 532 3



6966 0 57 saint-jean-d-illac
1667 0 332 guîtres
5109 0 425 canejan
23095 0 4374 bouscat
383 0 60 casseuil
1835 0 140 genissac
23624 0 1145 libourne
4557 0 42 barp
992 0 275 virsac
228 0 25 lavazan
544 0 69 flaujagues
779 0 18 salaunes
176 0 6 origne-33
500 0 65 saint-christophe-des-bardes
762 0 101 bonzac
706 0 49 petit-palais-et-cornemps
179 0 27 soussac
1855 0 236 cerons
2180 0 343 beautiran
1443 0 110 salignac-33
1079 0 88 perissac
290 0 30 merignas
480 0 83 daignac
377 0 32 saint-hilaire-de-la-noaille
16202 0 1868 floirac-33
1368 0 141 prignac-et-marcamps
1076 0 104 baron-33
669 0 50 mazeres-33
7391 0 539 langon-33
707 0 299 saint-seurin-de-cursac
4221 0 30 saint-laurent-medoc
2894 0 100 ambes
1417 0 76 sauve-33
162 0 36 saint-hippolyte-33
140 0 19 saint-martin-de-lerm
868 0 121 plassac-33
315 0 123 villenave-de-rions
312 0 40 puynormand
2778 0 334 montussan
1097 0 175 billaux
92 0 27 coutures-33
367 0 85 saint-germain-de-la-riviere
1984 0 73 saint-emilion
716 0 105 espiet
872 0 29 blasimon
705 0 164 eyrans
308 0 50 saint-genes-de-lombaud
1077 0 70 fronsac-33
2487 0 145 martillac
294 0 39 cazats
295 0 57 escoussans
541 0 179 camps-sur-l-isle
1055 0 35 maransin
709 0 78 marcenais
23063 0 1462 gradignan
1308 0 55 lussac-33
1226 0 55 vertheuil
628 0 131 barde-33
287 0 72 tizac-de-curton
1122 0 122 lamothe-landerron
1077 0 116 saint-pierre-de-mons
2649 0 227 pompignac
283 0 60 fours-33
467 0 115 sainte-colombe-33
1811 0 57 sauveterre-de-guyenne
135 0 14 sainte-foy-la-longue
504 0 72 bieujac
274 0 75 bagas
263 0 82 blaignac
85 0 12 saint-antoine-du-queyret
1604 0 104 fargues-33
269 0 42 lugasson
476 0 82 bommes
314 0 35 saint-pierre-de-bat
1660 0 70 saint-estephe-33
204 0 47 ladaux
1124 0 49 grignols-33
350 0 61 saint-vivien-de-blaye
1742 0 16 saint-symphorien-33
115 0 16 bourdelles
4230 0 337 reole
158 0 20 caumont-33
582 0 85 mongauzy
1294 0 536 branne-33
330 0 73 saint-leon-33
413 0 74 puybarban
3053 0 345 saint-seurin-sur-l-isle
8045 0 238 coutras
394 0 107 lugaignac
278 0 55 monprimblanc
866 0 67 coimeres
212 0 32 francs
395 0 58 saint-genes-de-castillon
4379 0 28 belin-beliet
902 0 68 porcheres
279 0 39 saint-etienne-de-lisse
169 0 36 neuffons
471 0 88 loupiac-de-la-reole
323 0 105 saint-trojan
480 0 289 comps-33
1843 0 245 cenac
720 0 36 leogeats
1564 0 49 noaillan
261 0 62 saint-pey-d-armens
9672 0 183 biganos
1995 0 1114 saint-macaire
2337 0 121 cezac-33
922 0 68 virelade
3429 0 237 vayres-33
3106 0 415 bouliac
541 0 130 vignonet
525 0 38 valeyrac
239157 0 4845 bordeaux
221 0 36 berthez
2067 0 231 cubzac-les-ponts
296 0 49 saint-come
1237 0 89 villegouge
689 0 67 saint-andre-et-appelles
791 0 59 civrac-de-blaye
749 0 97 baurech
239 0 32 saint-laurent-du-bois
1051 0 103 artigues-de-lussac
1886 0 109 arveyres
1388 0 45 queyrac
362 0 85 mombrier
1280 0 43 illats
389 0 56 neac
150 0 5 escaudes
390 0 36 salles-de-castillon
284 0 37 saint-christoly-medoc
806 0 187 bonnetan
467 0 74 campugnan
1051 0 25 jau-dignac-et-loirac
232 0 31 prignac-en-medoc
3146 0 96 arsac
282 0 50 jugazan
1506 0 204 margaux
240 0 24 pompejac
4301 0 175 marcheprime
761 0 21 aillas
1099 0 114 loupiac-33
24913 0 2501 begles
388 0 31 gajac
859 0 86 nerigean
2230 0 219 langoiran
1324 0 128 cubnezais
499 0 108 croignon
689 0 114 lansac-33
461 0 136 saint-philippe-du-seignal
1038 0 16 prechac-33
969 0 77 villandraut
821 0 83 saint-martin-du-bois-33
919 0 193 verdelais
3486 0 178 macau
7978 0 365 parempuyre
152 0 26 daubeze
1128 0 356 beguey
151 0 27 cauvignac
6052 0 73 audenge
356 0 19 sigalens
115 0 36 landerrouet-sur-segur
163 0 24 marimbault
3728 0 155 castelnau-de-medoc
2095 0 118 saint-selve
309 0 47 roquille
317 0 8 saint-leger-de-balson
407 0 73 saint-sauveur-de-puynormand
727 0 127 bayon-sur-gironde
6899 0 671 bassens-33
706 0 33 budos
430 0 49 pondaurat
469 0 63 saint-genes-de-blaye
385 0 46 gornac
334 0 29 sauviac-33
141 0 21 montignac-33
187 0 51 cessac
990 0 11 saint-magne
6186 0 178 saint-aubin-de-medoc
2190 0 12 carcans
8933 0 964 haillan
4417 0 254 pineuilh
87 0 5 goualade
242 0 43 aubiac-33
227 0 28 cantois
127 0 18 masseilles
548 0 35 leves-et-thoumeyragues
620 0 208 lestiac-sur-garonne
5581 0 150 lesparre-medoc
86 0 35 saint-laurent-du-plan
3085 0 80 saint-ciers-sur-gironde
225 0 70 bellefond-33
2048 0 251 quinsac-33
1195 0 158 aubie-et-espessas
4802 0 747 blaye
909 0 41 begadan
991 0 25 pellegrue
2802 0 220 saint-medard-d-eyrans
1141 0 129 gironde-sur-dropt
956 0 80 saint-girons-d-aiguevives
1301 0 123 tauriac-33
24591 0 136 teste-de-buch
186 0 23 castelviel
270 0 26 mauriac-33
2121 0 30 cabanac-et-villagrains
2534 0 298 yvrac
19571 0 1629 eysines
1514 0 81 saint-avit-saint-nazaire
229 0 22 birac-33
188 0 26 gans
309 0 52 loubens-33
1493 0 73 saint-morillon
437 0 55 gours-33
572 0 49 saint-androny
224 0 37 brannens
896 0 64 anglade
1188 0 133 lamarque
5075 0 223 pauillac
4715 0 126 bazas
849 0 23 donnezac
1385 0 118 saint-ciers-d-abzac
10975 0 1451 arcachon
536 0 103 saint-caprais-de-blaye
715 0 114 pomerol
435 0 74 camiran
515 0 138 mazion
2834 0 83 saint-savin-33
2197 0 208 bourg-33
2096 0 35 landiras
662 0 43 talais
405 0 26 saugon
538 0 97 saint-michel-de-fronsac
208 0 27 saint-martial-33
2711 0 386 fargues-saint-hilaire
2520 0 463 cadillac
19305 0 357 gujan-mestras
1790 0 133 abzac-33
439 0 103 cardan
535 0 51 saint-antoine-sur-l-isle
243 0 25 sainte-gemme-33
1295 0 109 sablons-33
8004 0 319 saint-loubes
880 0 25 vensac
4339 0 288 saint-sulpice-et-cameyrac
11127 0 556 andernos-les-bains
27719 0 325 saint-medard-en-jalles
1425 0 11 captieux
197 0 18 riocaud
663 0 18 saint-christophe-de-double
193 0 25 saint-michel-de-lapujade
1160 0 104 cars-33
2136 0 23 saucats
2582 0 392 toulenne
2393 0 280 lande-de-fronsac
1362 0 168 saint-laurent-d-arce
714 0 45 saint-seurin-de-cadourne
132 0 43 martres
220 0 52 pleine-selve-33
677 0 44 chamadelle
1168 0 36 marcillac
158 0 26 cleyrac
1104 0 96 cartelegue
6586 0 75 teich
14779 0 438 blanquefort-33
2717 0 264 saint-caprais-de-bordeaux
844 0 8 naujac-sur-mer
2645 0 91 soulac-sur-mer
936 0 174 camarsac
2105 0 178 saint-germain-du-puch
7245 0 995 artigues-pres-bordeaux
241 0 49 bellebat
1262 0 57 saint-sauveur-33
5576 0 115 ares
4155 0 360 tresses
461 0 45 ordonnac
486 0 49 saint-palais-33
385 0 28 margueron
2186 0 196 saint-yzan-de-soudiac
715 0 91 grezillac
1356 0 79 verdon-sur-mer
1056 0 132 tabanac
364 0 47 saint-vincent-de-pertignas
1660 0 58 lagorce-33
1187 0 26 saint-germain-d-esteuil
241 0 5 saint-michel-de-castelnau
795 0 77 haux-33
347 0 43 baigneaux-33
14903 0 1048 bruges
248 0 22 saint-quentin-de-caplong
575 0 60 generac-33
584 0 31 civrac-en-medoc
1310 0 91 cantenac
183 0 19 fosses-et-baleyssac
1510 0 125 saint-mariens
2223 0 150 salleboeuf
501 0 52 saint-martin-de-laye
427 0 82 romagne-33
203 0 14 rimons
93 0 62 dardenac
148 0 33 donzac-33
1934 0 222 saint-quentin-de-baron
378 0 57 camiac-et-saint-denis
307 0 27 lignan-de-bazas
281 0 52 barie
574 0 77 pujols-33
302 0 67 castillon-de-castets
279 0 28 cours-de-monsegur
2034 0 188 saint-louis-de-montferrand
968 0 73 moulon-33
5570 0 184 pian-medoc
820 0 95 verac
476 0 61 pessac-sur-dordogne
717 0 103 saint-genes-de-fronsac
727 0 50 frontenac-33
795 0 103 fontet
226 0 23 saint-sulpice-de-pommiers
1337 0 23 hostens
212 0 36 coirac
202 0 56 mesterrieux
778 0 108 teuillac
1134 0 185 caudrot
144 0 19 tayac
99 0 52 mouillac-33
3689 0 420 carignan-de-bordeaux
225 0 12 tuzan
7227 0 273 martignas-sur-jalle
1258 0 27 grayan-et-l-hopital
397 0 38 faleyras
217 0 20 cours-les-bains
322 0 61 gabarnac
1772 0 75 cissac-medoc
51 0 3 lartigue-33
2384 0 23 vendays-montalivet
547 0 28 saint-michel-de-rieufret
240 0 35 blaignan
185 0 87 saint-loubert
1128 0 103 lugon-et-l-île-du-carnay
403 0 40 saint-andre-du-bois
536 0 123 isle-saint-georges
2034 0 150 pugnac
1568 0 281 saint-gervais-33
1166 0 217 gauriaguet
390 0 49 noaillac
404 0 72 saint-jean-de-blaignac
308 0 32 taillecavat
262 0 100 omet
3235 0 16 hourtin
411 0 27 nizan
2390 0 230 saint-medard-de-guizieres
1385 0 28 braud-et-saint-louis
2222 0 42 avensan
490 0 52 tizac-de-lapouyade
1760 0 160 peujard
433 0 63 arcins
583 0 76 eynesse
4428 0 20 lacanau
19799 0 2690 lormont
510 0 114 savignac-de-l-isle
454 0 41 bayas
261 0 44 juillac-33
6885 0 1783 carbon-blanc
1161 0 178 rauzan
449 0 17 uzeste
28420 0 1336 villenave-d-ornon
279 0 72 saint-laurent-des-combes-33
288 0 27 dieulivol
415 0 70 saint-philippe-d-aiguille
285 0 32 arbis
647 0 35 capian
1566 0 203 saint-maixant-33
242 0 37 roquebrune-33
2166 0 163 preignac
269 0 52 esseintes
105 0 17 labescau
3825 0 164 brede
842 0 24 cudos
7219 0 52 mios
16353 0 164 cestas
426 0 109 samonac
1152 0 31 bernos-beaulac
497 0 70 hure
2167 0 126 eglisottes-et-chalaures
600 0 35 savignac-33
2404 0 38 listrac-medoc
464 0 118 pout
787 0 100 saint-romain-la-virvee
860 0 91 gensac-33
13270 0 535 ambares-et-lagrave
265 0 36 doulezon
3277 0 315 latresne
2108 0 302 castres-gironde
159 0 37 saint-exupery
1947 0 69 saint-christoly-de-blaye
732 0 64 sauternes
540 0 80 saint-pardon-de-conques
412 0 18 guillos
488 0 33 fieu
1092 0 134 marsas-33
266 0 183 tarnes
2474 0 4850 sainte-foy-la-grande
655 0 134 loupes
563 0 38 ruch
272 0 91 laroque-33
105 0 18 coubeyrac
279 0 19 massugas
85 0 18 saint-hilaire-du-bois-33
4632 0 511 sainte-eulalie-33
293 0 28 saint-felix-de-foncaude
176 0 33 listrac-de-dureze
164 0 49 montagoudin
182 0 36 landerrouat
1851 0 71 targon
9309 0 224 leognan
184 0 98 madirac
933 0 147 ayguemorte-les-graves
40600 0 4862 talence
215 0 3 lucmau
3501 0 183 sadirac
58025 0 1494 pessac
672 0 81 lalande-de-pomerol
187 0 11 marions
1441 0 38 reignac-33
56 0 1400 castelmoron-d-albret
956 0 87 saint-paul-33
6196 0 45 lanton
391 0 84 villeneuve-33
202 0 6 giscos
331 0 134 saint-seurin-de-bourg
709 0 18 louchats
490 0 78 asques-33
5370 0 344 izon
3045 0 536 castillon-la-bataille
1318 0 114 roaillan
1834 0 131 sainte-terre
899 0 100 sainte-croix-du-mont
66142 0 1373 merignac-33
755 0 100 pujols-sur-ciron
225 0 24 caplong
385 0 24 saint-vivien-de-monsegur
634 0 57 saint-pey-de-castets
1615 0 54 saint-vivien-de-medoc
494 0 44 naujan-et-postiac
168 0 33 ligueux-33
250 0 17 cazaugitat
231 0 4 cazalis-33
144 0 23 saint-germain-de-grave
396 0 115 cabara
91 0 35 bassanne
1211 0 139 castets-en-dorthe
328 0 39 sendets-33
91 0 1 bourideys
2034 0 48 gaillan-en-medoc
113 0 14 sillas
1544 0 113 soussans
450 0 39 soulignac
230 0 83 saint-aignan-33
861 0 49 puisseguin
2661 0 306 camblanes-et-meynac
397 0 34 saint-yzans-de-medoc
387 0 36 mourens
840 0 13 lugos
99 0 42 saint-genis-du-bois
9099 0 600 taillan-medoc
679 0 41 saint-julien-beychevelle
504 0 83 cursan
2000 0 111 cussac-fort-medoc
207 0 56 semens
469 0 18 lapouyade
704 0 78 lignan-de-bordeaux
853 0 153 gauriac
1525 0 153 monsegur-33
1605 0 242 cavignac
300 0 131 cadarsac
1810 0 88 moulis-en-medoc
1346 0 252 cambes-33
1983 0 126 beychac-et-caillau
75 0 26 saint-avit-de-soulege
4246 0 529 creon
469 0 12 lerm-et-musset
532 0 90 morizes
1193 0 481 paillet
252 0 39 couqueques
375 0 60 saillans-33
103 0 27 floudes
126 0 39 sainte-florence-33
1018 0 258 saint-martin-lacaussade
326 0 49 belves-de-castillon
1766 0 98 berson
233 0 120 civrac-sur-dordogne
2836 0 186 galgon
763 0 301 tourne
2648 0 20 sainte-helene-33
22242 0 4029 cenon
343 0 106 riviere-33
1094 0 68 mouliets-et-villemartin
2488 0 16 porge
310 0 124 blesignac
1864 0 134 saint-magne-de-castillon
220 0 62 saint-cibard
360 0 65 saint-aubin-de-branne
106 0 47 courpiac
378 0 46 puy-33
524 0 63 saint-martin-de-sescas
6158 0 44 salles-33
148 0 22 lados
916 0 59 auros
129 0 18 auriolles
556 0 9 saumos
364 0 18 saint-ferme
306 0 31 gardegan-et-tourtirac
1050 0 75 saint-vincent-de-paul-33
1581 0 148 rions
1083 0 142 arbanats
1485 0 81 saint-sulpice-de-faleyrens
303 0 52 saint-brice-33
1156 0 303 cadillac-en-fronsadais
47 0 19 bossugan
217 0 31 saint-sulpice-de-guilleragues
213 0 44 saint-seve
745 0 117 pian-sur-garonne
7714 0 82 lege-cap-ferret
789 0 116 saint-ciers-de-canesse
183 0 59 guillac-33
783 0 67 saint-aubin-de-blaye
9594 0 414 saint-andre-de-cubzac
1313 0 201 saint-pierre-d-aurillac
200 0 21 saint-martin-du-puy-33
451 0 10 balizac
1660 0 127 etauliers
2407 0 155 portets
2141 0 147 barsac-33
524 0 7 temple-33
2645 0 317 podensac
2358 0 50 laruscade
501 0 17 brach
4160 0 222 ludon-medoc
5170 0 182 saint-denis-de-pile
459 0 36 sainte-radegonde-33
1619 0 60 montagne-33
1587 0 120 peintures
207 0 36 brouqueyran
409 0 2044 saint-antoine-33
4816 0 314 cadaujac
