547
816



1 88 1
1 214 1
1 218 1
2 38 1
2 57 1
2 369 1
3 305 1
3 377 1
4 242 1
4 250 1
5 12 1
5 542 1
6 135 1
6 463 1
6 511 1
7 50 1
7 173 1
8 45 1
8 203 1
8 211 1
9 494 1
9 535 1
10 244 213
11 451 4
11 465 3
11 516 3
12 542 1
13 124 1
13 157 1
13 243 1
14 77 1
14 252 1
15 153 1
15 471 1
16 151 4
16 183 1
16 260 1
16 307 1
17 72 1
17 105 1
17 125 1
17 168 1
17 225 1
17 237 1
17 321 1
18 56 1
18 200 1
18 368 1
19 299 1
19 412 1
20 97 1
20 304 1
21 53 1
21 140 1
21 524 1
22 177 1
22 183 1
22 404 1
23 157 1
23 168 1
23 246 1
23 323 1
23 493 1
24 281 1
24 326 1
25 138 1
25 166 7
26 83 1
26 135 1
26 326 1
26 545 1
27 127 5
27 376 4
28 199 1
28 232 1
28 546 1
29 110 1
29 517 1
30 262 1
30 389 1
30 479 1
31 157 1
31 162 1
31 329 1
31 461 1
32 372 1
32 519 1
33 220 1
33 523 1
33 544 1
34 68 1
34 297 1
34 392 1
34 398 1
34 418 1
34 536 1
35 298 1
35 488 1
36 37 1
36 168 1
36 474 1
36 478 4
37 168 1
37 302 1
38 369 1
39 187 1
39 202 1
40 78 1
40 525 1
41 280 1
41 311 1
42 120 1
42 215 1
43 50 1
43 173 1
43 238 1
44 215 1
44 399 1
45 211 1
46 293 1
46 353 1
47 159 1
47 505 1
48 71 1
48 252 1
48 485 1
49 123 1
49 339 3
49 529 1
50 173 1
51 116 1
51 146 1
51 165 1
52 107 1
52 423 1
52 538 1
53 524 1
54 115 1
54 484 1
55 340 1
55 343 1
55 469 1
56 440 1
57 470 1
58 150 1
58 185 1
58 254 1
58 432 1
59 397 1
59 407 1
60 333 1
60 416 1
61 361 1
61 413 2
62 93 1
62 381 1
63 370 1
63 466 1
64 383 1
64 385 2
64 499 1
64 509 1
65 286 1
65 332 1
66 113 1
66 122 1
66 348 1
66 386 1
67 362 1
67 514 1
68 418 1
69 126 39
69 128 4
69 243 5
69 282 2
69 478 41
69 543 3
70 452 1
70 508 1
71 252 1
72 522 1
73 155 1
73 397 1
73 455 1
74 241 1
74 493 1
75 176 1
75 459 1
76 347 2
76 371 7
77 223 1
78 142 1
78 208 1
79 179 1
79 295 3
79 363 1
79 402 1
79 535 1
80 373 10
80 450 9
80 458 6
81 337 82
81 515 10
82 90 1
82 398 1
83 545 1
84 193 1
84 342 1
84 391 1
84 481 1
85 202 1
85 206 1
86 193 1
86 279 1
86 505 1
87 215 1
87 311 1
87 472 1
88 218 1
88 429 1
89 141 1
89 240 1
90 392 1
91 230 1
91 313 1
92 93 1
92 196 1
93 381 1
94 169 1
94 204 1
94 442 1
94 507 1
95 183 1
95 404 1
96 203 1
96 311 1
96 472 1
97 273 1
98 288 1
98 306 1
99 137 1
99 213 1
100 201 1
100 253 1
100 346 1
101 137 1
101 403 1
102 256 1
102 521 1
103 292 1
103 380 1
104 207 1
104 528 1
105 396 1
105 510 1
106 138 1
106 164 1
107 226 1
107 351 1
107 503 1
107 531 1
108 149 1
108 297 1
108 388 1
108 412 1
109 310 1
109 504 1
110 517 1
111 228 1
111 257 1
111 266 1
111 435 1
112 255 1
112 268 1
113 348 1
114 225 1
114 321 1
114 537 1
115 158 1
115 174 1
115 289 1
115 384 1
115 484 1
116 235 1
116 338 1
116 385 1
117 469 1
117 510 1
118 316 1
118 384 1
118 480 1
118 488 1
119 465 6
119 473 13
120 134 1
120 158 1
120 249 1
121 287 1
121 352 1
122 348 1
122 401 1
123 303 1
123 339 4
123 359 1
124 282 1
125 313 1
126 189 76
127 244 67
128 457 1
128 486 1
128 519 1
129 212 1
129 540 1
130 163 1
130 271 1
130 518 1
131 332 1
131 492 1
132 247 1
132 407 1
133 277 3
133 345 1
134 158 1
136 247 1
136 250 1
137 139 1
137 403 1
138 164 1
138 396 1
138 510 1
139 403 1
140 482 1
141 213 1
141 399 1
141 504 1
142 208 1
142 281 1
142 372 1
143 190 185
143 350 353
144 175 1
144 368 1
145 340 1
145 384 1
145 510 1
146 445 1
147 172 1
147 409 1
148 159 1
148 400 1
149 356 1
149 534 1
150 432 1
151 183 8
151 378 7
151 477 4
151 502 73
152 318 1
152 414 1
153 294 1
153 382 1
153 434 1
154 266 1
154 520 1
155 444 1
155 455 1
156 370 1
156 521 1
158 484 1
159 400 1
160 195 1
160 262 1
160 398 1
161 295 1
161 395 1
162 178 1
162 209 1
162 478 4
163 248 1
163 482 1
163 512 1
164 409 1
165 218 1
166 324 5
166 367 3
167 184 3
167 286 1
167 361 1
167 464 1
168 476 1
169 442 1
169 507 1
170 364 1
170 542 1
171 393 1
171 500 1
171 514 1
172 344 1
172 384 1
174 298 1
174 367 1
174 514 1
175 331 1
175 419 1
175 438 1
175 494 1
176 288 1
176 355 1
176 525 1
177 291 1
177 304 1
177 377 1
177 404 1
177 507 1
178 198 1
178 524 1
179 264 1
179 295 1
179 301 1
180 365 1
180 513 1
181 413 1
181 532 1
182 368 1
182 427 1
183 404 1
184 286 4
185 254 1
185 487 1
185 501 1
186 252 1
186 421 1
187 205 1
188 226 1
188 445 1
188 475 1
189 502 100
190 439 11
191 226 1
191 382 1
192 318 1
192 429 1
193 279 1
193 342 1
193 481 1
194 214 1
194 415 1
195 387 1
195 398 1
196 269 1
196 314 1
196 381 1
197 233 2
197 239 3
197 546 1
198 461 1
199 210 1
199 232 1
199 259 1
200 315 1
200 368 1
200 427 1
201 253 1
201 394 2
202 205 1
202 206 1
203 211 1
203 311 1
204 507 1
205 206 1
206 228 1
206 435 2
207 528 1
208 281 1
208 372 1
209 227 1
209 461 1
210 547 1
212 300 1
214 415 1
214 429 1
215 311 1
216 244 163
216 460 7
216 490 2
217 266 1
217 435 2
219 279 1
219 315 1
220 312 1
220 327 1
220 544 1
221 456 4
221 460 1
221 490 1
222 319 1
222 336 1
222 498 1
223 229 1
223 261 1
223 543 1
224 430 1
224 454 1
224 539 1
226 351 2
226 382 1
226 423 1
226 475 1
227 323 1
227 329 1
228 278 1
228 435 2
228 436 1
229 285 1
229 487 1
230 313 1
231 261 1
231 453 1
232 233 1
232 259 1
232 420 2
233 296 1
234 288 1
234 372 1
234 396 1
235 383 1
236 267 1
236 309 1
237 321 1
237 537 1
238 351 1
239 253 1
239 497 1
240 494 1
241 355 1
242 438 1
243 453 1
244 431 1055
244 473 123
245 269 1
245 381 1
245 408 1
245 424 1
246 493 1
247 250 1
248 482 1
248 489 1
249 292 1
251 431 599
252 485 1
253 346 1
253 410 1
253 447 2
253 497 1
254 432 1
254 501 1
255 428 1
255 466 1
255 477 1
256 283 1
256 491 1
257 425 1
257 436 1
258 345 1
258 420 2
258 547 1
260 307 1
260 441 1
261 511 3
261 543 1
262 389 1
262 398 1
263 294 1
263 471 1
264 481 1
265 330 1
265 397 1
266 320 1
266 435 1
266 437 1
267 345 1
267 468 1
268 377 1
269 379 1
269 426 1
270 430 1
270 454 1
271 433 1
272 310 1
272 362 1
272 504 1
273 417 1
274 298 1
274 349 1
274 488 1
275 322 1
275 494 1
275 526 1
276 327 1
276 446 1
277 309 1
277 345 1
277 468 1
278 436 1
279 505 1
280 311 1
282 486 1
283 370 1
283 466 1
283 491 1
284 318 1
284 449 1
284 464 1
284 492 1
285 487 1
286 464 1
287 352 1
287 448 1
288 355 1
288 459 1
288 525 1
289 484 1
290 361 1
290 388 1
291 377 1
291 417 1
291 507 1
292 298 1
293 331 2
293 353 5
294 434 1
295 301 3
295 395 1
296 411 1
296 547 1
297 388 1
297 398 1
297 536 1
298 349 1
298 494 1
298 514 1
299 412 1
300 406 1
300 433 1
301 411 1
301 483 1
301 547 1
302 476 1
303 312 1
303 339 2
303 354 1
303 523 1
304 417 1
305 348 1
305 426 1
306 372 1
306 459 1
307 325 1
308 336 1
308 375 1
308 427 1
309 420 2
309 425 1
310 362 1
311 472 1
312 523 1
314 379 1
315 363 1
316 480 1
317 418 1
317 534 1
318 449 1
319 402 1
320 437 1
321 537 1
322 494 1
322 526 1
324 353 3
325 378 1
326 502 8
326 545 1
327 446 1
328 334 1
328 540 1
330 397 1
331 419 1
332 492 1
333 416 1
333 424 1
334 462 1
334 540 1
335 358 1
335 512 1
336 498 1
337 373 37
338 385 2
338 509 1
339 351 4
339 470 2
340 343 1
340 527 1
341 365 1
341 513 1
343 344 1
346 439 6
347 371 5
347 376 2
348 401 1
348 509 1
350 502 57
352 448 1
354 366 1
356 388 1
357 367 1
357 495 1
358 467 1
358 512 1
358 533 1
359 529 1
360 456 9
360 473 6
361 464 1
364 542 1
365 405 1
365 513 1
366 523 1
367 384 1
367 393 1
368 427 1
369 470 1
369 474 1
369 478 5
370 466 1
371 376 8
373 496 55
374 500 1
374 514 1
375 427 1
377 428 1
378 466 1
378 477 1
379 381 1
380 399 1
382 517 1
384 480 1
384 510 1
385 509 1
386 499 1
386 509 1
387 398 1
388 449 1
389 541 1
390 506 1
390 530 1
391 411 1
392 405 1
393 514 1
394 410 2
396 510 1
397 506 1
400 440 1
402 535 1
403 526 1
406 433 1
407 494 1
408 424 1
409 495 1
411 483 1
411 547 1
413 490 1
413 532 2
414 492 1
415 429 1
415 541 1
416 424 1
418 534 1
419 440 1
420 547 1
421 467 1
422 441 1
422 443 1
430 454 1
433 518 1
441 443 1
444 455 1
444 498 1
444 530 1
445 475 1
447 520 3
449 479 1
450 458 14
451 465 3
451 516 4
452 508 1
452 527 1
454 539 1
455 530 1
457 486 1
458 515 3
460 490 1
460 532 1
462 487 1
463 519 1
466 477 1
467 485 1
467 533 1
476 522 1
485 533 1
489 518 1
497 520 1
503 531 1
506 530 1
508 527 1
511 519 1
511 543 2
517 538 1



231 0 15 juxue
365 0 38 saint-boes
492 0 11 lanne-en-baretous
171 0 24 lespourcy
1284 0 42 bidache
180 0 51 cuqueron
176 0 26 saint-gladie-arrive-munein
51 0 13 aubous
997 0 42 bastide-clairence
7762 0 1333 boucau
2172 0 158 urcuit
847 0 24 came
705 0 41 lacq
434 0 38 castetnau-camblong
254 0 31 masparraute
562 0 118 goes
589 0 45 morlanne
163 0 17 espechede
372 0 15 aldudes
131 0 5 escot
363 0 22 ozenx-montestrucq
704 0 104 eysus
1796 0 64 arthez-de-bearn
1544 0 143 artiguelouve
2989 0 178 sauvagnon
656 0 38 aubertin
3111 0 178 arcangues
448 0 59 pardies-pietat
139 0 13 ilharre
163 0 15 jaxu
729 0 78 argagnon
511 0 120 tarsacq
342 0 22 labastide-villefranche
691 0 59 uhart-cize
200 0 30 carrere
592 0 38 sallespisse
830 0 37 sault-de-navailles
159 0 30 saint-girons-en-bearn
283 0 14 aste-beon
179 0 65 beyrie-en-bearn
110 0 17 aurions-idernes
58 0 10 burosse-mendousse
173 0 29 autevielle-saint-martin-bideren
192 0 26 vialer
148 0 15 arroses
505 0 102 maucor
914 0 112 artigueloutan
168 0 29 viellenave-de-navarrenx
895 0 70 bellocq
234 0 35 osserain-rivareyte
147 0 10 ainharp
299 0 56 arberats-sillegue
402 0 65 laa-mondrans
125 0 14 mascaraas-haron
100 0 22 mialos
463 0 72 ouillon
298 0 51 salles-mongiscard
168 0 32 prechacq-navarrenx
146 0 16 peyrelongue-abos
164 0 18 sauguis-saint-etienne
2032 0 51 itxassou
232 0 6 alcay-alcabehety-sunharette
281 0 50 verdets
1115 0 31 cheraute
371 0 363 bonloc
268 0 27 idaux-mendy
162 0 33 riupeyrous
312 0 53 ascarat
7068 0 1114 mourenx
160 0 15 larreule-64
102 0 19 bastanes
221 0 23 casteide-candau
54 0 15 castera-loubix
189 0 30 doazon
472 0 49 serres-sainte-marie
1809 0 171 ahetze
298 0 43 meritein
1533 0 227 poey-de-lescar
1916 0 60 ger-64
2508 0 48 sare
15370 0 1933 hendaye
135 0 21 aincille
1679 0 34 lasseube
284 0 50 lucgarier
415 0 10 eaux-bonnes
1436 0 514 soumoulou
79 0 16 tadousse-ussau
198 0 12 ostabat-asme
56 0 11 castillon-(canton-de-lembeye)
184 0 45 caro-64
411 0 23 malaussanne
199 0 1 larrau
129 0 5 lacarry-arhan-charritte-de-haut
426 0 7 accous
880 0 95 agnos
153 0 28 diusse
196 0 4 sarrance
536 0 65 labastide-monrejeau
174 0 15 semeacq-blachon
737 0 104 rontignon
144 0 18 crouseilles
223 0 30 aren
165 0 19 lannecaube
444 0 17 bielle
1014 0 86 mazerolles-64
261 0 44 aubin-64
508 0 23 domezain-berraute
1601 0 23 saint-etienne-de-baïgorry
126 0 19 gerderest
154 0 17 labets-biscay
529 0 35 sevignacq-meyracq
441 0 32 feas
239 0 9 musculdy
147 0 44 bouillon-64
1379 0 75 garlin
501 0 51 espes-undurein
161 0 29 loncon
279 0 52 lalonquette
4669 0 206 mouguerre
189 0 13 taron-sadirac-viellenave
105 0 18 coublucq
199 0 31 menditte
1183 0 126 puyoo
236 0 77 abidos
93 0 23 arget
9981 0 376 lescar
2405 0 369 bassussarry
909 0 156 pardies
200 0 17 charre
133 0 17 andrein
324 0 22 saint-martin-d-arberoue
280 0 26 maspie-lalonquere-juillacq
2113 0 142 coarraze
80 0 35 ribarrouy
231 0 69 lacommande
129 0 21 momy
95 0 22 lasserre-64
491 0 68 caubios-loos
49 0 10 betracq
321 0 44 lanneplaa
125 0 17 lespielle
797 0 244 aussevielle
81166 0 2575 pau
414 0 32 sedzere
1010 0 66 arzacq-arraziguet
201 0 11 lohitzun-oyhercq
174 0 47 viven
1198 0 407 lee
326 0 34 irouleguy
286 0 34 prechacq-josbaig
10800 0 158 oloron-sainte-marie
380 0 22 armendarits
320 0 38 luxe-sumberraute
681 0 64 rebenacq
183 0 19 lamayou
184 0 38 poey-d-oloron
1025 0 56 mont-64
145 0 23 baliracq-maumusson
1519 0 340 ousse
153 0 34 lacarre
263 0 79 labatmale
605 0 151 biron-64
145 0 22 orriule
339 0 59 bournos
261 0 16 pagolle
3647 0 266 serres-castet
816 0 38 mendionde
542 0 28 hagetaubin
327 0 7 osse-en-aspe
907 0 36 guiche-64
542 0 147 bernadets
140 0 34 auga
239 0 96 guinarthe-parenties
602 0 48 saint-armou
593 0 46 gabaston
239 0 35 casteide-cami
505 0 21 asasp-arros
453 0 19 loubieng
595 0 72 barzun
193 0 4 mendive
683 0 42 ainhoa
127 0 24 saubole
1166 0 857 bidos
6140 0 79 hasparren
401 0 36 gurs
187 0 25 audaux
174 0 13 gere-belesten
98 0 10 orsanco
12147 0 1053 lons
3656 0 331 gelos
291 0 92 garris
292 0 10 lantabat
1025 0 76 espoey
244 0 8 saint-just-ibarre
169 0 14 bussunarits-sarrasquette
243 0 13 licq-atherey
2485 0 341 bordes-64
268 0 22 sauvelade
357 0 84 saint-abit
154 0 34 arrien
867 0 122 meillon
213 0 4 beost
78 0 14 mont-disse
100 0 2 aydius
113 0 4 louvie-soubiron
1283 0 5 laruns
163 0 9 bilheres
618 0 279 siros
600 0 66 castetis
412 0 183 bourdettes
140 0 17 aydie
122 0 19 nabas
103 0 12 arricau-bordes
152 0 23 bunus
84 0 21 saint-jean-poudge
6518 0 289 cambo-les-bains
1226 0 53 ogeu-les-bains
74 0 13 arhansus
352 0 39 lourenties
254 0 45 escos
1099 0 78 jatxou
464 0 24 montaner
1075 0 173 navarrenx
80 0 2 etsaut
140 0 16 piets-plasence-moustrou
1862 0 246 saint-palais-64
244 0 22 balansun
1101 0 19 louvie-juzon
161 0 30 jasses
189 0 26 cabidos
243 0 20 ogenne-camptort
791 0 58 arros-de-nay
1234 0 145 boeil-bezing
725 0 70 bougarber
334 0 20 moncayolle-larrory-mendibieu
501 0 68 arthez-d-asson
254 0 32 pomps
185 0 31 athos-aspis
1736 0 183 assat
157 0 37 escures
71 0 12 arnos
147 0 25 abere
1217 0 58 lagor
44820 0 2067 bayonne
67 0 19 lichans-sunhar
289 0 43 castillon-(canton-d-arthez-de-bearn)
150 0 15 anoye
155 0 15 orion
36 0 10 mouhous
137 0 21 baleix
25306 0 2170 biarritz
228 0 20 bugnein
730 0 207 uzos
210 0 30 dognen
537 0 18 esquiule
227 0 40 saint-goin
271 0 39 bescat
1196 0 363 mirepeix
286 0 23 haut-de-bosdarros
350 0 54 precilhon
972 0 19 lucq-de-bearn
93 0 16 bustince-iriberry
478 0 13 oregue
419 0 55 livron
162 0 19 labatut-64
934 0 55 buzy
843 0 97 lestelle-betharram
242 0 23 ance
174 0 29 laguinge-restoue
79 0 4 cette-eygun
114 0 27 espiute
168 0 24 lussagnet-lusson
151 0 9 lourdios-ichere
246 0 47 auriac-64
107 0 15 corbere-aberes
101 0 15 abitain
2000 0 24 asson
458 0 66 izeste
489 0 65 limendous
101 0 18 cadillon
1099 0 79 arbus
453 0 83 os-marsillon
441 0 27 geronce
703 0 29 helette
321 0 91 susmiou
987 0 35 ayherre
48 0 14 pouliacq
517 0 64 cescau-64
102 0 17 moncla
649 0 16 bidarray
1114 0 12 arette
377 0 27 cosledaa-lube-boast
4165 0 316 morlaas
226 0 14 amorots-succos
2822 0 97 pontacq
836 0 140 angaïs
595 0 75 ispoure
695 0 39 sevignacq
338 0 12 urepel
246 0 29 rivehaute
1899 0 111 benejacq
137 0 28 lacadee
639 0 45 carresse-cassaber
224 0 29 lurbe-saint-christau
603 0 40 tardets-sorholus
555 0 110 labastide-cezeracq
250 0 48 estialescq
195 0 50 bedeille-64
945 0 57 bruges-capbis-mifaget
347 0 34 monassut-audiracq
123 0 27 conchez-de-bearn
123 0 39 auterrive
125 0 20 montagut
206 0 2 sainte-engrace
243 0 48 eslourenties-daban
230 0 23 claracq
252 0 11 arneguy
521 0 24 iholdy
127 0 11 bergouey-viellenave
180 0 25 lasseubetat
182 0 44 geus-d-arzacq
72 0 14 bassillon-vauze
316 0 27 mesplede
2323 0 275 montardon
260 0 33 cardesse
946 0 134 laroin
195 0 23 castagnede-64
242 0 32 charritte-de-bas
274 0 81 sarpourenx
136 0 47 monsegur-64
637 0 157 saint-jammes
450 0 33 isturits
86 0 11 ossas-suhare
100 0 13 arrast-larrebieu
171 0 19 montfort-64
241 0 22 ponson-dessus
8673 0 171 urrugne
765 0 60 viodos-abense-de-bas
5020 0 96 salies-de-bearn
438 0 54 vignes-64
74 0 4 hosta
237 0 73 gomer
211 0 25 meracq
163 0 24 leme-64
946 0 177 igon
1940 0 485 mazeres-lezons
1349 0 963 guethary
526 0 17 ordiarp
262 0 42 lasclaveries
6963 0 370 jurancon
1384 0 95 sauveterre-de-bearn
205 0 22 poursiugues-boucoue
1771 0 128 buros
226 0 49 leren
134 0 16 boumourt
470 0 25 saint-martin-d-arrossa
303 0 95 astis
123 0 19 narp
467 0 31 lahontan
2225 0 129 villefranque-64
887 0 120 louhossoa
331 0 51 escoubes
192 0 40 aast
1620 0 38 bardos
183 0 3 lecumberry
258 0 48 saint-pe-de-leren
1329 0 93 navailles-angos
64 0 27 urost
811 0 59 baigts-de-bearn
214 0 49 orin
6206 0 510 bidart
1760 0 143 denguin
6824 0 917 ciboure
191 0 106 anos
198 0 26 sedze-maubecq
2034 0 192 arbonne
683 0 23 aramits
998 0 73 ledeuix
93 0 5 haux-64
199 0 25 lalongue
66 0 8 etchebar
414 0 54 amendeuix-oneix
106 0 39 berrogain-laruns
832 0 104 theze-64
3218 0 251 mauleon-licharre
451 0 38 gotein-libarrenx
291 0 19 ahaxe-alciette-bascassan
855 0 20 osses
161 0 15 ainhice-mongelos
62 0 18 lucarre
464 0 104 lagos
264 0 8 saint-michel-64
800 0 114 saint-castin
3983 0 511 idron
384 0 23 saint-vincent-64
1255 0 77 uzein
112 0 19 luc-armau
860 0 73 saint-jean-le-vieux-64
57 0 14 gayon
851 0 110 sendets-64
251 0 5 aussurucq
655 0 68 aïcirits-camou-suhast
90 0 25 monpezat
801 0 268 gurmencon
354 0 7 esterencuby
66 0 30 gestas
76 0 15 samsons-lion
103 0 10 camou-cihigue
279 0 43 doumy
624 0 290 aressy
515 0 88 beuste
335 0 6 banca
1974 0 73 espelette
259 0 20 meharin
100 0 11 ibarrolle
132 0 20 trois-villes
253 0 11 issor
290 0 19 lasse-64
707 0 168 serres-morlaas
3218 0 610 nay-64
170 0 11 castetbon
377 0 60 escou
434 0 76 behasque-lapiste
284 0 49 alos-sibas-abense
360 0 23 lys-64
327 0 15 montory
197 0 25 lombia
734 0 15 barcus
405 0 22 larceveau-arros-cibits
179 0 2 lescun
38032 0 1412 anglet
121 0 22 lay-lamidou
39 0 8 tabaille-usquain
272 0 24 beguios
2230 0 78 arudy
358 0 38 sainte-colome
460 0 56 buziet
425 0 40 saint-laurent-bretagne
4779 0 1081 bizanos
628 0 51 andoins
417 0 43 escout
291 0 6 lees-athas
362 0 40 herrere
142 0 20 pontiacq-viellepinte
223 0 18 uhart-mixe
164 0 15 oraas
5446 0 137 gan
357 0 20 boueilh-boueilho-lasque
875 0 33 irissarry
5707 0 87 saint-pee-sur-nivelle
2633 0 84 briscous
164 0 25 fichous-riumayou
394 0 27 viellesegure
159 0 2 borce
133 0 24 casteide-doat
6184 0 188 ustaritz
122 0 53 besingrand
4001 0 207 ascain
3471 0 381 artix-64
1613 0 149 larressore
825 0 61 maslacq
109 0 17 angous
251 0 38 parbayse
550 0 27 macaye
2066 0 218 lahonce
846 0 105 moumour
196 0 28 araujuzon
1076 0 69 montaut-64
192 0 32 seby
489 0 35 berenx
385 0 16 arraute-charritte
176 0 22 portet
4390 0 571 saint-pierre-d-irube
674 0 30 bonnut
190 0 17 larribar-sorhapuru
108 0 29 labeyrie
527 0 163 estos
10982 0 239 orthez
194 0 16 suhescun
202 0 23 garlede-mondebat
235 0 40 hours
161 0 19 hopital-d-orion
655 0 143 borderes
182 0 24 castetpugon
131 0 24 araux
154 0 78 nogueres
383 0 33 sus
225 0 24 miossens-lanusse
99 0 18 burgaronne
502 0 98 halsou
208 0 31 geüs-d-oloron
434 0 31 saint-esteben
272 0 46 urdes
763 0 90 lembeye
260 0 43 argelos-64
12969 0 680 saint-jean-de-luz
606 0 132 narcastet
88 0 15 ponson-debat-pouts
121 0 11 roquiague
284 0 38 higueres-souye
83 0 39 hopital-saint-blaise
13142 0 2875 billere
244 0 13 aroue-ithorots-olhaïby
347 0 31 simacourbe
1493 0 153 nousty
110 0 13 bentayou-seree
550 0 47 bedous
225 0 18 garos
523 0 76 garindein
545 0 37 momas
4501 0 55 monein
112 0 17 laas-64
77 0 3 behorleguy
587 0 65 barinque
1087 0 98 biriatou
2195 0 115 urt
211 0 25 gabat
158 0 40 barraute-camu
487 0 57 abos
1014 0 40 bosdarros
129 0 18 saucede
211 0 18 saint-medard-64
135 0 73 saint-dos
154 0 23 castetner
172 0 43 viellenave-d-arthez
158 0 13 moncaup-64
125 0 17 louvigny-64
160 0 6 castet
474 0 62 ramous
118 0 32 maure
128 0 17 etcharry
1247 0 73 souraïde
42 0 10 ossenx
293 0 23 anhaux
513 0 20 beyrie-sur-joyeuse
1471 0 538 saint-jean-pied-de-port
151 0 24 uzan
294 0 20 arbouet-sussaute
71 0 1 urdos
140 0 41 lichos
123 0 12 gamarthe
628 0 47 sames
730 0 66 lahourcade
122 0 23 arancou
762 0 56 saint-faust
367 0 100 baliros
528 0 264 baudreix
