67
101



1 2 3252
1 3 13851
2 3 11891
3 5 12121
3 17 1208
4 5 54224
4 48 4518
5 13 3637
5 17 13230
5 40 5248
5 43 4222
5 48 36529
6 45 5098
6 46 268
7 15 209
7 22 1435
7 50 422
8 24 698
8 34 380
9 10 2546
9 27 546
10 39 1041
11 22 638
11 23 222
12 17 10999
12 49 4369
13 14 2373
13 17 2913
13 35 1597
14 15 9725
14 22 903
15 35 181
16 17 4102
16 36 1167
17 36 1805
17 40 2023
17 49 3001
18 22 5874
18 23 1351
19 42 2761
19 50 1267
19 51 599
20 40 7323
20 41 2265
21 34 1851
21 40 22744
21 41 6386
22 23 5123
22 25 5687
22 43 5481
24 46 933
24 64 878
25 42 2787
26 59 1093
26 65 932
27 28 3334
27 38 529
28 37 1741
29 30 12724
29 31 5425
30 31 12247
30 32 3629
30 33 1730
30 37 349
30 43 12457
30 47 3033
32 33 2335
34 40 3565
37 38 3858
37 39 3045
37 40 965
37 43 3816
38 39 2647
40 41 43647
43 58 140561
44 45 3351
44 47 1369
46 53 5855
46 57 4430
50 51 990
52 53 5520
52 54 3974
52 57 4418
53 56 6061
54 55 4375
54 56 4478
55 56 4655
55 67 5459
56 57 4832
56 67 5524
58 61 4758
59 60 5081
59 62 3355
60 61 5057
60 62 4317
61 62 3108
63 65 3520
63 66 4184
64 65 3840
64 66 4736
65 66 4181



74120 0 2799 antibes
73234 0 3732 cannes
343304 0 4773 nice
141438 0 760 aix-en-provence
850726 0 3535 marseille
108954 0 4239 caen
75170 0 2644 rochelle-17
66381 0 965 bourges
151212 0 3741 dijon
116914 0 1797 besancon
141303 0 2854 brest
142205 0 878 nîmes
441802 0 3734 toulouse
239157 0 4845 bordeaux
66142 0 1373 merignac-33
70955 0 743 beziers
257351 0 4524 montpellier
207178 0 4111 rennes
134817 0 3888 tours
155637 0 8584 grenoble
171260 0 2141 saint-etienne
284970 0 4371 nantes
67031 0 1432 saint-nazaire-44
114167 0 4154 orleans
147571 0 3455 angers
179992 0 3837 reims
105421 0 7023 nancy
120738 0 2878 metz
94713 0 7158 roubaix
227560 0 6533 lille
91923 0 6051 tourcoing
92005 0 2096 dunkerque
73636 0 2198 calais
139860 0 3277 clermont-ferrand
81166 0 2575 pau
117419 0 1724 perpignan
271782 0 3472 strasbourg
67615 0 1015 colmar
109588 0 4940 mulhouse
484344 0 10117 lyon
145150 0 9996 villeurbanne
142626 0 2700 le-mans
2243833 0 21288 paris
110933 0 5188 rouen
175497 0 3737 havre
86110 0 3289 versailles
133448 0 2698 amiens
164532 0 3840 toulon
89683 0 1381 avignon
87697 0 2082 poitiers
139150 0 1783 limoges
79426 0 5403 rueil-malmaison
114205 0 18509 boulogne-billancourt
82327 0 17080 asnieres-sur-seine
85398 0 10934 colombes
87469 0 20975 courbevoie
89185 0 7316 nanterre
102770 0 11521 montreuil-93
82120 0 5069 aulnay-sous-bois
106785 0 8639 saint-denis-93
76087 0 13209 aubervilliers
66410 0 8557 drancy
74816 0 6650 saint-maur-des-fosses
85413 0 7319 vitry-sur-seine
75510 0 6682 champigny-sur-marne
89985 0 7852 creteil
103125 0 5988 argenteuil
