36
34



1 20 3368
2 5 1070
2 17 475
2 28 400
2 35 776
3 16 1562
4 26 1307
5 8 2109
6 8 1808
6 29 523
7 9 9
8 14 4579
9 18 98
9 25 58
10 32 4418
11 22 1233
12 17 404
12 28 340
13 15 3303
13 23 2364
14 33 2123
15 31 2119
17 24 387
17 28 287
17 36 290
18 25 123
19 30 422
19 31 649
20 30 1510
21 34 940
24 34 522
25 27 155
27 29 268
28 36 244



61754 0 16556 neuilly-sur-seine
32619 0 11170 chatillon-92
29284 0 15252 bois-colombes
44753 0 14029 puteaux
52546 0 5991 clamart
45058 0 4551 meudon
1647 0 473 marnes-la-coquette
64355 0 15142 issy-les-moulineaux
8615 0 2797 vaucresson
79426 0 5403 rueil-malmaison
61793 0 6463 antony
27727 0 8083 plessis-robinson
64253 0 26660 levallois-perret
114205 0 18509 boulogne-billancourt
82327 0 17080 asnieres-sur-seine
85398 0 10934 colombes
23351 0 9303 fontenay-aux-roses
18169 0 6754 garches
25183 0 7869 villeneuve-la-garenne
87469 0 20975 courbevoie
48597 0 23476 montrouge
32111 0 5033 chatenay-malabry
58916 0 19128 clichy
27002 0 17308 vanves
10828 0 2950 ville-d-avray
46723 0 12327 suresnes
22978 0 5876 sevres
19638 0 5455 sceaux-92
18668 0 5258 chaville
27628 0 15521 garenne-colombes
41364 0 3553 gennevilliers
89185 0 7316 nanterre
29873 0 3951 saint-cloud
30982 0 14967 malakoff
38080 0 9088 bagneux-92
19985 0 10744 bourg-la-reine
