340
497



1 54 1
1 222 1
1 290 1
2 140 1
2 309 1
3 248 1
3 327 1
4 119 1
4 332 1
5 104 1
5 287 1
6 104 1
6 128 1
6 244 1
7 32 1
7 96 1
8 157 1
8 248 1
9 56 1
9 92 1
9 268 1
10 37 1
10 40 1
11 58 1
11 101 1
11 262 1
12 28 1
12 279 1
13 231 1
13 239 1
14 22 1
14 39 1
14 157 1
14 222 2
14 248 1
15 64 1
15 91 1
15 197 1
16 17 1
16 88 1
16 147 1
17 171 1
18 22 1
18 327 1
19 106 1
19 149 1
20 182 1
20 259 1
21 303 1
21 310 1
22 54 1
23 78 1
23 143 1
24 53 1
24 220 1
24 250 1
25 334 1
25 335 1
26 324 1
26 328 1
27 158 1
27 196 1
27 322 1
28 47 1
28 198 1
29 126 1
29 247 1
29 249 1
29 267 1
30 275 1
30 326 1
31 94 1
31 105 1
31 143 1
31 268 1
32 138 1
32 304 1
32 305 1
33 75 1
33 127 1
33 297 1
34 42 1
34 192 1
35 62 1
35 196 1
36 275 1
36 326 1
37 246 1
38 63 14
38 141 4
38 186 7
38 294 3
38 314 4
39 130 1
39 222 1
39 242 1
40 192 1
40 330 1
41 169 1
41 278 1
41 286 1
42 184 1
42 192 1
42 277 1
43 62 1
43 89 1
43 196 1
44 82 1
44 85 1
44 174 1
44 207 1
44 329 1
45 81 1
45 103 1
45 333 1
46 159 1
46 194 1
46 273 1
47 118 1
47 171 1
48 262 1
48 318 1
49 57 1
49 309 1
50 64 1
50 187 1
51 97 1
51 193 1
52 70 1
52 161 1
53 250 1
55 85 1
55 124 1
56 58 1
56 262 1
57 134 1
57 264 1
58 101 1
59 77 1
59 100 1
59 204 1
59 228 1
59 267 1
60 91 1
60 155 1
60 331 1
61 63 2
61 290 1
62 83 1
62 89 1
62 196 1
63 180 7
63 250 1
63 283 2
63 290 1
64 197 1
65 239 1
65 340 1
66 164 1
66 320 1
67 210 1
67 284 1
68 218 1
68 227 1
69 117 1
69 321 1
70 161 1
70 239 1
70 326 1
71 260 1
71 335 1
72 176 1
72 181 1
73 74 1
73 234 1
74 194 1
75 113 1
75 127 1
75 339 1
76 213 1
76 267 1
77 204 1
78 143 1
78 317 1
79 229 1
79 269 1
80 147 1
80 151 1
81 333 1
82 124 1
82 162 1
82 230 1
83 196 1
84 137 1
84 249 1
84 295 1
85 129 1
86 269 1
86 328 1
87 149 1
87 269 1
88 147 1
88 151 1
89 209 1
90 166 1
90 323 1
91 240 1
92 268 1
93 183 1
93 266 1
94 225 1
94 288 1
95 132 1
95 275 1
96 99 1
97 195 1
98 324 1
98 337 1
99 330 1
99 332 1
100 211 1
102 249 1
102 292 1
103 148 1
103 198 1
103 258 1
104 128 1
105 288 1
106 152 1
106 270 1
107 166 1
107 271 1
108 159 1
108 232 1
109 159 1
109 166 1
110 295 1
110 321 1
111 246 1
111 254 1
111 301 1
112 124 1
112 208 1
113 339 1
114 172 1
114 189 1
114 196 1
115 148 1
115 150 1
115 257 1
116 319 1
116 323 1
117 177 1
117 321 1
118 145 1
119 177 1
119 303 1
119 332 1
120 141 1
120 305 1
121 191 1
121 299 1
122 258 1
122 307 1
123 252 1
123 322 1
124 180 1
124 208 1
125 252 1
125 271 1
126 181 1
126 199 1
127 297 1
128 244 1
129 174 1
130 242 1
130 286 1
131 171 1
131 203 1
131 260 1
132 186 1
132 315 1
132 326 1
133 233 1
133 241 1
133 273 1
133 287 1
134 201 1
135 154 1
135 205 1
136 266 1
136 314 1
137 274 1
138 304 1
139 165 1
139 256 1
139 330 1
140 309 1
141 314 1
142 144 1
142 163 1
142 276 1
143 293 3
144 310 1
145 163 1
145 256 1
145 336 1
146 213 1
146 266 1
148 150 1
148 198 1
148 225 1
148 257 1
149 214 1
152 282 1
153 168 1
153 227 1
154 205 1
154 277 1
155 259 1
156 280 1
156 309 1
157 237 1
157 327 1
158 261 1
160 306 1
160 330 1
161 217 1
162 174 1
162 230 1
163 276 1
164 243 1
164 297 1
165 256 1
165 310 1
165 337 1
167 245 1
167 252 1
167 263 1
168 218 1
168 226 1
169 278 1
170 187 1
170 197 1
170 240 1
170 241 1
171 203 1
171 260 1
172 209 1
172 308 1
173 216 1
173 228 1
173 325 1
175 185 1
175 236 1
175 238 1
176 181 1
176 216 1
178 253 1
178 279 1
179 241 1
179 281 1
180 188 1
180 282 1
181 216 1
182 288 1
182 331 1
183 266 1
183 274 1
184 192 1
185 324 1
186 315 1
186 326 1
187 197 1
187 293 1
188 210 1
189 196 1
189 243 1
190 263 1
190 280 1
190 338 1
191 256 1
193 231 1
194 234 1
194 296 1
195 239 1
195 283 1
195 313 1
197 293 1
199 214 1
199 292 1
200 308 1
200 311 1
201 233 1
201 273 1
202 265 1
202 325 1
204 312 1
206 211 1
206 247 1
207 228 1
207 316 1
207 329 1
208 210 1
208 284 1
210 282 1
212 251 1
212 255 1
212 296 1
212 300 1
212 302 1
213 267 1
213 294 1
215 319 1
215 328 1
217 294 1
219 241 1
219 281 1
220 226 1
221 236 1
221 319 1
221 324 1
223 238 1
223 296 1
223 299 1
223 300 1
224 312 1
224 313 1
225 268 1
226 316 1
227 283 1
228 247 1
228 325 1
228 329 1
229 252 1
229 270 1
232 245 4
232 252 1
232 261 9
232 264 2
233 273 1
234 289 1
235 272 1
235 328 1
237 327 1
239 294 1
239 340 1
241 281 1
243 298 1
244 287 1
245 252 1
245 264 1
246 301 1
249 292 1
250 290 1
251 289 1
252 270 1
253 255 2
253 300 1
254 295 1
255 279 2
255 291 43
255 300 2
256 336 1
258 307 1
259 307 1
260 334 1
260 335 1
261 298 2
263 280 1
265 329 1
269 328 1
270 271 1
270 323 1
272 321 1
274 304 1
275 326 1
278 283 1
280 338 1
281 318 1
285 312 1
285 313 1
288 317 1
291 336 9
296 302 1
298 320 1
301 306 1
301 332 1
303 310 1
306 332 1
308 311 1
310 332 1
311 327 1
315 326 1
317 331 1
330 332 1
334 335 1



355 0 25 cornac
161 0 24 rouffilhac
520 0 21 loubressac
78 0 4 cregols
207 0 13 arques-46
273 0 18 lavercantiere
116 0 13 montbrun-46
383 0 72 saint-michel-loubejou
390 0 67 parnac-46
70 0 8 puyjourdes
158 0 17 pontcirq
765 0 36 trespoux-rassiels
283 0 11 lauresses
1355 0 238 bretenoux
539 0 33 mauroux-46
137 0 11 sainte-alauzie
180 0 10 cezac-46
112 0 16 gintrac
147 0 5 bastit
117 0 18 saint-matre
218 0 12 esclauzels
124 0 20 estal
135 0 41 pescadoires
342 0 47 autoire
523 0 14 belfort-du-quercy
167 0 26 lauzes
742 0 37 pinsac
1139 0 39 labastide-marnhac
633 0 24 livernon
285 0 24 montredon
409 0 71 castelfranc
143 0 21 larroque-toirac
672 0 240 quatre-routes-du-lot
320 0 14 laramiere
268 0 34 mayrac
238 0 47 cuzac
208 0 9 saint-jean-de-laur
9810 0 279 figeac
736 0 57 gagnac-sur-cere
214 0 14 promilhanes
234 0 7 comiac
143 0 8 saillac-46
293 0 30 creysse-46
590 0 27 aynac
128 0 19 montlauzun
528 0 24 saint-germain-du-bel-air
449 0 30 lhospitalet
242 0 17 lherm-46
199 0 36 milhac
661 0 33 soturac
45 0 4 labastide-du-haut-mont
215 0 17 linac
200 0 37 saint-medard-de-presque
286 0 105 glanes
310 0 28 bio
235 0 22 labastide-du-vert
145 0 19 saint-cirq-madelon
164 0 13 saint-medard-46
566 0 31 cardaillac
302 0 16 serignac-46
913 0 84 saint-laurent-les-tours
300 0 37 meyronne
3545 0 312 saint-cere
355 0 72 touzac-46
229 0 19 montet-et-bouxal
637 0 27 cressensac
267 0 27 rignac-46
239 0 20 latouille-lentillac
110 0 4 sauliac-sur-cele
1556 0 69 bagnac-sur-cele
1619 0 30 lalbenque
169 0 19 theminettes
231 0 23 gigouzac
96 0 9 montamel
414 0 67 condat-46
939 0 60 lissac-et-mouret
118 0 11 saint-bressou
139 0 45 lagardelle
120 0 15 soulomes
216 0 21 saint-daunes
308 0 20 saint-cyprien-46
528 0 27 issendolus
285 0 13 lacave-46
132 0 10 saint-sulpice-46
74 0 20 saignes-46
133 0 5 senaillac-lauzes
75 0 4 fontanes-du-causse
246 0 12 saint-pantaleon-46
302 0 10 montvalent
318 0 18 frayssinet
163 0 20 lacapelle-cabanac
737 0 49 crayssac
168 0 21 boussac-46
516 0 23 albas-46
236 0 25 saint-jean-mirabel
158 0 30 cadrieu
141 0 12 senaillac-latronquiere
122 0 12 saint-martin-de-vers
1119 0 44 cajarc
122 0 21 bouyssou
310 0 26 montgesty
117 0 4 quissac-46
1273 0 39 montcuq
310 0 18 thedirac
349 0 63 anglars-juillac
231 0 6 carlucet
103 0 9 soucirac
144 0 13 saint-clair-46
146 0 17 saint-cirq-souillaguet
126 0 4 blars
133 0 5 larnagol
519 0 33 mayrinhac-lentour
303 0 39 saint-michel-de-bannieres
1650 0 46 martel
249 0 18 carnac-rouffiac
76 0 9 beaumat
231 0 5 cabrerets
972 0 43 montat
217 0 12 saint-cirq-lapopie
76 0 26 frontenac-46
503 0 65 laroque-des-arcs
85 0 10 sainte-croix-46
120 0 7 reilhaguet
433 0 49 vergne-46
171 0 18 ginouillac
300 0 16 viazac
444 0 42 cavagnac
101 0 17 rampoux
87 0 22 albiac-46
189 0 18 cahus
430 0 13 flaugnac
528 0 85 lunan
617 0 58 cazals-46
207 0 20 leobard
270 0 10 vaylats
251 0 48 camboulit
206 0 10 brengues
79 0 11 carayac
458 0 33 saint-gery-46
307 0 31 anglars-nozac
630 0 44 faycelles
169 0 13 escamps-46
2469 0 102 prayssac
328 0 16 cremps
426 0 22 cieurac
155 0 41 fourmagnac
189 0 11 lascabanes
516 0 46 sauzet-46
90 0 8 lunegarde
159 0 10 fargues-46
196 0 11 bagat-en-quercy
107 0 4 couzou
114 0 12 ladirat
170 0 8 bach
121 0 14 saux
347 0 34 masclat
369 0 83 girac
592 0 40 lanzac
287 0 15 concores
118 0 7 lugagnac
214 0 13 prendeignes
222 0 16 themines
314 0 24 laburgade
571 0 31 sarrazac-46
422 0 23 vers-46
206 0 15 saint-chamarand
653 0 33 payrac
194 0 17 saint-paul-de-vern
65 0 5 lamativie
351 0 16 montcabrier-46
477 0 18 pern
355 0 44 saint-denis-les-martel
296 0 22 bourg-46
230 0 24 rueyres
217 0 15 francoules
191 0 27 rudelle
78 0 9 bouzies
575 0 77 caillac
207 0 17 cassagnes-46
3537 0 61 gramat
160 0 17 saint-simon-46
179 0 9 boulve
198 0 12 corn
241 0 15 beauregard-46
74 0 10 nadillac
1092 0 100 capdenac
960 0 64 duravel
437 0 17 miers
409 0 25 baladou
190 0 24 nadaillac-de-rouge
751 0 70 lamagdelaine
167 0 17 vidaillac
101 0 13 bessonies
366 0 12 peyrilles
544 0 52 latronquiere
503 0 58 saint-sozy
380 0 48 vire-sur-lot
392 0 16 villeseque
129 0 4 durbans
1072 0 76 betaille
1263 0 42 salviac
230 0 17 saint-maurice-en-quercy
1847 0 25 castelnau-montratier
191 0 16 sainte-colombe-46
109 0 12 belmont-sainte-foi
296 0 23 reyrevignes
368 0 28 molieres-46
496 0 38 thegra
275 0 14 floirac-46
733 0 56 alvignac
179 0 19 issepts
465 0 61 calamane
446 0 55 camburat
172 0 13 reilhac-46
47 0 7 saint-sauveur-la-vallee
79 0 10 sonac
199 0 15 saint-perdoux-46
198 0 16 frayssinhes
80 0 9 saint-caprais-46
318 0 25 saint-jean-lagineste
76 0 11 ussel-46
1906 0 525 biars-sur-cere
355 0 41 saint-pierre-lafeuille
88 0 11 saint-medard-nicourby
491 0 24 saint-vincent-rive-d-olt
164 0 17 saint-vincent-du-pendit
124 0 8 lacam-d-ourcet
1328 0 114 lacapelle-marival
659 0 24 labastide-murat
92 0 11 flaujac-gare
76 0 9 saint-hilaire-46
4640 0 101 gourdon-46
383 0 16 marminiac
220 0 18 uzech
92 0 10 sabadel-lauzes
115 0 17 mechmont
904 0 207 puybrun
291 0 23 maxou
379 0 11 saint-cirgues-46
209 0 19 saint-martin-le-redon
383 0 16 frayssinet-le-gelat
342 0 42 laval-de-cere
547 0 18 cuzance
310 0 19 gindou
1476 0 42 vigan-46
202 0 11 calvignac
684 0 41 assier
716 0 57 prudhomat
162 0 14 grezes-46
434 0 72 saint-jean-lespinasse
335 0 70 nuzejouls
397 0 25 saint-projet-46
1004 0 159 espere
158 0 8 saint-chels
3490 0 211 pradines-46
997 0 43 arcambal
143 0 19 cambayrac
154 0 15 lebreil
129 0 8 valprionde
562 0 27 saint-paul-de-loubressac
3817 0 147 souillac
251 0 19 junies
270 0 21 loupiac-46
696 0 32 payrignac
96 0 12 espeyroux
331 0 50 cambes-46
393 0 26 fons-46
1679 0 75 luzech
339 0 9 caniac-du-causse
526 0 20 montfaucon-46
133 0 7 seniergues
110 0 8 lentillac-du-causse
607 0 16 degagnac
85 0 8 espagnac-sainte-eulalie
138 0 24 lentillac-saint-blaise
307 0 18 aujols
306 0 11 varaire
165 0 6 calviac
823 0 93 douelle
338 0 24 lamothe-fenelon
186 0 26 pomarede-46
675 0 13 rocamadour
907 0 15 sousceyrac
189 0 21 padirac
189 0 19 terrou
187 0 13 teyssieu
273 0 13 montclera
218 0 11 belaye
205 0 19 saint-denis-catus
354 0 53 belmont-bretenoux
20194 0 312 cahors
261 0 7 espedaillac
2106 0 79 puy-l-eveque
488 0 83 planioles
197 0 7 marcilhac-sur-cele
372 0 28 boissieres-46
422 0 22 cazillac
764 0 24 lachapelle-auzac
425 0 31 valroufie
1054 0 145 mercues
179 0 11 cenevieres
920 0 43 catus
102 0 14 berganty
254 0 14 grealou
149 0 25 saint-pierre-toirac
178 0 13 saint-martin-labouval
147 0 12 belmontet
1333 0 81 vayrac
262 0 29 fajoles
418 0 16 concots
389 0 20 carennac
189 0 18 labathude
344 0 9 gorses
740 0 29 beduer
475 0 61 saint-felix-46
137 0 13 bannes-46
243 0 22 grezels
229 0 22 goujounac
97 0 8 lamothe-cassel
640 0 15 gignac-46
86 0 5 orniac
168 0 4 cales-46
96 0 7 vaillac
93 0 9 cras-46
176 0 17 anglars
387 0 25 felzins
387 0 47 tauriac-46
194 0 11 saint-cernin-46
961 0 94 leyme
796 0 24 limogne-en-quercy
154 0 11 floressas
400 0 45 tour-de-faure
195 0 18 saint-laurent-lolmie
437 0 32 montdoumerc
456 0 27 fontanes-46
698 0 55 flaujac-poujols
300 0 17 cours-46
230 0 33 roc
273 0 30 strenquels
87 0 7 sabadel-latronquiere
