331
483



1 11 1
1 173 1
2 96 1
2 123 1
2 204 1
2 213 1
2 248 1
3 250 1
3 323 1
4 171 1
4 194 1
5 92 14
5 163 33
5 263 14
6 130 1
6 279 1
7 182 1
7 205 1
7 224 1
8 49 1
8 58 1
8 143 1
9 105 1
9 292 1
10 65 1
10 239 1
11 51 1
11 132 1
12 19 1
12 241 1
12 323 1
13 135 1
13 203 1
13 284 1
14 257 1
14 258 1
14 318 1
15 222 1
15 271 1
16 24 1
16 39 1
16 50 1
16 82 1
16 316 1
17 161 1
17 206 1
17 276 1
18 117 1
18 201 1
19 199 1
19 250 1
20 72 1
20 112 1
20 185 1
21 28 1
21 170 1
21 207 1
21 245 1
21 268 1
22 125 9
22 197 1
22 270 1
23 36 1
23 55 14
23 63 2
23 89 13
24 82 1
24 240 1
25 155 1
25 264 1
26 122 1
26 232 1
27 140 1
27 215 1
28 207 1
28 303 1
28 308 1
29 150 1
29 208 1
30 86 1
30 146 1
31 75 1
31 97 2
32 39 1
32 74 1
32 82 1
33 266 1
33 319 1
34 133 4
34 137 2
35 151 1
35 186 1
35 313 1
36 165 1
37 101 1
37 195 1
37 234 1
38 286 1
38 289 1
40 47 1
40 204 1
41 274 1
41 328 1
42 210 1
42 267 1
43 80 7
43 81 13
43 114 1
43 167 1
43 238 1
43 327 2
44 205 1
44 284 1
45 80 1
45 189 1
45 221 1
45 283 1
46 126 1
46 205 1
46 296 1
47 96 1
47 106 1
47 213 1
47 225 1
47 255 1
48 60 1
48 94 1
48 303 1
49 237 1
49 280 1
49 300 1
50 82 1
50 109 1
50 297 1
51 62 1
51 94 1
52 221 1
52 270 1
53 172 1
53 227 1
53 285 1
54 116 1
54 180 1
54 188 1
56 69 1
56 242 1
56 262 1
57 93 1
57 233 1
58 143 1
59 142 1
59 223 1
60 303 1
61 145 1
61 299 1
62 153 1
62 169 1
62 173 1
62 262 1
62 268 1
63 106 1
64 152 1
64 308 1
65 83 1
65 105 1
66 71 1
66 107 1
67 107 1
67 140 1
67 184 1
68 223 1
68 266 1
69 149 1
69 153 1
69 202 1
70 156 1
70 203 1
71 151 1
71 220 1
72 76 1
72 185 1
73 261 1
73 317 1
74 109 1
75 97 1
75 128 1
76 318 1
77 158 1
77 284 1
78 84 5
78 120 1
78 295 1
79 81 19
79 84 39
79 154 7
81 159 4
82 241 1
83 105 1
83 294 1
84 295 23
85 181 1
85 319 1
86 146 1
86 311 1
87 215 1
87 217 1
87 308 1
88 91 1
88 110 1
88 288 1
88 305 1
89 96 2
89 161 1
89 310 2
90 244 1
90 247 1
91 288 1
92 118 24
92 219 2
93 136 1
93 232 1
94 304 1
95 186 1
95 208 1
95 216 1
96 310 1
97 142 1
97 181 1
97 208 1
98 104 1
98 161 1
98 228 1
99 234 1
99 331 1
100 171 1
100 282 1
101 320 1
102 121 1
102 182 1
102 205 1
103 124 1
103 240 1
104 146 1
105 294 1
106 326 1
107 220 1
108 151 1
108 220 1
109 115 1
109 292 1
110 148 1
111 121 38
111 182 5
111 301 160
112 275 7
113 269 1
113 283 1
113 327 1
114 238 1
115 250 1
116 180 1
117 162 1
118 133 18
119 210 1
119 267 1
120 131 1
120 159 1
121 182 1
122 232 1
122 258 1
123 248 1
124 231 1
124 253 1
124 282 1
125 197 3
125 260 174
126 224 1
126 324 1
127 245 1
127 268 1
128 142 1
129 247 1
129 249 1
130 166 1
130 212 1
131 159 1
132 161 1
132 228 1
132 259 1
133 306 8
133 329 17
134 213 1
134 255 1
135 284 1
135 298 1
136 232 1
136 318 1
137 211 2
137 219 1
137 235 2
138 154 1
138 164 1
138 237 1
139 155 1
139 226 1
140 146 1
140 215 1
141 214 1
141 325 1
143 330 1
144 256 1
144 273 1
145 231 1
145 299 1
146 161 1
146 184 1
147 265 1
147 297 1
148 191 1
148 244 1
148 247 1
149 254 1
150 278 1
150 286 1
151 313 1
152 217 1
153 310 1
154 183 1
155 226 1
156 203 1
157 214 1
157 230 1
157 309 1
158 284 1
160 178 1
160 300 1
160 330 1
161 206 1
162 202 1
162 222 1
164 237 1
165 202 1
165 222 1
166 168 1
167 238 1
168 265 1
169 259 1
169 262 1
170 203 1
171 237 1
171 300 1
172 190 1
172 227 1
172 314 1
173 262 1
174 210 1
174 267 1
175 207 1
175 209 1
175 284 1
176 225 1
176 254 1
176 310 1
177 269 1
177 282 1
177 327 1
178 300 1
179 253 1
179 282 1
180 188 1
180 213 1
180 305 1
183 280 1
183 300 1
185 275 3
186 216 1
187 196 1
187 214 1
187 325 1
189 218 1
189 221 1
189 287 1
190 276 1
190 285 1
191 322 1
191 326 1
192 209 1
192 217 1
192 308 1
193 226 1
193 329 10
194 237 1
195 234 1
195 246 1
195 292 1
195 320 1
195 331 1
196 230 1
196 325 1
198 286 1
198 290 1
198 302 1
199 293 1
199 323 1
200 211 2
200 306 5
201 315 1
201 323 1
202 291 1
203 298 1
207 284 1
210 309 1
210 312 1
211 306 3
212 239 1
212 265 1
213 305 1
214 325 1
215 277 1
215 304 1
216 278 1
217 328 1
218 287 2
218 324 1
219 235 1
220 277 1
223 307 1
227 285 1
229 243 1
229 275 8
231 253 1
232 318 1
233 257 1
233 296 1
234 292 1
235 307 1
236 273 1
236 279 1
239 272 1
239 279 1
242 268 1
243 257 1
244 247 1
244 305 1
246 320 1
249 251 1
249 252 1
250 251 1
252 261 1
252 293 1
256 273 1
256 279 1
257 296 1
261 293 1
261 317 1
261 323 1
264 307 1
265 272 1
265 297 1
266 307 1
268 291 1
270 271 1
271 281 1
272 292 1
272 297 1
274 278 1
274 286 1
275 329 33
281 282 1
285 312 1
286 289 2
289 290 1
290 321 1
292 294 1
292 297 1
298 324 1
299 316 1
302 321 1
311 314 1
315 323 1
317 322 1
317 326 1
322 326 1



98 0 22 bergouey
1056 0 40 samadet
264 0 48 artassenx
270 0 3 trensacq
4555 0 301 ondres
113 0 1 maillas
2997 0 92 saint-vincent-de-paul-40
192 0 6 belhade
141 0 17 betbezer-d-armagnac
84 0 2 estigarde
448 0 27 gaujacq
437 0 27 saint-cricq-villeneuve
573 0 95 cassen
1275 0 15 linxe
346 0 18 campet-et-lamolere
507 0 23 lucbardez-et-bargues
237 0 37 lacrabe
1494 0 50 benquet
2371 0 102 villeneuve-de-marsan
984 0 28 messanges-40
613 0 57 poyanne
1707 0 55 saint-perdon
4789 0 101 saint-sever
615 0 15 saint-avit-40
817 0 86 josse
155 0 12 uza
531 0 44 castel-sarrazin
1157 0 100 montfort-en-chalosse
1186 0 54 saint-lon-les-mines
185 0 28 argelos-40
797 0 51 cauneille
254 0 27 sainte-foy-40
901 0 71 port-de-lanne
1535 0 199 angresse
716 0 48 misson
319 0 27 bas-mauco
1542 0 79 saint-andre-de-seignanx
798 0 357 seyresse
176 0 22 bostens
242 0 71 aubagnan
1612 0 121 saugnac-et-cambran
120 0 17 cledes
4606 0 74 morcenx
2516 0 50 pontonx-sur-l-adour
629 0 17 carcen-ponson
823 0 15 laluque
476 0 40 coudures
292 0 36 lahosse
668 0 9 moustey
901 0 26 pouydesseaux
404 0 26 caupenne
1104 0 28 meilhan-40
214 0 20 peyre
152 0 36 pecorade
6279 0 108 aire-sur-l-adour
279 0 24 toulouzette
959 0 7 onesse-et-laharie
109 0 3 mano
370 0 65 saint-barthelemy-40
103 0 39 gibret
232 0 6 cachen
502 0 51 saint-aubin-40
574 0 31 montsoue
201 0 50 ozourt
335 0 15 creon-d-armagnac
258 0 28 mouscardes
287 0 29 bonnegarde
560 0 32 saint-laurent-de-gosse
556 0 37 montaut-40
242 0 22 gouts
654 0 39 estibeaux
956 0 34 moliets-et-maa
400 0 24 castandet
232 0 12 lacquy
651 0 39 sorde-l-abbaye
1877 0 29 leon
266 0 93 louer
606 0 17 gastes
5304 0 47 parentis-en-born
2459 0 20 rion-des-landes
7069 0 61 mimizan
571 0 40 gailleres
205 0 9 grange-40
12197 0 76 biscarrosse
904 0 64 orthevielle
106 0 24 beyries
555 0 52 castelnau-chalosse
264 0 29 classun
4535 0 159 hagetmau
632 0 18 duhort-bachen
322 0 27 fargues-40
4803 0 196 labenne
854 0 9 mezos
342 0 29 baigts
700 0 47 cagnotte
651 0 50 sainte-colombe-40
3467 0 215 peyrehorade
149 0 29 cazalis-40
765 0 36 bias-40
1220 0 7 sabres
249 0 50 biarrotte
791 0 92 candresse
787 0 14 brocas
331 0 28 nassiet
118 0 8 saint-julien-d-armagnac
577 0 28 montgaillard-40
347 0 48 arsague
478 0 33 ossages
392 0 16 freche
349 0 22 borderes-et-lamensans
20665 0 1048 dax
1564 0 368 vieux-boucau-les-bains
264 0 9 villenave
212 0 7 arjuzanx
120 0 10 arthez-d-armagnac
187 0 20 castelnau-tursan
809 0 43 haut-mauco
7965 0 366 capbreton
122 0 26 puyol-cazalet
1167 0 16 sainte-eulalie-en-born
3015 0 286 narrosse
346 0 8 levignacq
264 0 22 urgons
874 0 12 labrit
8924 0 339 saint-pierre-du-mont-40
312 0 19 boos-40
371 0 65 laurede
370 0 42 saint-cricq-du-gave
81 0 9 lussagnet
328 0 3 bourriot-bergonce
1467 0 18 pontenx-les-forges
659 0 32 saint-cricq-chalosse
3723 0 256 soorts-hossegor
289 0 22 vielle-tursan
388 0 47 saint-jean-de-lier
1451 0 19 saint-julien-en-born
2297 0 122 benesse-maremne
506 0 5 lüe
679 0 46 orist
1559 0 57 amou
361 0 14 miramont-sensacq
362 0 45 oeyregave
101 0 4 argelouse
101 0 3 rimbez-et-baudiets
149 0 7 belis
396 0 53 castaignos-souslens
398 0 4 lencouacq
508 0 23 renung
253 0 43 banos
1237 0 65 heugas
1443 0 76 habas
179 0 36 garrey
900 0 40 doazit
2041 0 18 ychoux
696 0 50 pey
321 0 42 audon
82 0 11 lauret-40
305 0 74 gousse
946 0 82 aureilhan-40
662 0 4 luxey
453 0 34 momuy
645 0 37 aurice
11906 0 453 tarnos
610 0 5 escource
300 0 23 lamothe-40
320 0 4 retjons
185 0 9 sinderes
309 0 6 arue
340 0 27 maylis
348 0 63 saint-geours-d-auribat
406 0 5 commensacq
229 0 30 poudenx
249 0 41 larbey
202 0 20 arboucave
538 0 51 goos
268 0 108 dumes
1219 0 21 ygos-saint-saturnin
1044 0 7 sore
339 0 8 luglon
730 0 69 geaune
601 0 41 hastingues
422 0 79 yzosse
438 0 18 liposthey
147 0 21 marpaps
601 0 35 azur
2870 0 57 pouillon-40
166 0 24 latrille
372 0 25 bahus-soubiran
488 0 31 carcares-sainte-croix
378 0 19 monsegur-40
600 0 35 larriviere-saint-savin
886 0 57 sort-en-chalosse
2157 0 50 saint-geours-de-maremne
345 0 3 solferino
1287 0 76 gabarret
193 0 24 saint-agnet
575 0 14 uchacq-et-parentis
1161 0 113 tercis-les-bains
577 0 31 pujo-le-plan
2374 0 132 tosse
1426 0 110 bretagne-de-marsan
421 0 31 cauna
351 0 57 onard
360 0 40 serres-gaston
656 0 59 tethieu
135 0 29 labastide-chalosse
1050 0 55 gamarde-les-bains
603 0 50 belus
1775 0 114 hinx
134 0 23 lacajunte
1377 0 176 saubion
310 0 5 saint-gor
434 0 25 saint-loubouer
90 0 16 mauries
445 0 38 donzacq
490 0 53 gaas
810 0 53 clermont-40
1089 0 39 begaar
521 0 43 orx
816 0 35 tilh
569 0 15 saint-yaguen
226 0 23 leuy
803 0 51 biaudos
356 0 12 gourbera
375 0 30 eyres-moncube
818 0 77 saubusse
289 0 14 mant
302 0 28 brassempouy
1853 0 24 magescq
120 0 30 sarron
207 0 4 sen
1520 0 13 lit-et-mixe
1017 0 9 lesperon-40
506 0 12 parleboscq
1381 0 64 saubrigues
67 0 2 arx
2592 0 71 labouheyre
312 0 11 garrosse
246 0 7 vielle-soubiran
407 0 10 cere
612 0 27 bougue
257 0 61 nerbis
1044 0 20 herm-40
1144 0 36 cazeres-sur-l-adour
222 0 37 lourquen
127 0 5 herre
487 0 43 vignau
291 0 39 bats
210 0 14 bourdalat
365 0 13 perquie
71 0 14 montegut-40
548 0 17 hontanx
236 0 5 vert-40
359 0 38 audignon
209 0 29 sarraziet
106 0 2 lubbon
1963 0 21 castets
291 0 16 saint-michel-escalus
208 0 38 serreslous-et-arribans
31225 0 846 mont-de-marsan
459 0 34 maurrin
264 0 34 hauriet
4863 0 107 saint-martin-de-seignanx
1325 0 50 saint-jean-de-marsacq
1896 0 156 roquefort-40
1060 0 39 sainte-marie-de-gosse
95 0 14 payros-cazautets
1390 0 84 mugron
243 0 9 ousse-suzan
944 0 27 campagne-40
1303 0 37 saint-martin-d-oney
929 0 14 saint-justin-40
42 0 1 baudignan
750 0 81 saint-pandelon
7294 0 72 soustons
186 0 35 morganx
1503 0 49 pomarez
518 0 87 benesse-les-dax
260 0 2 losse
905 0 8 saugnacq-et-muret
734 0 14 geloux
424 0 7 garein
363 0 9 beylongue
676 0 78 prechacq-les-bains
82 0 14 monget
1593 0 278 oeyreluy
3088 0 101 tartas
278 0 41 buanes
1736 0 114 mees-40
1180 0 43 riviere-saas-et-gourby
997 0 23 souprosse
689 0 21 labastide-d-armagnac
448 0 25 saint-gein
107 0 22 mauvezin-d-armagnac
3258 0 40 sanguinet
458 0 11 taller
1098 0 48 sarbazan
262 0 62 vicq-d-auribat
213 0 14 mailleres
1356 0 9 pissos
12409 0 212 saint-paul-les-dax
113 0 38 siest
282 0 72 nousse
264 0 36 bastennes
448 0 40 eugenie-les-bains
3310 0 94 seignosse
1296 0 50 saint-martin-de-hinx
754 0 57 poyartin
185 0 16 pimbo
633 0 57 horsarrieu
118 0 17 bassercles
215 0 22 philondenx
1423 0 67 labatut-40
116 0 20 castelner
698 0 43 mazerolles-40
175 0 6 canenx-et-reaut
912 0 48 bascons
1195 0 16 vielle-saint-girons
593 0 53 saint-etienne-d-orthe
251 0 8 escalans
288 0 36 angoume
2503 0 126 grenade-sur-l-adour
557 0 48 laglorieuse
375 0 13 lesgor
186 0 15 sorbets-40
578 0 60 saint-maurice-sur-adour
706 0 11 arengosse
1018 0 49 mimbaste
7585 0 361 saint-vincent-de-tyrosse
142 0 1 callen
817 0 18 saint-paul-en-born
