377
562



1 62 1
1 105 1
1 293 1
2 110 1
2 198 1
3 145 23
3 208 71
3 322 56
4 13 1
4 199 1
4 308 1
5 172 5
5 239 3
6 227 1
6 284 1
6 355 1
7 26 70
7 192 74
7 309 208
7 361 386
8 70 1
8 264 1
9 178 1
9 293 1
10 188 1
10 371 1
11 143 2
11 314 8
12 13 1
12 187 1
12 232 1
13 337 1
14 272 1
14 333 1
15 182 1
15 261 1
16 244 8
16 278 2
17 176 1
17 345 1
18 49 1
18 172 1
19 48 1
19 278 1
19 282 1
20 219 1
20 300 1
21 27 7
21 102 2
21 370 1
22 136 1
22 310 1
23 296 1
23 336 1
24 95 1
24 295 1
25 134 1
25 187 1
25 328 1
26 359 2
27 102 5
27 178 3
28 255 1
28 270 1
29 73 1
29 366 1
30 115 6
30 328 2
31 66 1
31 72 1
31 191 1
32 39 3
32 203 1
32 264 1
33 61 1
33 220 1
34 313 1
34 315 1
35 190 1
35 281 1
35 307 3
36 149 3
36 165 1
36 265 1
36 266 1
37 191 1
37 269 1
37 369 1
38 155 1
38 290 1
39 70 7
39 264 4
40 151 1
40 254 1
40 282 2
41 217 1
41 326 1
42 243 1
42 261 1
42 368 1
43 142 1
43 211 1
43 242 1
44 137 1
44 170 1
44 175 1
44 341 1
44 353 1
45 53 2
45 146 3
46 61 1
46 237 4
46 284 1
47 194 1
47 286 1
48 278 1
49 113 1
49 156 1
49 320 1
50 287 1
50 288 1
50 321 1
50 349 1
51 219 1
51 300 1
52 219 1
52 306 1
52 327 1
53 146 4
54 134 1
54 187 1
54 347 1
55 277 1
55 309 7
56 211 1
56 240 1
57 101 1
57 364 1
58 219 1
58 370 1
59 121 1
59 236 1
59 297 1
60 63 1
60 209 1
60 353 1
61 174 3
62 85 1
63 356 1
64 100 5
64 114 47
64 251 15
65 90 1
65 226 1
65 238 1
66 75 1
66 106 1
67 268 1
67 351 1
68 120 1
68 188 1
68 214 1
69 154 1
69 186 1
70 103 1
70 203 1
71 77 1
71 137 1
71 158 1
71 353 1
72 198 1
73 253 1
73 305 1
73 366 1
74 145 3
74 206 1
74 349 1
75 106 1
75 140 1
75 337 1
76 122 1
76 248 1
77 117 1
78 81 1
78 188 1
78 371 1
79 115 1
79 177 2
79 222 1
80 94 2
80 262 1
80 332 1
81 140 1
82 133 2
82 212 1
83 160 1
83 266 1
84 296 2
84 336 1
85 104 1
85 141 1
85 335 1
86 88 1
86 205 1
87 160 2
87 237 10
88 205 1
88 279 1
89 299 1
89 348 1
90 373 1
91 250 1
91 338 1
91 362 1
92 274 16
92 349 1
92 350 6
93 273 1
93 294 1
94 213 1
94 238 6
94 286 2
95 295 1
96 132 116
96 144 113
96 358 20
97 163 1
97 193 1
97 338 1
98 125 1
98 306 1
98 346 1
99 284 1
99 304 1
99 342 1
99 355 1
100 111 5
101 187 1
101 328 1
103 264 1
104 141 1
105 138 1
107 220 1
107 304 1
108 117 1
108 155 1
109 254 1
109 294 1
109 362 1
110 198 1
110 269 1
111 318 2
111 328 2
111 364 1
112 298 1
112 342 1
113 156 1
113 221 1
114 251 84
114 291 115
115 177 5
116 159 1
116 259 1
117 209 1
118 128 2
118 144 21
119 204 1
119 219 1
119 325 1
120 152 1
120 188 1
121 149 1
121 153 1
121 165 1
121 236 1
122 224 1
122 234 1
123 234 1
123 329 1
124 131 18
124 133 11
125 302 1
125 346 1
125 356 1
126 190 2
126 260 1
126 307 4
127 276 1
127 298 1
128 358 2
129 277 1
129 363 1
130 163 1
130 283 1
131 359 8
132 322 81
132 323 50
133 212 2
133 233 5
135 215 1
135 250 1
136 139 1
136 280 1
136 301 1
137 183 1
138 199 1
138 243 1
138 293 1
139 188 1
139 228 1
139 232 1
139 301 1
139 310 1
140 337 1
141 199 1
141 308 1
141 335 1
142 202 1
143 314 7
146 340 7
146 354 13
147 334 1
147 339 1
148 180 1
148 312 1
149 165 1
149 235 1
149 376 1
150 201 1
150 359 2
151 254 1
151 282 1
152 214 1
153 343 1
154 186 1
154 334 1
155 182 1
155 290 1
156 257 1
157 222 1
157 232 1
158 353 1
158 356 1
159 334 1
160 237 9
161 194 1
161 197 1
161 363 1
162 223 7
162 372 3
163 205 1
164 174 2
164 207 1
164 208 9
166 184 1
166 275 5
166 373 2
167 285 3
167 329 4
167 357 1
168 299 1
168 331 1
168 348 1
169 247 1
169 376 1
170 175 1
171 215 3
171 365 2
172 239 1
172 316 1
173 189 1
173 257 1
175 183 1
176 345 1
178 325 1
178 348 1
179 245 1
179 359 1
180 227 1
180 312 1
181 240 1
181 377 1
182 261 1
182 290 1
183 341 1
184 275 2
185 217 1
185 375 1
186 334 1
187 328 1
188 214 1
188 280 1
188 337 1
189 196 1
189 295 1
191 269 1
192 202 1
193 195 1
193 250 1
193 273 1
193 338 1
194 363 1
195 273 1
196 295 1
196 347 1
197 330 1
198 269 1
199 241 1
199 308 1
200 285 1
200 313 1
201 245 1
201 258 1
201 359 1
202 277 1
202 352 1
203 319 1
203 361 7
203 365 1
204 219 1
204 325 1
205 279 1
206 207 2
206 208 12
207 208 11
208 237 55
208 361 75
209 353 1
210 229 1
210 230 1
210 363 1
210 367 1
211 238 2
211 240 1
213 226 1
213 238 3
213 242 1
213 303 1
213 372 1
215 365 1
216 233 3
216 311 4
216 377 1
218 314 6
218 316 1
219 300 1
219 370 1
220 355 1
221 257 1
222 228 1
222 232 1
223 372 1
224 234 1
224 248 1
224 315 1
225 305 1
225 366 1
226 242 1
227 312 1
227 355 1
228 310 1
229 330 1
229 367 1
230 330 1
231 260 1
231 283 1
233 377 1
234 248 1
234 329 1
235 265 1
236 297 1
237 284 4
239 316 1
240 262 1
240 332 1
240 377 1
241 308 1
241 337 1
243 293 1
243 369 1
244 318 2
245 258 1
246 261 1
246 324 1
247 248 1
249 283 1
249 317 1
250 252 1
252 272 2
253 276 1
253 298 2
253 304 1
253 366 1
255 270 1
256 337 1
256 371 1
257 318 1
257 326 1
259 267 1
259 289 1
260 283 1
260 307 1
261 324 1
262 332 1
263 272 9
263 350 13
265 266 1
267 289 1
267 346 1
268 292 2
268 351 1
270 285 1
270 313 1
271 302 1
271 327 1
271 345 2
272 333 1
273 279 2
274 321 4
274 349 3
275 311 5
275 373 3
277 352 1
281 283 1
281 307 1
281 317 1
283 317 1
285 313 1
287 319 1
287 360 1
288 360 1
289 346 1
291 344 99
291 374 839
292 351 1
292 360 1
292 361 23
296 336 1
298 304 2
299 348 1
302 327 1
302 345 1
303 372 1
304 355 1
305 366 1
311 373 2
315 357 1
318 375 1
320 375 1
321 349 1
322 340 19
322 354 34
323 358 9
325 331 1
330 367 1
333 350 2
334 339 1
340 354 13
343 376 1
352 363 1
353 356 1
368 369 1



358 0 80 ruederbach
327 0 34 courtavon
10268 0 434 wittelsheim
783 0 192 steinsoultz
4865 0 311 habsheim
1291 0 150 guewenheim
67615 0 1015 colmar
832 0 93 gueberschwihr
2224 0 172 hirsingue
318 0 94 linsdorf
2128 0 248 hochstatt
1006 0 145 muespach-le-haut
854 0 75 muespach
1149 0 201 raedersheim
601 0 71 friesen
4514 0 274 kembs
1329 0 165 aspach-le-bas
1414 0 127 dietwiller
1129 0 73 hombourg
2469 0 269 illfurth
1980 0 115 carspach
308 0 74 biederthal
615 0 61 nambsheim
310 0 76 hundsbach
673 0 151 ranspach-le-bas
1684 0 190 wettolsheim
5765 0 604 altkirch
855 0 378 zimmerbach
495 0 29 rimbach-pres-masevaux
4121 0 282 blotzheim
346 0 43 winkel
957 0 87 westhalten
365 0 108 michelbach
462 0 48 wasserbourg
2017 0 1516 neuf-brisach
1738 0 113 moosch
562 0 82 moernach
332 0 62 fulleren
4574 0 114 rouffach
1639 0 77 bantzenheim
272 0 69 magstatt-le-haut
1055 0 73 pfetterhouse
369 0 74 zellenberg
883 0 213 montreux-vieux
1448 0 136 heimsbrunn
836 0 234 leimbach
698 0 66 illhaeusern
939 0 107 niffer
1169 0 99 schlierbach
906 0 226 jungholtz
2643 0 321 zillisheim
664 0 169 spechbach-le-haut
1791 0 96 reiningue
364 0 77 knoeringue
2202 0 189 andolsheim
1203 0 70 riquewihr
522 0 101 kappelen
728 0 175 spechbach-le-bas
460 0 36 urbes
366 0 88 gommersdorf
1470 0 169 aspach-le-haut
481 0 101 bettendorf
268 0 69 buethwiller
3706 0 542 village-neuf
476 0 103 thannenkirch
232 0 30 bendorf
1576 0 121 lautenbach
296 0 34 lutter
260 0 81 elbach
2313 0 118 soultzmatt
634 0 154 retzwiller
40 0 3 lucelle
436 0 101 oberbruck
1163 0 151 berrwiller
621 0 93 vieux-ferrette
656 0 26 sondernach
560 0 105 manspach
344 0 40 sondersdorf
970 0 233 buschwiller
1588 0 194 ostheim
331 0 33 ligsdorf
547 0 163 niedermorschwihr
285 0 31 goldbach-altenbach
1729 0 83 blodelsheim
198 0 74 henflingen
1913 0 150 sundhoffen
2028 0 160 bitschwiller-les-thann
835 0 192 logelheim
189 0 92 heiwiller
398 0 81 aubure
456 0 67 munwiller
3597 0 416 bollwiller
823 0 67 rustenhart
1895 0 98 bergheim
424 0 73 hausgauen
12779 0 1910 kingersheim
378 0 52 biltzheim
358 0 96 eglingen
617 0 102 bourbach-le-bas
2130 0 329 rosenau
759 0 121 helfrantzkirch
1315 0 94 hirtzbach
885 0 158 osenbach
338 0 54 willer
458 0 91 feldbach
517 0 62 koestlach
324 0 76 mortzwiller
306 0 79 saint-ulrich
1616 0 67 munchhouse
251 0 47 levoncourt-68
3656 0 284 bartenheim
421 0 61 bourbach-le-haut
634 0 73 steinbrunn-le-bas
20127 0 1194 saint-louis-68
2471 0 270 hesingue
301 0 94 diefmatten
386 0 62 altenach
2365 0 325 ruelisheim
691 0 216 tagolsheim
476 0 46 wolschwiller
1002 0 196 husseren-wesserling
848 0 91 breitenbach-haut-rhin
1182 0 64 soultzeren
3739 0 227 turckheim
824 0 84 balschwiller
2447 0 147 biesheim
329 0 64 sickert
1336 0 79 battenheim
1224 0 256 fortschwihr
327 0 39 geiswasser
7592 0 400 wintzenheim
14596 0 1946 illzach
4696 0 631 ingersheim
528 0 71 michelbach-le-haut
737 0 89 gundolsheim
198 0 51 liebenswiller
613 0 101 chavannes-sur-l-etang
720 0 95 riespach
609 0 123 hagenthal-le-haut
846 0 436 ferrette
573 0 138 oberdorf
396 0 130 riedwihr
1738 0 391 didenheim
14194 0 746 wittenheim
3657 0 492 staffelfelden
3432 0 454 morschwiller-le-bas
85 0 31 saint-cosme
351 0 70 eteimbes
2387 0 205 saint-amarin
1779 0 231 herrlisheim-pres-colmar
949 0 198 chalampe
236 0 36 kiffis
1716 0 80 fellering
541 0 78 traubach-le-haut
328 0 76 strueth
1562 0 513 landser
895 0 175 attenschwiller
811 0 75 ballersdorf
161 0 46 sternenberg
1909 0 106 willer-sur-thur
1169 0 78 jebsheim
5495 0 121 sainte-marie-aux-mines
340 0 44 hettenschlag
1286 0 211 steinbach
831 0 72 ranspach
1991 0 94 lapoutroie
4905 0 567 munster-68
323 0 129 tagsdorf
191 0 19 wildenstein
294 0 68 magny-68
3434 0 419 issenheim
1518 0 475 eschentzwiller
505 0 78 wahlbach
2886 0 564 vieux-thann
206 0 71 romagny-68
712 0 66 schweighouse-thann
3172 0 473 hegenheim
849 0 178 wittersdorf
497 0 414 husseren-les-chateaux
169 0 40 bretten
1172 0 202 sigolsheim
639 0 79 hindlingen
391 0 75 valdieu-lutran
827 0 37 bonhomme
320 0 74 stetten
516 0 76 traubach-le-bas
598 0 136 ranspach-le-haut
741 0 55 oltingue
320 0 64 zaessingue
1031 0 109 wolfgantzen
501 0 64 durlinsdorf
1762 0 262 houssen
586 0 66 oberentzen
805 0 106 grussenheim
969 0 77 niederhergheim
506 0 80 jettingen
810 0 83 artzenheim
152 0 18 oberlarg
1493 0 360 waldighofen
673 0 95 soultzbach-les-bains
819 0 136 hattstatt
1353 0 209 holtzwihr
1009 0 142 orschwihr
927 0 191 walheim
578 0 74 appenwihr
1741 0 127 wattwiller
1592 0 133 uffholtz
11268 0 624 cernay-68
374 0 102 wolfersdorf
696 0 108 urschenheim
597 0 124 hunawihr
549 0 156 katzenthal
1043 0 58 saint-hippolyte-68
508 0 68 raedersdorf
1286 0 141 merxheim
2713 0 109 kaysersberg
473 0 141 magstatt-le-bas
1462 0 337 flaxlanden
623 0 139 heidwiller
564 0 76 soppe-le-haut
587 0 63 steinbrunn-le-haut
721 0 153 wentzwiller
1997 0 71 sainte-croix-aux-mines
765 0 97 luttenbach-pres-munster
533 0 24 sewen
331 0 46 rodern
704 0 123 soppe-le-bas
1151 0 185 hagenthal-le-bas
947 0 152 durrenentzen
583 0 89 baltzenheim
1178 0 163 algolsheim
833 0 123 folgensbourg
1864 0 94 ammerschwihr
755 0 95 muhlbach-sur-munster
426 0 66 mitzach
421 0 47 mollau
7929 0 633 thann
4843 0 150 ribeauville-68
1135 0 360 zimmersheim
802 0 331 mittelwihr
955 0 165 durmenach
401 0 162 rorschwihr
574 0 70 bisel
3009 0 227 sierentz
538 0 134 voegtlinshoffen
357 0 69 ueberstrass
332 0 29 mittlach
1133 0 37 metzeral
1229 0 64 dessenheim
1243 0 97 meyenheim
6664 0 2330 huningue
1792 0 75 reguisheim
826 0 122 kirchberg
1111 0 66 rumersheim-le-haut
872 0 160 walbach
456 0 70 bouxwiller-68
802 0 146 rantzwiller
365 0 229 obermorschwihr
292 0 58 gildwiller
635 0 126 vogelgrun
1188 0 176 seppois-le-bas
973 0 173 beblenheim
7247 0 198 ensisheim
1327 0 91 pfaffenheim
522 0 196 malmerspach
486 0 66 geishouse
433 0 176 hecken
977 0 42 lautenbachzell
337 0 79 liebsdorf
1264 0 100 wihr-au-val
1794 0 152 burnhaupt-le-bas
2025 0 149 ungersheim
1176 0 59 oberhergheim
7267 0 245 soultz-haut-rhin
3626 0 78 orbey
453 0 119 niederbruck
974 0 301 bischwihr
736 0 42 petit-landau
2730 0 105 sainte-croix-en-plaine
329 0 80 bettlach
614 0 88 weckolsheim
1899 0 73 ottmarsheim
1021 0 79 obersaasheim
895 0 125 roderen
957 0 154 gunsbach
1382 0 75 guemar
215 0 120 rimbachzell
237 0 48 rimbach-pres-guebwiller
187 0 52 falkwiller
212 0 105 mertzen
12301 0 1767 riedisheim
3275 0 372 buhl-68
655 0 86 heimersdorf
1152 0 52 hirtzfelden
360 0 57 franken
2276 0 123 fessenheim
238 0 46 storckensohn
3300 0 142 masevaux
268 0 110 emlingen
681 0 153 froeningen
527 0 141 neuwiller
642 0 84 bernwiller
1756 0 139 liepvre
962 0 208 lauw
451 0 53 dolleren
503 0 83 saint-bernard-68
2401 0 277 volgelsheim
721 0 173 roppentzwiller
4931 0 523 horbourg-wihr
1136 0 97 leymen
2286 0 170 labaroche
191 0 90 bellemagny
748 0 158 griesbach-au-val
6125 0 634 brunstatt
378 0 78 eschbach-au-val
1031 0 147 bruebach
945 0 42 heiteren
880 0 201 uffheim
450 0 196 bergholtzzell
427 0 70 geispitzen
798 0 129 wuenheim
8957 0 1709 pfastatt
5471 0 323 sausheim
300 0 53 largitzen
697 0 95 luemschwiller
569 0 110 koetzingue
801 0 149 galfingue
704 0 142 michelbach-le-bas
1409 0 53 stosswihr
1763 0 150 kunheim
426 0 70 obermorschwiller
1281 0 194 bennwihr
954 0 226 feldkirch
125 0 58 guevenatten
537 0 103 grentzingen
915 0 96 balgau
575 0 127 werentzhouse
444 0 50 niederentzen
414 0 63 brechaumont
3458 0 623 richwiller
337 0 100 montreux-jeune
226 0 41 rammersmatt
1306 0 68 oderen
12996 0 665 rixheim
1626 0 130 burnhaupt-le-haut
357 0 117 ammerzwiller
325 0 53 berentzwiller
259 0 108 schwoben
663 0 138 hartmannswiller
2895 0 338 pulversheim
634 0 30 linthal
779 0 346 wickerschwihr
2323 0 534 dannemarie-68
6126 0 715 lutterbach
1596 0 258 sentheim
701 0 145 hagenbach
325 0 59 hohrod
2565 0 201 baldersheim
1683 0 119 eguisheim
140 0 21 murbach
11461 0 1183 guebwiller
482 0 74 roggenhouse
1110 0 171 muntzenheim
348 0 102 brinckheim
1081 0 254 bergholtz
339 0 33 wegscheid
1237 0 115 widensolen
506 0 80 seppois-le-haut
492 0 87 mooslargue
1144 0 272 aspach-68
431 0 57 fislis
855 0 47 rombach-le-franc
1409 0 71 freland
109588 0 4940 mulhouse
562 0 242 waltenheim
1007 0 45 kruth
759 0 157 kientzheim
