318
490



1 154 337
1 156 544
2 3 314
2 120 417
3 4 481
4 118 674
4 120 511
5 106 183
5 131 855
6 76 233
6 77 944
7 10 2043
7 11 1209
8 9 1286
8 11 743
8 12 771
9 10 3252
9 11 1887
10 11 1933
11 202 659
12 14 879
12 15 9696
13 14 381
13 15 4933
14 15 6282
15 23 12121
15 201 3782
16 96 1402
16 112 208
17 96 915
17 212 402
18 66 523
18 194 616
19 66 1616
19 137 1378
20 28 653
20 30 716
21 23 54224
21 27 2698
21 201 4518
22 27 733
22 28 650
23 25 21688
23 30 15196
23 55 10423
23 68 13230
23 77 3044
23 137 2244
23 164 4222
23 201 36529
24 28 541
24 55 3124
24 69 441
25 29 889
26 27 889
26 30 928
27 30 739
28 204 188
29 198 585
31 95 349
31 123 333
31 169 5098
32 39 199
32 131 325
33 34 219
33 42 215
34 36 252
34 191 284
35 36 811
35 191 1009
35 207 845
36 191 313
37 38 772
37 72 310
37 106 119
38 72 642
38 106 519
39 42 278
39 210 910
40 45 2546
40 151 734
40 157 1433
41 70 1012
41 71 464
42 43 265
42 210 515
43 91 148
44 45 599
44 213 733
45 151 511
46 47 1142
46 76 299
47 48 717
48 205 281
49 50 587
49 177 303
49 187 546
50 52 581
51 52 471
51 175 401
51 190 282
52 175 299
53 54 2297
53 102 762
54 70 669
54 87 638
55 56 1933
55 68 10999
55 205 1156
55 206 4369
56 69 273
57 58 553
57 59 9441
57 91 142
57 195 596
58 59 6803
59 137 2067
59 194 3461
59 195 7068
59 210 976
60 62 4111
60 87 903
60 210 1010
61 64 899
61 65 1073
62 64 1006
63 64 1468
63 65 1668
64 65 2377
66 67 1131
67 68 4917
68 69 3217
68 137 1805
70 71 1726
70 87 5874
70 93 2487
70 99 1857
70 103 1154
71 95 130
73 74 3004
73 81 1534
73 158 2761
73 208 1267
73 209 810
73 210 599
74 81 384
74 94 220
75 76 795
75 77 3487
76 77 3448
77 151 2265
78 149 461
78 152 332
79 83 451
79 145 919
79 149 630
80 132 470
80 136 163
82 83 3676
82 131 1851
82 148 22744
82 151 6386
84 146 339
84 156 240
85 87 7435
85 88 1011
85 89 923
86 87 4417
86 88 590
86 92 364
87 88 6822
87 93 5687
87 158 1610
88 89 706
88 207 426
89 102 358
90 164 20536
90 239 1130
91 136 105
91 195 394
92 93 2051
93 94 1299
93 158 2787
93 210 399
96 97 2624
96 138 594
96 164 23764
96 239 1087
97 98 257
98 101 88
99 123 206
100 101 2023
100 104 3334
100 105 637
101 104 902
101 211 228
102 103 859
104 105 2251
104 138 1741
104 164 3484
106 212 138
107 108 2441
107 109 3749
107 113 5425
107 119 2244
108 113 2350
109 113 3622
110 116 3232
110 117 4031
110 119 5490
110 164 12457
110 192 3033
111 112 539
111 115 712
111 118 606
112 118 249
114 127 2335
114 129 485
115 118 630
115 125 646
115 130 776
116 117 421
117 119 687
118 126 507
120 121 571
120 309 324
121 122 691
121 309 457
121 317 373
122 306 507
123 158 1033
124 125 484
124 126 735
124 129 444
124 130 687
125 130 557
126 130 784
127 128 1333
127 129 293
128 129 167
129 130 472
131 148 3565
131 151 1022
131 210 944
132 133 393
132 134 197
132 135 310
132 136 1245
133 135 1055
134 135 599
138 139 5246
138 140 4461
138 141 4243
139 140 501
139 141 502
142 143 2647
142 211 376
142 213 716
143 211 446
143 213 2002
144 145 909
144 148 7477
145 149 1555
145 153 1418
146 147 697
146 154 506
146 156 441
147 148 12318
147 154 763
148 151 43647
149 153 1001
150 151 3718
150 154 763
150 155 653
151 153 3467
152 153 709
152 155 480
153 155 612
156 157 371
159 160 881
159 161 634
160 161 992
160 162 197
160 163 293
161 163 618
162 163 509
164 192 21486
164 239 155073
165 167 184
165 168 502
166 167 825
166 168 1993
167 168 205
169 192 892
169 239 674
170 171 1353
170 272 829
170 282 1270
171 271 874
172 288 596
172 295 561
173 174 686
173 222 936
174 222 740
175 189 450
175 190 377
176 251 1755
176 312 550
177 186 617
177 187 738
177 305 1021
178 312 889
178 316 3250
179 187 750
179 188 942
179 307 571
180 189 619
180 190 515
181 185 1552
181 252 1555
182 185 489
182 189 581
183 185 532
183 188 751
183 235 1486
183 251 1665
184 189 609
184 190 489
186 306 633
186 307 566
189 190 546
193 194 722
193 195 520
196 197 847
196 201 2605
197 201 4984
198 201 3462
198 203 1344
199 200 873
199 202 530
200 202 1082
201 203 6312
204 206 1313
205 206 1321
208 209 1231
214 224 460
214 303 503
215 218 890
215 222 1387
216 220 486
216 221 567
217 218 456
217 221 532
217 227 610
218 221 547
218 222 716
219 223 795
219 236 1151
220 225 518
221 226 674
221 227 735
223 236 1627
223 287 689
224 303 579
225 303 606
226 227 780
228 243 3368
228 249 1063
229 232 1070
229 254 776
230 238 1172
230 241 1562
230 249 504
231 248 1307
231 252 831
232 234 2109
232 237 909
233 234 1808
233 239 3200
235 248 2306
235 251 4418
236 245 1233
236 287 1013
237 245 555
237 254 656
238 240 3303
238 246 2364
238 249 1105
239 247 1912
239 252 2123
240 246 3026
241 243 4655
241 249 1471
242 262 1677
242 276 737
242 278 854
243 249 1510
244 253 940
244 254 1153
245 287 521
246 250 1511
246 276 1731
247 253 522
248 252 868
249 251 1528
250 278 1406
253 254 736
255 259 2174
255 265 544
256 266 1807
256 274 1282
257 260 1298
257 263 924
258 275 716
258 282 681
259 265 1652
259 296 3107
260 263 777
260 272 658
261 268 1825
261 271 1750
262 273 2249
262 278 3601
263 272 468
264 282 1518
264 288 1073
265 267 638
265 269 763
266 274 2566
267 269 1176
267 275 1016
267 277 1326
268 271 763
269 277 1587
270 273 588
270 315 692
272 282 613
273 315 841
275 283 1361
277 280 2201
277 281 1705
279 288 571
279 290 678
280 281 2135
283 290 1079
283 291 1049
283 296 1597
284 287 491
284 292 533
284 298 1042
285 289 712
285 297 809
285 299 2353
285 302 1461
286 299 2177
286 302 1341
286 303 814
289 298 901
289 301 939
290 291 641
291 300 1484
292 298 974
293 295 1193
293 300 3520
293 304 4184
294 298 1019
294 299 1578
295 304 1428
297 302 968
298 301 1996
302 304 2960
305 306 1047
305 307 891
306 307 465
307 310 529
307 313 418
308 314 446
308 316 1753
309 311 506
309 317 506
310 313 530
310 314 538
310 316 2113
311 315 655
311 317 433
312 316 1794
314 316 1678
315 317 661
315 318 1448
317 318 979



40088 0 1680 bourg-en-bresse
28646 0 2325 soissons
25986 0 618 laon
55978 0 2481 saint-quentin
38402 0 1857 montlucon
39744 0 359 gap
51036 0 1148 grasse
28252 0 2166 vallauris
74120 0 2799 antibes
73234 0 3732 cannes
42320 0 5488 cannet-06
47141 0 2626 cagnes-sur-mer
28858 0 2053 menton
29963 0 2963 saint-laurent-du-var
343304 0 4773 nice
49810 0 1584 charleville-mezieres
60280 0 4566 troyes
47419 0 728 carcassonne
51039 0 295 narbonne
42544 0 374 istres
141438 0 760 aix-en-provence
43152 0 613 salon-de-provence
850726 0 3535 marseille
52661 0 69 arles
46423 0 845 aubagne
47544 0 665 martigues
35021 0 957 vitrolles-13
25368 0 985 miramas
33829 0 1075 ciotat
34485 0 1488 marignane
108954 0 4239 caen
27924 0 970 aurillac
41613 0 1904 angouleme
26011 0 571 saintes
75170 0 2644 rochelle-17
25140 0 1145 rochefort-17
26946 0 361 vierzon
66381 0 965 bourges
48949 0 1007 brive-la-gaillarde
151212 0 3741 dijon
46209 0 2111 saint-brieuc
29573 0 3011 perigueux
27648 0 492 bergerac
25875 0 1723 montbeliard
116914 0 1797 besancon
33536 0 1013 romans-sur-isere
63405 0 1728 valence-26
35314 0 754 montelimar
25147 0 720 vernon-27
50537 0 1909 evreux
38931 0 2310 chartres
31031 0 1278 dreux
63550 0 752 quimper
141303 0 2854 brest
142205 0 878 nîmes
41205 0 1779 ales
35186 0 1689 colomiers
25340 0 1394 tournefeuille
441802 0 3734 toulouse
239157 0 4845 bordeaux
27719 0 325 saint-medard-en-jalles
28420 0 1336 villenave-d-ornon
40600 0 4862 talence
58025 0 1494 pessac
66142 0 1373 merignac-33
70955 0 743 beziers
42774 0 1766 sete
257351 0 4524 montpellier
25277 0 1057 lunel
207178 0 4111 rennes
46342 0 1266 saint-malo
46140 0 1806 chateauroux
134817 0 3888 tours
35976 0 1110 joue-les-tours
36177 0 3906 saint-martin-d-heres
35748 0 4548 echirolles
155637 0 8584 grenoble
26173 0 1073 bourgoin-jallieu
29328 0 1294 vienne
31225 0 846 mont-de-marsan
46492 0 1241 blois
171260 0 2141 saint-etienne
35793 0 652 saint-chamond
36806 0 2283 roanne
43153 0 1437 saint-herblain
25017 0 2145 saint-sebastien-sur-loire
284970 0 4371 nantes
38425 0 2788 reze
67031 0 1432 saint-nazaire-44
114167 0 4154 orleans
33981 0 2957 agen
54098 0 618 cholet
147571 0 3455 angers
27283 0 411 saumur
38433 0 2695 cherbourg-octeville
179992 0 3837 reims
45299 0 1738 chalons-en-champagne
25526 0 535 saint-dizier
50940 0 1488 laval-53
105421 0 7023 nancy
30974 0 3274 vandoeuvre-les-nancy
57204 0 3272 lorient
52515 0 1625 vannes
120738 0 2878 metz
41015 0 822 thionville
36762 0 2121 nevers
94713 0 7158 roubaix
41541 0 3090 wattrelos
63572 0 2315 villeneuve-d-ascq
227560 0 6533 lille
43335 0 3135 valenciennes
31046 0 1647 maubeuge
91923 0 6051 tourcoing
92005 0 2096 dunkerque
42197 0 2499 douai
25375 0 4040 armentieres
28504 0 4627 lambersart
32584 0 1792 cambrai
38947 0 2774 marcq-en-baroeul
40517 0 763 compiegne
33601 0 3029 creil
54711 0 1642 beauvais
26704 0 2500 alencon
31873 0 2484 lievin
26278 0 1268 henin-beaumont
41611 0 3577 arras
73636 0 2198 calais
43070 0 5115 boulogne-sur-mer
25655 0 2711 bethune
35032 0 2994 lens
139860 0 3277 clermont-ferrand
81166 0 2575 pau
44820 0 2067 bayonne
25306 0 2170 biarritz
38032 0 1412 anglet
43034 0 2807 tarbes
117419 0 1724 perpignan
271782 0 3472 strasbourg
30952 0 4056 schiltigheim
26805 0 1206 illkirch-graffenstaden
34280 0 187 haguenau
67615 0 1015 colmar
109588 0 4940 mulhouse
25152 0 5716 oullins
59855 0 3904 venissieux
35326 0 3726 villefranche-sur-saone
41209 0 3943 caluire-et-cuire
484344 0 10117 lyon
41964 0 1412 saint-priest-69
41421 0 1977 vaulx-en-velin
145150 0 9996 villeurbanne
30272 0 1315 meyzieu
38717 0 3758 bron
29952 0 2068 rillieux-la-pape
25562 0 1502 decines-charpieu
34040 0 1258 macon
44985 0 2955 chalon-sur-saone
142626 0 2700 le-mans
27750 0 2198 aix-les-bains
57342 0 2731 chambery
50379 0 3690 annecy
33925 0 2092 thonon-les-bains
32196 0 6465 annemasse
2243833 0 21288 paris
28102 0 1539 saint-etienne-du-rouvray
110933 0 5188 rouen
31963 0 2738 dieppe
28835 0 3875 sotteville-les-rouen
175497 0 3737 havre
52779 0 3319 chelles-77
50755 0 3394 meaux
35561 0 2607 pontault-combault
39589 0 4924 melun
28599 0 2389 savigny-le-temple
26159 0 743 rambouillet
31557 0 7123 houilles
30859 0 2573 mureaux
51150 0 6046 sartrouville
37680 0 2837 poissy
30958 0 1657 plaisir
86110 0 3289 versailles
27966 0 2151 guyancourt
30173 0 5939 chatou
29380 0 2181 trappes
28975 0 6833 chesnay
35380 0 3573 conflans-sainte-honorine
42969 0 4580 mantes-la-jolie
40481 0 838 saint-germain-en-laye
33337 0 2861 montigny-le-bretonneux
26829 0 3152 elancourt
57325 0 840 niort
133448 0 2698 amiens
48916 0 1105 albi
42314 0 431 castres-81
56271 0 416 montauban
25930 0 1668 garde-83
54600 0 412 hyeres
34897 0 1312 six-fours-les-plages
36391 0 677 draguignan
51839 0 506 frejus
164532 0 3840 toulon
33603 0 375 saint-raphael-83
62082 0 2800 seyne-sur-mer
29278 0 772 carpentras
29135 0 392 orange
89683 0 1381 avignon
52664 0 601 roche-sur-yon
87697 0 2082 poitiers
32459 0 625 chatellerault
139150 0 1783 limoges
32842 0 554 epinal
36200 0 724 auxerre
50078 0 2928 belfort
25377 0 3833 brunoy
52135 0 6258 evry-91
28491 0 1808 draveil
26638 0 5469 grigny-91
27463 0 3153 ris-orangis
30285 0 2631 palaiseau
27331 0 3116 vigneux-sur-seine
32045 0 5279 viry-chatillon
43086 0 3913 corbeil-essonnes
42258 0 4481 massy-91
29050 0 2952 yerres
30393 0 3550 athis-mons
34195 0 3688 sainte-genevieve-des-bois-91
36842 0 5285 savigny-sur-orge
61754 0 16556 neuilly-sur-seine
32619 0 11170 chatillon-92
29284 0 15252 bois-colombes
44753 0 14029 puteaux
52546 0 5991 clamart
45058 0 4551 meudon
64355 0 15142 issy-les-moulineaux
79426 0 5403 rueil-malmaison
61793 0 6463 antony
27727 0 8083 plessis-robinson
64253 0 26660 levallois-perret
114205 0 18509 boulogne-billancourt
82327 0 17080 asnieres-sur-seine
85398 0 10934 colombes
25183 0 7869 villeneuve-la-garenne
87469 0 20975 courbevoie
48597 0 23476 montrouge
32111 0 5033 chatenay-malabry
58916 0 19128 clichy
27002 0 17308 vanves
46723 0 12327 suresnes
27628 0 15521 garenne-colombes
41364 0 3553 gennevilliers
89185 0 7316 nanterre
29873 0 3951 saint-cloud
30982 0 14967 malakoff
38080 0 9088 bagneux-92
33883 0 13184 bagnolet
38007 0 5054 courneuve
49832 0 6845 sevran
28006 0 6932 villemomble
102770 0 11521 montreuil-93
41808 0 5665 livry-gargan
82120 0 5069 aulnay-sous-bois
106785 0 8639 saint-denis-93
29750 0 7531 clichy-sous-bois
62964 0 4862 noisy-le-grand
25771 0 7491 romainville
76087 0 13209 aubervilliers
39733 0 7883 noisy-le-sec
35658 0 3438 villepinte-93
47492 0 7015 bobigny
27883 0 8176 pierrefitte-sur-seine
34493 0 1537 tremblay-en-france
25269 0 4636 montfermeil
33829 0 6276 stains
54136 0 10805 pantin
41050 0 6945 rosny-sous-bois
47189 0 10948 saint-ouen-93
53530 0 9786 bondy
54518 0 11929 epinay-sur-seine
33498 0 4883 neuilly-sur-marne
66410 0 8557 drancy
51438 0 6389 blanc-mesnil
39056 0 5718 gagny
53145 0 9524 fontenay-sous-bois
30201 0 7743 haÿ-les-roses
44201 0 12043 alfortville
40905 0 7533 choisy-le-roi
26248 0 7373 fresnes-94
27338 0 6313 villiers-sur-marne
26046 0 16912 kremlin-bicetre
32520 0 8212 perreux-sur-marne
31637 0 11298 nogent-sur-marne
28248 0 10309 cachan
74816 0 6650 saint-maur-des-fosses
29653 0 4611 thiais
25820 0 2475 sucy-en-brie
48471 0 25377 vincennes
29348 0 15863 charenton-le-pont
55490 0 10391 villejuif
85413 0 7319 vitry-sur-seine
75510 0 6682 champigny-sur-marne
57732 0 9464 ivry-sur-seine
52943 0 9895 maisons-alfort
32239 0 3684 villeneuve-saint-georges
89985 0 7852 creteil
56988 0 4891 cergy
29548 0 4132 pontoise
26016 0 2042 herblay
27446 0 6597 ermont
30996 0 2690 goussainville-95
33097 0 5346 franconville-95
26356 0 1311 gonesse
27987 0 6727 bezons
26144 0 2494 taverny
26090 0 5458 sannois
40012 0 7314 garges-les-gonesse
103125 0 5988 argenteuil
26736 0 3662 villiers-le-bel
58614 0 6936 sarcelles
