816
1223



1 183 1
1 204 1
1 355 1
1 357 1
2 358 1
2 513 1
3 449 1
3 761 1
3 780 2
4 516 1
4 640 1
5 74 1
5 149 1
5 220 1
5 400 1
5 498 1
5 549 1
5 551 1
5 766 1
6 320 1
6 560 1
7 11 1
7 385 1
8 153 1
8 304 1
8 434 1
9 682 1
9 748 1
10 432 1
10 642 1
11 347 1
11 385 1
11 399 1
12 418 1
12 709 1
13 323 1
13 680 1
14 511 1
14 681 1
15 230 1
15 472 1
15 518 1
15 752 1
16 499 1
16 590 1
16 691 1
17 210 1
17 353 1
18 61 1
18 496 1
19 30 1
19 70 1
19 342 1
19 393 1
20 122 1
20 577 1
20 618 1
21 40 1
21 64 1
21 700 1
21 705 1
22 285 1
22 800 1
23 58 1
23 583 1
24 366 1
24 803 1
25 68 1
25 256 1
25 576 1
26 233 1
26 290 1
26 439 1
27 85 1
27 476 1
28 466 1
28 609 1
29 507 1
29 602 1
29 804 1
30 569 1
30 576 1
30 583 1
31 382 1
31 412 3
31 705 1
32 294 1
32 509 1
33 115 1
33 246 1
33 311 1
34 440 1
34 581 1
35 52 1
35 531 1
35 554 1
36 128 1
36 158 1
36 279 1
36 644 1
37 207 1
37 390 1
37 730 1
38 94 1
38 672 1
39 191 1
39 337 1
39 668 1
40 209 1
40 239 1
41 91 1
41 416 1
41 672 1
41 771 1
42 142 1
42 694 1
43 176 1
43 622 1
43 759 1
44 223 1
44 607 1
45 63 1
45 684 1
46 415 1
46 793 1
47 100 1
47 356 1
47 525 1
48 55 1
48 628 1
48 761 1
49 760 1
49 781 1
50 85 1
50 476 1
50 522 1
51 646 1
51 664 1
52 181 1
52 554 1
53 432 1
53 629 1
54 568 1
54 794 1
55 557 1
56 131 1
56 139 1
56 672 1
57 510 1
57 699 1
58 70 1
58 333 1
58 569 1
58 576 1
59 408 1
59 734 1
60 309 44
60 485 19
60 486 69
60 490 30
60 631 14
60 775 146
60 816 24
61 436 1
61 538 1
62 549 1
62 555 1
63 634 1
63 651 1
64 428 1
64 526 1
65 282 1
65 546 1
66 373 1
66 624 1
66 712 1
67 75 1
67 496 1
68 242 1
68 797 1
69 117 1
69 726 1
71 210 1
71 510 1
71 749 1
72 441 1
72 662 1
72 740 1
73 258 1
73 520 1
74 400 1
74 498 1
75 194 1
75 716 1
75 732 1
76 726 1
76 791 1
77 436 1
77 467 1
78 123 1
78 125 1
78 375 1
78 522 1
78 810 1
79 491 1
79 809 1
80 375 1
80 528 1
81 446 1
81 580 1
81 723 1
82 676 1
82 680 1
83 260 1
83 580 1
84 297 1
84 567 1
85 476 1
85 728 1
85 802 1
86 173 1
86 481 1
87 207 1
87 237 1
87 602 1
88 445 1
88 461 1
89 695 1
89 751 1
90 101 1
90 502 1
91 754 1
92 203 1
92 350 1
93 475 1
93 694 1
94 672 1
95 271 1
95 494 1
96 682 1
96 710 1
97 363 1
97 506 1
98 326 1
98 521 1
98 617 1
99 234 1
99 679 1
100 208 1
100 268 1
100 356 1
100 765 1
101 180 1
102 392 1
102 482 1
102 773 1
103 217 1
103 244 1
103 746 1
104 138 1
104 176 1
104 593 1
105 133 1
105 316 1
105 349 1
105 406 1
105 600 1
106 204 1
106 410 1
107 179 1
107 490 1
107 641 1
107 739 1
108 160 1
108 170 1
108 204 1
108 220 1
109 295 1
109 750 1
110 328 1
110 426 1
110 661 1
111 220 1
111 762 1
112 276 1
112 418 1
112 811 1
113 146 1
113 514 1
113 547 1
114 219 1
114 254 1
114 297 1
115 132 1
116 137 1
116 232 1
116 234 1
116 558 1
116 679 1
117 152 6
117 726 1
118 395 1
118 404 1
118 421 1
119 210 5
119 259 103
119 687 14
120 436 1
120 629 1
121 158 1
121 753 1
121 792 1
122 577 1
123 801 1
124 707 2
124 708 1
125 605 1
125 810 1
126 657 1
126 690 1
126 697 1
127 150 1
127 165 1
127 182 1
127 285 1
128 158 1
128 579 1
129 294 1
129 638 1
130 668 1
130 685 1
131 177 1
131 278 1
131 570 1
131 572 1
131 672 1
132 280 1
132 294 1
133 659 1
134 224 1
134 401 1
135 280 1
135 556 1
136 269 1
136 713 1
137 232 1
137 269 1
138 591 1
138 593 1
139 367 1
140 386 1
140 695 1
140 709 1
141 701 1
141 706 1
142 694 1
142 722 1
143 758 1
143 780 1
144 425 1
144 433 1
144 445 1
145 151 1
145 766 1
146 547 1
146 666 1
147 396 1
147 744 1
148 594 1
148 598 1
149 551 1
150 165 1
150 800 1
151 345 1
151 532 2
151 549 1
152 259 171
153 304 1
153 434 1
154 398 1
154 767 1
154 799 1
155 284 1
155 477 1
155 623 1
156 728 1
156 810 1
157 338 1
157 398 1
157 680 1
158 313 1
158 644 1
158 753 1
159 469 1
159 499 1
160 498 1
160 630 1
161 326 1
161 744 1
162 289 1
162 360 1
162 361 1
162 713 1
163 447 1
163 614 1
164 376 1
164 505 1
166 729 1
166 783 1
167 654 1
167 660 1
168 609 1
168 737 1
169 409 1
169 686 1
169 799 1
170 204 1
170 357 1
170 442 1
171 185 1
171 244 1
171 727 1
172 487 1
172 801 1
173 241 1
173 481 1
173 706 1
174 209 1
174 503 1
174 612 1
175 501 1
175 604 1
177 570 1
178 387 1
178 731 1
179 302 1
179 616 1
180 293 1
180 633 1
181 794 1
182 285 1
183 471 1
183 696 1
184 548 1
184 553 1
185 727 1
186 272 1
186 471 1
186 524 1
187 260 1
187 480 1
187 580 1
188 456 1
188 468 1
188 527 1
188 720 1
189 362 1
189 596 1
190 553 1
190 670 1
191 652 1
191 668 1
191 735 1
192 623 1
192 678 1
193 347 1
193 413 21
193 634 1
194 716 1
195 323 1
195 791 1
195 805 1
196 568 1
196 747 1
197 226 1
197 365 1
197 534 1
197 752 1
198 227 1
198 687 1
199 357 1
199 359 1
199 784 1
200 254 1
200 713 1
200 747 1
201 696 1
201 785 1
202 214 1
202 219 1
202 296 1
202 297 1
203 510 1
204 357 1
204 359 1
205 657 1
205 692 1
205 807 1
206 284 1
206 303 1
206 336 1
206 637 1
207 390 1
207 776 1
208 356 1
209 265 1
209 808 1
211 262 1
211 773 1
212 599 1
212 660 1
213 315 1
213 543 1
214 266 1
214 659 1
215 289 1
215 317 1
215 460 1
216 478 1
216 613 1
216 686 1
217 254 1
217 368 1
217 567 1
217 713 1
217 746 1
218 245 1
218 767 1
218 793 1
219 296 1
219 297 1
219 298 1
220 339 1
220 574 1
220 649 1
220 762 1
221 519 1
221 717 1
222 450 1
222 452 1
223 607 1
223 658 1
224 523 1
224 773 1
225 378 1
225 706 1
226 281 1
227 348 1
228 691 1
228 756 1
228 788 1
229 384 1
229 619 1
229 774 1
230 257 1
230 518 1
231 430 1
231 466 1
231 609 4
232 269 1
233 290 1
233 594 1
234 679 1
235 279 1
235 318 1
235 540 1
235 608 1
236 354 1
236 508 1
237 602 1
238 688 1
238 690 1
239 265 1
240 250 1
240 325 1
241 380 1
241 701 1
242 693 1
243 261 1
243 438 1
245 344 1
246 311 1
247 347 1
247 684 1
248 380 1
248 604 1
249 330 1
249 535 1
250 580 1
250 737 1
251 305 1
251 492 1
252 261 1
252 708 1
253 301 1
253 646 1
253 664 1
254 746 1
255 518 1
255 752 1
256 333 1
256 576 1
256 583 1
256 603 1
257 472 1
258 480 1
258 554 1
259 643 23
260 636 1
261 369 1
262 773 1
263 776 1
263 803 1
264 441 1
264 562 1
264 617 1
266 296 1
266 520 1
267 334 1
267 422 1
267 536 1
268 354 1
268 765 1
269 713 1
270 331 1
270 685 1
270 763 1
271 460 1
271 814 1
272 543 1
272 784 1
273 307 1
273 506 1
273 552 1
274 537 1
274 721 1
275 298 1
275 531 1
275 733 1
276 653 1
276 673 1
277 595 1
277 729 1
277 783 1
278 419 1
278 515 1
278 572 1
280 294 1
280 636 1
280 742 1
281 488 1
281 646 1
282 546 1
283 348 1
283 533 1
283 731 1
283 806 1
285 291 1
285 358 1
286 287 1
286 319 1
286 550 1
287 319 1
288 517 1
288 731 1
289 317 1
289 360 1
289 502 1
289 592 1
290 370 1
290 796 1
291 358 1
291 568 1
291 800 1
292 550 1
292 724 1
293 587 1
293 633 1
295 482 1
295 750 1
296 520 1
296 531 1
296 568 1
296 733 1
299 377 1
299 432 1
299 588 1
299 642 1
300 595 1
300 783 1
300 792 1
301 601 1
301 736 1
302 422 1
302 427 1
303 637 1
303 740 1
305 492 1
306 579 1
306 707 1
307 311 1
307 506 1
308 406 1
308 701 1
309 412 4
310 322 1
310 546 1
310 650 1
310 734 1
310 769 1
312 473 1
312 561 1
313 443 1
313 579 1
314 467 1
314 559 1
315 364 1
315 484 1
316 516 1
316 600 1
317 360 1
317 460 1
317 468 1
318 703 1
319 431 1
319 550 1
320 335 1
320 338 1
320 560 1
320 726 1
321 343 1
321 462 1
321 777 1
322 352 1
323 504 1
324 373 1
324 451 1
324 761 1
325 516 1
326 330 1
326 351 1
326 521 1
326 744 1
327 341 1
327 574 1
328 340 1
328 611 1
329 330 1
329 411 1
329 508 1
330 535 1
331 397 1
331 597 1
332 590 1
332 643 1
332 691 1
334 386 1
334 452 1
335 767 1
336 623 1
337 529 1
337 632 1
339 762 1
340 611 1
341 424 1
341 574 1
341 779 1
342 393 1
342 511 1
343 350 1
343 795 1
344 398 1
344 767 1
345 549 1
345 555 1
346 405 1
346 781 1
347 544 1
347 634 1
347 651 1
349 406 1
349 495 1
350 462 1
350 510 1
350 699 1
350 749 1
351 541 1
352 658 1
353 432 1
354 508 1
354 765 1
355 575 1
355 759 2
356 735 1
357 784 1
358 509 1
361 502 1
361 689 1
362 474 1
362 501 1
362 596 1
362 618 1
363 506 1
364 442 1
365 374 1
365 752 1
366 776 1
366 778 1
366 810 1
367 570 1
368 567 1
368 689 1
368 745 1
369 539 1
369 582 1
369 688 1
369 708 1
370 475 1
371 438 1
371 517 1
371 731 1
372 397 1
372 597 1
373 394 1
374 664 1
375 528 1
375 620 1
376 383 1
376 761 1
377 455 1
377 588 1
378 567 1
378 706 1
379 707 1
379 790 1
380 604 1
380 701 1
381 621 1
381 755 1
382 417 1
382 431 1
383 505 1
383 750 1
384 754 1
386 450 1
386 452 1
387 673 1
387 731 1
388 429 1
388 465 1
389 705 1
389 790 1
390 730 1
391 648 1
391 787 1
392 773 1
393 797 1
394 589 1
394 712 1
395 404 1
395 421 1
395 677 1
396 435 1
396 449 1
396 764 1
397 597 1
399 479 1
399 646 1
401 545 1
401 557 1
401 741 1
402 783 1
402 802 1
403 440 1
403 581 1
404 674 1
405 622 1
405 781 1
405 782 1
407 574 1
407 760 1
408 734 1
409 463 1
409 524 1
409 675 1
410 759 1
411 508 1
411 764 1
413 532 19
413 593 3
413 725 5
413 782 6
414 458 1
414 671 1
414 673 1
415 793 1
416 512 1
417 431 1
417 602 1
418 719 1
418 777 1
418 811 1
419 570 1
420 529 1
420 635 1
423 615 1
423 626 1
423 775 2
424 760 1
424 763 1
425 433 1
425 611 1
426 472 1
426 661 1
427 509 1
427 552 1
428 526 1
429 624 1
430 609 1
433 454 1
433 461 1
433 611 1
433 796 1
435 589 1
435 712 1
435 744 1
436 467 1
436 538 1
437 453 1
437 564 1
439 661 1
440 581 1
441 521 1
441 617 1
442 484 1
442 549 1
443 585 1
444 585 1
444 792 1
446 580 1
447 626 1
447 667 1
448 533 1
448 653 1
448 671 1
448 731 1
451 545 1
452 612 1
453 564 1
453 770 1
454 644 1
454 698 1
455 588 1
455 710 1
456 527 1
456 730 1
457 732 1
457 789 4
458 665 1
458 673 1
459 562 1
459 748 1
460 558 1
460 814 1
461 711 1
462 510 1
462 699 1
463 736 1
464 465 1
464 656 1
464 682 1
465 714 15
465 748 1
466 577 1
467 559 1
469 756 1
469 772 1
470 663 1
470 751 1
472 793 1
473 561 1
473 786 1
474 501 1
474 573 1
475 542 1
475 598 1
476 728 1
477 637 1
477 645 1
478 504 1
478 662 1
479 755 1
480 519 1
480 636 1
480 717 1
483 605 1
483 606 1
483 620 1
484 613 1
485 816 1
487 620 1
487 669 1
487 693 1
488 511 1
488 566 1
488 584 1
489 586 1
489 609 1
489 737 1
490 739 1
491 806 1
491 809 1
492 553 1
492 563 1
493 640 1
493 723 1
494 550 1
494 602 1
495 683 1
496 538 1
496 642 1
497 625 1
497 687 1
500 654 1
500 660 1
502 592 1
503 612 1
503 631 1
503 808 1
504 662 1
505 715 1
505 750 1
506 536 1
506 751 1
507 705 1
508 635 1
508 765 1
509 638 1
510 699 1
511 681 1
512 771 1
513 616 1
513 739 1
514 547 1
515 572 1
515 604 1
516 683 1
517 731 1
519 648 1
521 541 1
521 617 1
522 801 1
523 599 1
523 660 1
524 675 1
525 765 1
527 730 1
529 758 1
529 765 1
530 599 1
530 798 1
531 568 1
531 794 1
532 780 17
533 653 1
533 806 1
533 811 1
534 584 1
535 635 1
536 751 1
537 632 1
538 559 1
538 642 1
539 582 1
540 608 1
542 598 1
543 784 1
544 684 1
545 628 1
546 650 1
547 575 1
547 593 1
547 655 1
548 553 1
549 630 1
550 724 1
553 559 1
553 563 1
553 670 1
556 636 1
557 741 1
559 563 1
561 786 1
564 770 1
565 704 1
565 745 1
566 584 1
566 752 1
567 727 1
571 690 1
571 692 1
572 672 1
573 610 4
574 760 1
574 779 1
575 655 1
576 583 1
576 603 1
578 645 1
578 805 1
579 770 1
583 603 1
584 752 1
586 609 2
586 718 1
587 633 1
588 607 1
591 593 1
593 725 1
596 618 1
598 669 1
599 798 1
601 736 1
602 804 1
605 738 1
606 620 1
606 738 1
607 625 1
607 627 1
607 658 1
608 692 1
608 703 1
609 718 1
610 775 59
610 815 25
611 796 1
612 808 1
613 702 1
614 626 1
615 775 2
616 739 1
618 815 2
619 774 1
621 755 1
621 768 1
622 725 1
623 678 1
624 712 1
625 627 1
626 667 1
632 721 1
633 810 1
634 651 1
637 645 1
639 652 1
639 743 1
640 723 1
641 739 1
643 691 1
644 698 1
644 783 1
647 771 1
647 774 1
649 762 1
650 734 1
652 685 1
652 743 1
653 811 1
654 660 1
655 666 1
656 682 1
661 796 1
663 695 1
663 751 1
665 673 1
666 785 1
669 797 1
674 677 1
676 680 1
680 757 1
680 791 1
683 812 1
685 743 1
686 702 1
686 767 1
686 799 1
688 708 1
688 770 1
691 772 1
691 788 1
692 697 1
692 703 1
692 807 1
694 722 1
698 711 1
698 783 1
700 707 1
700 708 1
704 745 1
705 790 1
714 789 189
715 750 1
718 813 1
719 795 1
720 778 1
721 758 1
729 783 1
732 789 1
734 769 1
742 787 1
755 768 1
756 788 1
757 791 1
757 805 1
760 781 1
767 793 1
767 799 1
776 778 1
776 803 1
778 810 1
791 805 1
806 809 1
812 813 1



295 0 46 gercy
210 0 27 villemontoire
619 0 47 brancourt-le-grand
87 0 21 licy-clignon
318 0 61 proisy
718 0 80 chambry-02
80 0 20 mont-saint-jean-02
110 0 15 morgny-en-thierache
450 0 82 mesnil-saint-laurent
383 0 64 annois
538 0 60 brunehamel
102 0 18 audignicourt
309 0 36 montigny-sur-crecy
142 0 16 lor
367 0 27 chivres-en-laonnois
2337 0 78 saint-gobain
163 0 27 ugny-le-gay
148 0 28 happencourt
379 0 20 prouvais
387 0 139 azy-sur-marne
304 0 42 terny-sorny
75 0 13 droizy
164 0 23 pignicourt
127 0 19 moussy-verneuil
349 0 33 aguilcourt
732 0 31 montaigu-02
99 0 61 moulins-02
658 0 250 saulchery
147 0 19 nanteuil-la-fosse
2111 0 118 guignicourt
1955 0 152 bucy-le-long
294 0 26 longpont
198 0 17 montgobert
90 0 16 noircourt
286 0 35 rozet-saint-albin
503 0 142 chivy-les-etouvelles
193 0 53 chavonne
184 0 14 artonges
428 0 39 oisy-02
280 0 20 juvigny-02
275 0 21 marchais-en-brie
181 0 13 bouconville-vauclair
502 0 26 bouteille
120 0 34 ly-fontaine
77 0 9 logny-les-aubenton
161 0 24 cuirieux
222 0 23 iron
322 0 44 joncourt
353 0 127 effry
69 0 27 jumigny
535 0 28 chaourse
234 0 16 saint-remy-blanzy
161 0 29 beaumont-en-beine
76 0 14 plessier-huleu
416 0 59 estrees-02
288 0 15 baulne-en-brie
263 0 36 guivry
214 0 38 variscourt
129 0 49 chatillon-sur-oise
28646 0 2325 soissons
80 0 27 bray-saint-christophe
239 0 25 herie-la-vieville
713 0 30 aubenton
120 0 89 braye
317 0 35 brissay-choigny
319 0 50 remaucourt-02
789 0 74 seraucourt-le-grand
575 0 70 berry-au-bac
768 0 85 vivaise
116 0 10 proviseux-et-plesnoy
562 0 98 caumont-02
277 0 26 villers-le-sec-02
95 0 14 vichel-nanteuil
84 0 21 romery-02
289 0 54 fontaine-les-clercs
673 0 39 chery-les-pouilly
75 0 30 pithon
793 0 81 beaurieux-02
2152 0 163 sinceny
103 0 23 bouffignereux
149 0 19 saint-gengoulph
136 0 19 pargny-les-bois
272 0 26 montigny-l-allier
721 0 46 beuvardes
66 0 13 cuissy-et-geny
229 0 35 reuilly-sauvigny
2081 0 208 vailly-sur-aisne
73 0 27 bievres-02
613 0 77 berny-riviere
80 0 21 perles
210 0 24 fontenelle-en-brie
95 0 50 neuflieux
139 0 41 sainte-croix-02
170 0 13 pargny-la-dhuys
199 0 45 brenelle
610 0 44 urvillers
152 0 21 laversine
1726 0 74 origny-sainte-benoite
107 0 12 cuiry-housse
385 0 35 neuville-les-dorengt
91 0 17 blanzy-les-fismes
557 0 68 hargicourt-02
486 0 45 villers-sur-fere
153 0 36 herie
242 0 38 bonnesvalyn
147 0 15 haution
396 0 33 berzy-le-sec
347 0 67 vallee-au-ble
194 0 473 catelet
684 0 66 gizy
159 0 23 saint-algis
322 0 38 saint-aubin-02
28 0 8 bancigny
286 0 27 villeneuve-sur-fere
129 0 19 fleury-02
66 0 13 quincy-sous-le-mont
372 0 38 besny-et-loizy
105 0 22 chery-les-rozoy
11983 0 902 chauny
158 0 25 sommette-eaucourt
115 0 30 lierval
1327 0 59 chezy-sur-marne
63 0 14 oulches-la-vallee-foulon
1895 0 199 anizy-le-chateau
425 0 59 maizy
404 0 42 fourdrain
85 0 25 nampteuil-sous-muret
549 0 76 urcel
213 0 19 louatre
306 0 40 barzy-en-thierache
656 0 143 conde-en-brie
437 0 53 dampleux
57 0 13 sommelans
339 0 50 pontruet
142 0 11 oigny-en-valois
78 0 10 loupeigne
149 0 30 lhuys
44 0 5 eparcy
189 0 13 chapelle-monthodon
426 0 29 morsain
666 0 374 jaulgonne
96 0 8 chermizy-ailles
284 0 60 becquigny-02
604 0 90 festieux
165 0 20 villers-les-guise
137 0 12 nampcelles-la-cour
300 0 30 montigny-en-arrouaise
177 0 35 berrieux
155 0 14 chigny
139 0 26 muret-et-crouttes
473 0 34 flavigny-le-grand-et-beaurain
25986 0 618 laon
51 0 10 saint-clement-02
367 0 32 dercy
292 0 31 anguilcourt-le-sart
122 0 21 villers-en-prayeres
217 0 28 chalandry
255 0 56 laval-en-laonnois
210 0 83 fressancourt
162 0 22 sourd
384 0 32 fontaine-notre-dame-02
341 0 24 chery-chartreuve
239 0 20 mortefontaine-02
381 0 57 serain
160 0 14 maast-et-violaine
96 0 21 neuville-sur-ailette
465 0 85 francilly-selency
259 0 23 bezu-le-guery
2351 0 170 marle
447 0 39 leme-02
74 0 9 cierges
76 0 8 craonne
298 0 49 courtemont-varennes
637 0 95 pommiers-02
497 0 87 gland-02
167 0 16 landouzy-la-cour
79 0 16 montigny-les-conde
413 0 32 leuilly-sous-coucy
82 0 28 ploisy
44 0 20 serval
215 0 21 billy-sur-ourcq
63 0 14 ambrief
114 0 17 prisces
241 0 40 roupy
130 0 21 roncheres-02
126 0 26 lugny-02
360 0 22 chezy-en-orxois
115 0 16 dhuizel
1164 0 519 etampes-sur-marne
137 0 35 vaux-en-vermandois
1265 0 121 boue
3037 0 451 fere
3535 0 83 saint-michel-02
231 0 40 castres-02
298 0 33 mesbrecourt-richecourt
122 0 15 beugneux
120 0 12 clermont-les-fermes
707 0 126 condren
130 0 42 franqueville-02
427 0 16 arcy-sainte-restitue
138 0 9 burelles
321 0 55 rocourt-saint-martin
191 0 57 commenchon
405 0 35 voulpaix
185 0 21 bucy-les-cerny
169 0 19 renansart
356 0 37 presles-et-boves
212 0 47 lavaqueresse
1686 0 335 cuffies
631 0 51 villequier-aumont
110 0 20 vendelles
384 0 32 attilly
104 0 20 berlancourt-02
193 0 18 grisolles-02
345 0 39 courcelles-sur-vesle
234 0 25 sons-et-roncheres
296 0 21 seringes-et-nesles
320 0 15 grandlup-et-fay
1310 0 75 coincy-02
414 0 32 marly-gomont
81 0 13 macogny
190 0 21 tartiers
45 0 16 gibercourt
286 0 19 pontru
985 0 48 trelou-sur-marne
180 0 17 ville-aux-bois-les-dizy
731 0 55 amigny-rouy
1659 0 453 charmes-02
333 0 33 viffort
122 0 12 machecourt
2137 0 89 nogent-l-artaud
14 0 5 tannieres
1832 0 91 saint-erme-outre-et-ramecourt
170 0 21 jouaignes
210 0 52 vaucelles-et-beffecourt
859 0 52 lesquielles-saint-germain
287 0 19 aizy-jouy
311 0 42 faucoucourt
153 0 28 chavigny-02
138 0 18 veuilly-la-poterie
523 0 116 mezy-moulins
50 0 6 gernicourt
58 0 14 quincy-basse
164 0 12 sergy-02
133 0 17 toulis-et-attencourt
217 0 21 puiseux-en-retz
162 0 15 leuze
1110 0 157 crezancy
171 0 23 noyales
462 0 29 marigny-en-orxois
184 0 37 foreste
150 0 33 wissignicourt
601 0 23 tavaux-et-pontsericourt
259 0 26 saponay
206 0 15 ebouleau
492 0 56 orainville
114 0 17 missy-les-pierrepont
2175 0 121 neuilly-saint-front
14139 0 787 tergnier
2240 0 122 ferte-milon
132 0 18 bassoles-aulers
224 0 52 verguier
80 0 8 ostel
484 0 44 sissy
104 0 28 leury
124 0 11 croix-sur-ourcq
708 0 72 pernant
1509 0 145 etreux
19 0 3 bruys
289 0 27 fontenelle-02
91 0 19 cerseuil
68 0 20 voharies
352 0 29 saint-pierre-aigle
125 0 22 saint-martin-riviere
67 0 18 nanteuil-notre-dame
238 0 31 selens
120 0 40 monthenault
238 0 35 saint-eugene-02
223 0 93 etouvelles
343 0 24 faverolles-02
239 0 29 lislet
918 0 63 vendeuil
1504 0 169 folembray
34 0 10 courbes
312 0 24 chacrise
313 0 34 serches
959 0 82 acy
130 0 28 verneuil-sous-coucy
457 0 48 bazoches-sur-vesles
434 0 41 mauregny-en-haye
333 0 52 hartennes-et-taux
212 0 66 vasseny
88 0 26 merval
310 0 42 corcy
135 0 16 bony
268 0 59 breny
352 0 35 brecy-02
206 0 22 bruyeres-sur-fere
1636 0 127 flavy-le-martel
43 0 6 pancy-courtecon
206 0 21 bosmont-sur-serre
108 0 35 missy-aux-bois
103 0 16 surfontaine
132 0 13 dagny-lambercy
52 0 14 lanchy
260 0 30 vaudesson
462 0 36 coeuvres-et-valsery
389 0 20 epieds-02
2438 0 537 villeneuve-saint-germain
503 0 85 alaincourt-02
88 0 16 soucy-02
87 0 13 archon
234 0 46 pargny-filain
66 0 14 germaine-02
63 0 12 neuville-housset
135 0 20 belleau-02
284 0 55 paars
175 0 58 laniscourt
319 0 57 sermoise
589 0 51 barenton-bugny
459 0 56 quierzy
58 0 14 cerizy
589 0 24 ferte-chevresis
171 0 44 ramicourt
122 0 16 bussiares
459 0 27 bernot
219 0 18 lerzy
338 0 13 samoussy
385 0 34 grougis
374 0 18 macquigny
1102 0 41 flamengrie-02
282 0 51 servais
156 0 34 bertricourt
297 0 56 osly-courtil
271 0 34 verneuil-sur-serre
171 0 49 mayot
973 0 143 wassigny
136 0 20 barenton-cel
118 0 14 englancourt
2515 0 162 athies-sous-laon
208 0 42 froidestrees
411 0 16 malmaison
309 0 30 manicamp
115 0 14 barenton-sur-serre
265 0 24 audigny
307 0 47 ohis
452 0 26 martigny-02
723 0 47 barisis
588 0 30 epaux-bezu
528 0 88 abbecourt-02
167 0 23 hauteville-02
213 0 31 benay
178 0 46 neuville-en-beine
364 0 28 tupigny
2666 0 257 vervins
157 0 14 dorengt
309 0 39 saint-gobert
249 0 23 parcy-et-tigny
64 0 9 saint-pierre-les-franqueville
677 0 67 mont-notre-dame
85 0 14 mont-saint-martin-02
1055 0 374 chierry
115 0 24 cutry-02
142 0 23 chevennes
158 0 15 montigny-le-franc
754 0 147 bourg-et-comin
101 0 12 saint-agnan-02
428 0 14 coulonges-cohan
769 0 92 premontre
67 0 15 courtrizy-et-fussigny
154 0 24 jumencourt
569 0 39 clairfontaine
227 0 35 sequehart
207 0 19 agnicourt-et-sechelles
404 0 58 roucy
757 0 61 premont
611 0 74 clastres
322 0 32 charmel
180 0 35 allemant-02
686 0 64 mont-saint-pere
155 0 14 parfondeval-02
585 0 105 chivres-val
310 0 146 aubencheul-aux-bois
181 0 11 montfaucon-02
74 0 12 autels
494 0 54 fontenoy-02
289 0 24 crecy-au-mont
596 0 98 morcourt-02
117 0 32 neuville-sur-margival
152 0 34 cys-la-commune
59 0 12 marizy-saint-mard
314 0 79 villeret-02
418 0 14 amifontaine
127 0 22 fontaine-uterte
59 0 17 dolignon
556 0 40 etaves-et-bocquiaux
393 0 35 rocquigny-02
207 0 32 mortiers-02
1025 0 62 rozoy-sur-serre
194 0 18 malzy
386 0 60 bellenglise
71 0 9 cerny-en-laonnois
157 0 10 montloue
77 0 16 sainte-genevieve-02
616 0 73 neuve-maison
959 0 86 bezu-saint-germain
895 0 50 etreaupont
214 0 69 berthenicourt
110 0 17 thiernu
220 0 20 laigny
288 0 32 aisonville-et-bernoville
2716 0 261 crouy
9383 0 277 hirson
73 0 33 bagneux-02
185 0 20 autremencourt
114 0 20 celle-sous-montmirail
417 0 111 conde-sur-aisne
1262 0 116 blerancourt
150 0 38 monthurel
188 0 36 petit-verly
98 0 16 soize-02
221 0 25 saconin-et-breuil
234 0 24 largny-sur-automne
136 0 29 sommeron
257 0 62 veslud
1275 0 128 liesse-notre-dame
261 0 30 chaudun
32 0 29 vuillery
807 0 113 omissy
799 0 147 pavant
684 0 210 missy-sur-aisne
576 0 61 cugny
346 0 38 parfondru
77 0 10 coingt
535 0 55 fonsomme
196 0 25 dury-02
198 0 65 royaucourt-et-chailvet
127 0 21 landricourt-02
2072 0 38 sissonne
126 0 19 berlise
1984 0 73 ribemont
1005 0 80 sains-richaumont
137 0 28 filain-02
192 0 21 chevregny
64 0 9 montchalons
222 0 30 brumetz
271 0 25 taillefontaine
446 0 47 guny
3096 0 205 fresnoy-le-grand
226 0 24 nouvron-vingre
128 0 35 magny-la-fosse
317 0 34 cuisy-en-almont
41 0 7 montbavin
378 0 79 vorges
1684 0 267 montescourt-lizerolles
129 0 40 pont-arcy
1121 0 220 grugies
30 0 6 bieuxy
157 0 21 marcy-02
2162 0 186 braine
72 0 29 orgeval-02
336 0 40 marest-dampcourt
222 0 23 cilly
1707 0 453 harly
439 0 86 rouvroy-02
487 0 115 romeny-sur-marne
150 0 29 douchy-02
51 0 22 vauxtin
86 0 15 rogecourt
668 0 58 montigny-lengrain
63 0 18 houry
394 0 37 pierrepont-02
92 0 11 dohis
1318 0 176 brasles
116 0 26 aubigny-en-laonnois
70 0 9 paissy
273 0 34 nouvion-le-comte
345 0 17 monceau-le-neuf-et-faucouzy
90 0 18 raillimont
416 0 52 dammard
152 0 40 passy-sur-marne
108 0 41 lempire
84 0 16 cuiry-les-chaudardes
173 0 13 housset
1081 0 144 billy-sur-aisne
3881 0 856 belleu
596 0 44 pontavert
790 0 39 dizy-le-gros
645 0 148 crouttes-sur-marne
1700 0 251 courmelles
1041 0 134 bichancourt
278 0 37 beauvois-en-vermandois
50 0 10 priez
803 0 74 chassemy
81 0 15 etrepilly-02
359 0 56 artemps
985 0 64 frieres-faillouel
231 0 30 wiege-faty
111 0 16 saint-nicolas-aux-bois
869 0 87 gricourt
371 0 38 blesmes
58 0 21 ville-savoye
940 0 120 mercin-et-vaux
356 0 21 chevresis-monceau
1512 0 69 beaurevoir
260 0 43 saint-bandry
91 0 20 vregny
638 0 52 vadencourt-02
440 0 34 vierzy
420 0 63 caillouel-crepigny
257 0 8 nizy-le-comte
153 0 12 vendieres
186 0 39 buzancy-02
217 0 13 jeantes
325 0 59 connigis
83 0 22 torcy-en-valois
213 0 34 coucy-la-ville
142 0 16 goudelancourt-les-pierrepont
164 0 48 passy-en-valois
34 0 10 montgru-saint-hilaire
860 0 63 mont-d-origny
66 0 22 vassogne
245 0 29 maissemy
105 0 18 rogny
216 0 24 venerolles
223 0 65 clamecy-02
181 0 27 viel-arcy
225 0 53 guyencourt
664 0 55 mennevret
136 0 22 caulaincourt
833 0 55 oulchy-le-chateau
5173 0 320 guise
293 0 31 champs-02
84 0 8 sainte-preuve
147 0 42 proix
1134 0 65 ambleny
82 0 22 ribeauville-02
281 0 47 tugny-et-pont
152 0 20 fresnes-02
133 0 69 bourguignon-sous-montbavin
196 0 30 neuvillette-02
97 0 38 saint-thomas-02
84 0 9 marfontaine
153 0 9 besmont
912 0 97 lehaucourt
639 0 51 brissy-hamegicourt
477 0 29 plomion
614 0 81 savy
296 0 16 puisieux-et-clanlieu
842 0 94 ciry-salsogne
66 0 18 crupilly
287 0 39 dommiers
1199 0 137 etreillers
395 0 19 chouy
292 0 14 landifay-et-bertaignemont
134 0 58 silly-la-poterie
691 0 110 nauroy
188 0 33 lime
242 0 65 aubigny-aux-kaisnes
243 0 44 monceau-le-waast
37 0 7 cuiry-les-iviers
209 0 17 regny-02
472 0 52 villers-saint-christophe
188 0 86 chaillevois
181 0 16 vezilly
295 0 12 lappion
253 0 28 fresnes-en-tardenois
293 0 23 grand-rozoy
229 0 39 conde-sur-suippe
74 0 18 celles-les-conde
470 0 45 cessieres
296 0 21 courboin
436 0 85 verdilly
272 0 19 sorbais
255 0 15 thenailles
408 0 55 menneville-02
402 0 190 bonneil
1325 0 99 couvron-et-aumencourt
762 0 65 chavignon
679 0 67 gandelu
170 0 24 thuel
191 0 22 septvaux
416 0 145 neufchatel-sur-aisne
250 0 18 boncourt-02
137 0 23 monampteuil
1051 0 138 villiers-saint-denis
226 0 26 glennes
1243 0 92 jussy-02
227 0 24 croix-fonsomme
610 0 81 bertaucourt-epourdon
195 0 15 bucilly
63 0 15 saint-thibaut
526 0 33 landouzy-la-ville
63 0 11 goudelancourt-les-berrieux
181 0 27 colligis-crandelain
1210 0 70 nesles-la-montagne
1853 0 151 capelle-02
112 0 22 aizelles
1032 0 65 vermand
152 0 20 monthiers
62 0 8 saint-pierremont-02
256 0 41 celles-sur-aisne
566 0 61 evergnicourt
577 0 80 fossoy
44 0 20 muscourt
88 0 18 chaudardes
390 0 38 remigny-02
1149 0 280 mons-en-laonnois
2739 0 133 charly-sur-marne
14480 0 874 chateau-thierry
411 0 53 eppes
334 0 51 vauxrezis
81 0 7 chatillon-les-sons
400 0 28 vivieres
388 0 15 coyolles
231 0 31 rozieres-sur-crise
568 0 81 thenelles
1019 0 147 nogentel
281 0 35 chapelle-sur-chezy
259 0 20 concevreux
88 0 20 grandrieux
1548 0 93 origny-en-thierache
587 0 85 achery
854 0 80 lesdins
435 0 79 liez-02
611 0 49 haramont
419 0 80 mennessis
587 0 76 levergies
166 0 31 ollezy
71 0 21 colonfay
766 0 153 vauxbuin
146 0 27 vallee-mulatre
70 0 31 revillon
369 0 17 watigny
149 0 39 grand-verly
236 0 89 troesnes
535 0 32 nouvion-et-catillon
222 0 27 villers-helon
1189 0 67 buironfosse
89 0 32 courchamps-02
476 0 103 noyant-et-aconin
621 0 97 saint-simon-02
2642 0 355 beautor
383 0 45 presles-et-thierny
473 0 35 monceau-les-leups
1543 0 268 montcornet-02
1052 0 49 viels-maisons
130 0 16 marizy-sainte-genevieve
187 0 27 autreppes
993 0 158 moÿ-de-l-aisne
476 0 26 any-martin-rieux
850 0 52 esqueheries
593 0 38 trosly-loire
588 0 100 fayet-02
249 0 32 harcigny
1118 0 157 itancourt
59 0 21 brie-02
33 0 10 hinacourt
213 0 22 latilly
1433 0 224 holnon
379 0 24 marchais
241 0 15 parpeville
1760 0 336 vic-sur-aisne
283 0 20 vigneux-hocquet
131 0 41 vezaponin
139 0 15 braye-en-thierache
387 0 26 retheuil
490 0 30 fesmy-le-sart
745 0 48 corbeny
213 0 40 fluquieres
185 0 27 pont-saint-mard
248 0 10 montlevon
341 0 31 epagny-02
123 0 10 vincy-reuil-et-magny
74 0 10 montigny-sous-marle
183 0 17 bois-les-pargny
132 0 19 renneval
643 0 44 travecy
83 0 12 lesges
1454 0 81 crecy-sur-serre
205 0 42 selve-02
893 0 108 neuville-saint-amand
203 0 26 bouresches
97 0 10 beaume-02
2807 0 57 nouvion-en-thierache
292 0 32 erlon
1829 0 102 viry-noureuil
269 0 72 lizy
144 0 9 dravegny
307 0 31 suzy
234 0 62 deuillet
317 0 70 molinchart
114 0 13 ville-aux-bois-les-pontavert
50 0 8 arrancy
426 0 54 saint-christophe-a-berry
73 0 10 gronard
1896 0 68 crepy-02
1576 0 135 bruyeres-et-montberault
420 0 97 bethancourt-en-vaux
490 0 35 vauxaillon
368 0 42 charteves
220 0 50 marcy-sous-marle
346 0 82 clacy-et-thierret
110 0 13 goussancourt
320 0 58 margival
386 0 51 barzy-sur-marne
1811 0 191 pinon
677 0 103 brancourt-en-laonnois
172 0 17 vassens
1109 0 82 essigny-le-grand
125 0 33 cheret
377 0 83 essigny-le-petit
248 0 28 mareuil-en-dole
55978 0 2481 saint-quentin
531 0 48 vendhuile
66 0 19 contescourt
118 0 23 monnes
673 0 147 domptin
164 0 61 besme
112 0 19 vauxcere
147 0 81 molain-02
21 0 4 ployart-et-vaurseine
158 0 21 hautevesnes
189 0 25 couvrelles
884 0 214 buire
1292 0 129 aulnois-sous-laon
110 0 11 courmont-02
62 0 25 pargnan
118 0 26 martigny-courpierre
118 0 25 saint-mard-02
1076 0 93 coucy-le-chateau-auffrique
377 0 64 dallon
98 0 14 armentieres-sur-ourcq
542 0 56 mezieres-sur-oise
220 0 49 bergues-sur-sambre
183 0 18 neuville-bosmont
1396 0 107 montreuil-aux-lions
52 0 17 meurival
580 0 120 septmonts
180 0 29 pleine-selve-02
636 0 65 bellicourt
73 0 18 ancienville
296 0 20 leschelle
281 0 36 fieulaine
100 0 7 villers-agron-aiguizy
3270 0 160 fere-en-tardenois
130 0 16 cramaille
1471 0 102 homblieres
1174 0 191 ognes-02
591 0 33 gouy-02
755 0 71 ressons-le-long
416 0 28 bucy-les-pierrepont
162 0 45 nouvion-le-vineux
106 0 15 rozoy-bellevalle
44 0 11 rouvroy-sur-serre
467 0 36 versigny-02
275 0 34 assis-sur-serre
959 0 60 vaux-andigny
987 0 50 fontaine-les-vervins
290 0 26 luzoir
807 0 81 montbrehain
92 0 12 erloy
108 0 55 papleux
1079 0 91 seboncourt
289 0 31 hannapes
121 0 20 monceau-sur-oise
238 0 27 froidmont-cohartille
175 0 22 resigny
635 0 55 sery-les-mezieres
273 0 47 merlieux-et-fouquerolles
259 0 20 epine-aux-bois
186 0 63 andelain
238 0 40 jeancourt
430 0 58 essises
10317 0 247 villers-cotterets
305 0 29 soupir
442 0 48 camelin
485 0 55 longueval-barbonval
152 0 25 gergny
5976 0 188 bohain-en-vermandois
468 0 38 wimy
1008 0 49 mondrepuis
260 0 77 chamouille
228 0 55 rougeries
222 0 20 hary
210 0 28 iviers
158 0 30 noroy-sur-ourcq
569 0 126 danizy
5443 0 872 gauchy
147 0 21 laffaux
524 0 52 pouilly-sur-serre
147 0 48 trucy
234 0 22 vesles-et-caumont
127 0 17 oulchy-la-ville
91 0 32 bourguignon-sous-coucy
576 0 95 coucy-les-eppes
493 0 16 juvincourt-et-damary
83 0 20 trefcon
288 0 20 voyenne
102 0 11 launoy
111 0 18 craonnelle
117 0 13 vendresse-beaulne
223 0 27 braye-en-laonnois
112 0 24 sancy-les-cheminots
239 0 26 remies
276 0 36 pierremande
116 0 36 cerny-les-bucy
1021 0 338 pasly
822 0 231 autreville-02
277 0 96 oeuilly
395 0 35 saint-paul-aux-bois
175 0 22 lucy-le-bocage
186 0 23 coupru
90 0 34 augy-02
2741 0 96 essomes-sur-marne
1356 0 365 venizel
