594
875



1 447 3
1 469 1
2 297 2
2 328 29
2 363 2
3 273 1
3 313 1
3 559 1
4 231 1
4 294 1
4 343 1
5 15 1
5 535 1
6 503 1
6 578 1
7 399 1
7 429 1
8 298 1
8 463 1
8 514 1
9 17 1
9 24 1
9 506 1
10 383 1
10 426 1
11 370 1
11 376 1
11 407 1
12 23 1
12 569 1
13 133 1
13 191 1
14 464 1
14 593 1
15 199 1
15 535 1
16 266 1
16 519 1
17 24 1
17 288 1
18 245 1
18 287 1
19 295 1
19 392 2
19 550 1
20 449 1
20 540 1
21 191 1
21 566 1
22 47 12
22 104 1
22 428 8
23 61 1
23 338 1
23 569 1
24 319 1
25 41 1
25 225 1
25 413 1
25 429 1
25 497 1
25 535 1
26 364 1
26 479 1
26 577 1
27 284 1
27 346 1
27 436 1
27 589 1
28 95 1
28 299 1
28 557 1
29 538 1
29 541 1
29 560 1
30 284 1
30 342 1
30 352 1
31 446 1
31 571 1
32 252 1
32 270 1
33 235 1
33 498 1
34 216 1
34 303 1
34 530 1
35 348 1
35 356 1
36 442 1
36 488 1
37 165 1
37 236 1
38 90 1
38 152 2
39 131 1
39 142 1
39 482 1
40 118 1
40 460 1
41 225 1
41 385 1
41 497 1
42 168 1
42 561 1
43 215 1
43 504 1
44 313 1
44 559 1
45 103 1
45 378 1
46 367 1
46 490 1
47 59 8
47 111 16
47 249 57
48 76 1
48 515 1
48 529 1
49 212 1
49 302 1
50 163 1
50 415 1
50 581 1
51 65 1
51 471 1
52 337 1
52 436 1
52 535 1
53 363 2
53 518 5
54 112 1
54 262 1
55 259 1
55 434 1
55 537 1
56 92 1
56 378 1
57 228 1
57 419 1
57 474 1
58 116 1
58 505 1
59 217 2
60 241 1
60 386 1
60 483 1
60 513 1
60 516 1
60 556 1
61 387 1
62 174 1
62 532 1
63 194 1
63 253 1
63 416 1
63 524 1
64 281 1
64 421 1
64 483 1
65 384 1
65 471 1
66 334 1
66 458 1
66 573 1
67 463 1
67 482 1
67 586 1
68 149 1
68 233 1
68 558 1
69 72 1
69 109 1
70 447 1
70 469 1
71 333 1
71 359 1
72 144 1
72 310 1
72 583 1
73 296 1
73 495 1
74 143 1
74 219 1
75 173 1
75 375 1
75 525 1
76 93 1
77 83 1
77 277 1
78 210 1
78 510 1
79 152 19
79 307 96
80 355 1
80 472 1
81 139 1
81 204 1
82 483 1
82 532 1
83 277 1
83 579 1
84 232 1
84 544 1
85 127 1
85 135 1
85 273 1
86 274 1
86 291 1
86 455 1
87 353 1
87 409 1
88 90 1
88 152 5
88 170 1
89 95 1
89 175 1
89 357 1
89 359 1
89 373 1
89 520 1
90 170 1
91 258 1
91 381 1
91 387 1
91 407 1
91 572 1
92 254 1
92 378 1
92 444 1
93 219 1
93 339 1
94 296 1
94 495 1
95 373 1
96 171 1
96 522 1
97 220 1
97 264 1
98 492 1
98 523 1
99 277 1
99 579 1
100 321 1
100 523 1
101 222 1
101 258 1
101 381 1
102 169 1
102 487 1
102 489 1
103 114 1
103 254 1
104 399 1
104 424 1
104 428 1
105 176 1
105 233 1
105 558 1
106 275 1
106 490 1
107 411 1
107 420 1
108 142 1
108 461 1
108 482 1
109 144 1
110 376 1
110 572 1
111 125 2
111 284 13
111 384 1
111 471 5
112 385 1
112 399 1
113 195 1
113 289 1
113 512 1
114 254 1
114 444 1
115 360 1
115 396 1
115 576 1
116 263 1
117 492 1
117 523 1
118 361 1
118 372 1
119 209 1
119 335 1
120 184 1
120 396 1
120 576 1
121 446 1
121 478 1
122 161 1
122 426 1
122 567 1
123 367 1
123 382 1
123 418 1
123 531 1
124 214 1
124 376 1
125 275 1
125 438 1
125 471 1
125 490 1
125 575 1
126 150 1
126 371 1
126 432 1
127 273 1
128 510 1
128 536 1
129 181 1
129 332 1
129 548 1
130 349 1
130 373 1
131 482 1
132 147 1
132 458 1
132 483 1
132 532 1
132 544 1
133 191 1
133 404 1
133 412 1
133 475 1
134 412 1
134 443 1
135 273 1
135 400 1
136 341 1
136 401 1
136 476 1
136 494 1
137 274 1
137 285 1
137 562 1
138 293 1
138 581 1
139 406 1
140 410 1
140 438 1
140 490 1
140 575 1
141 198 1
141 394 1
141 564 1
142 317 1
142 461 1
143 515 1
144 570 1
144 583 1
145 320 3
145 574 3
146 337 1
146 369 1
146 452 1
146 456 1
147 197 1
147 458 1
148 222 1
148 258 1
149 395 1
150 330 1
150 371 1
150 432 1
151 153 1
151 480 1
152 393 8
152 468 13
153 480 1
153 586 1
154 246 4
154 267 1
154 391 1
155 324 1
155 467 1
155 477 1
156 171 1
156 192 1
156 244 1
156 453 1
156 522 1
156 557 1
157 160 2
157 321 1
157 392 2
157 574 2
158 279 1
158 589 1
159 233 1
159 542 1
160 321 1
160 392 2
161 567 1
162 188 1
162 366 1
163 362 1
164 181 1
164 332 1
165 470 1
166 382 1
166 418 1
167 430 1
167 525 1
168 388 1
168 561 1
169 185 2
169 489 2
170 518 1
171 244 1
172 238 1
172 314 1
172 374 1
172 380 1
172 552 1
173 375 1
174 268 1
175 357 1
176 226 1
176 233 1
176 558 1
177 475 1
177 528 1
178 251 42
178 256 35
178 328 105
179 237 1
179 427 1
180 395 1
180 532 1
180 549 1
181 548 1
181 581 1
182 394 1
182 436 1
183 312 1
183 334 1
183 358 1
184 198 1
184 564 1
185 395 1
185 549 2
186 188 1
186 341 1
186 509 1
187 385 1
187 429 1
188 509 1
189 322 1
189 592 1
190 236 1
190 414 1
190 448 1
190 486 1
191 566 1
192 522 1
192 557 1
193 298 1
193 501 1
194 253 1
194 416 1
195 445 1
195 512 1
195 546 1
196 335 1
196 336 1
196 389 1
197 395 1
198 564 1
199 335 1
200 318 1
200 433 1
200 563 1
201 351 1
201 368 1
202 216 1
202 530 1
203 365 1
203 565 1
203 591 1
204 215 1
204 553 1
205 435 1
205 519 1
206 527 1
206 546 1
207 209 1
207 433 1
207 454 1
208 211 3
208 276 1
209 433 1
210 269 1
211 269 1
211 276 1
211 500 1
212 403 1
212 526 1
213 450 1
213 507 1
213 545 1
214 264 1
214 265 1
215 240 1
215 271 1
215 553 1
216 484 1
217 588 1
217 591 1
218 360 1
218 576 1
219 515 1
220 255 1
220 264 1
221 256 3
221 333 1
222 554 1
223 304 1
223 329 1
223 580 1
224 235 1
224 246 2
224 417 1
225 239 1
225 413 1
226 284 1
227 238 1
227 314 1
227 439 1
228 419 2
228 474 1
228 555 1
229 269 1
229 276 1
229 353 1
230 322 1
230 592 1
231 585 1
232 334 2
233 347 1
233 362 1
233 542 1
234 446 1
234 555 1
235 440 1
237 427 1
237 582 1
238 257 1
238 280 1
238 372 1
239 486 1
240 504 1
241 286 1
242 420 1
242 568 1
243 249 5
243 309 1
245 507 1
245 531 1
247 416 1
247 570 1
248 551 1
248 561 1
249 309 14
250 267 1
250 301 1
250 498 2
251 315 3
251 500 2
252 379 1
252 442 1
253 416 2
253 524 1
254 330 1
255 537 1
256 333 7
257 505 1
258 381 1
259 339 1
259 537 1
260 275 1
260 470 1
261 279 1
261 362 1
261 415 1
262 408 1
262 491 1
263 314 1
263 331 1
264 265 1
265 455 1
266 519 1
266 521 1
267 391 1
267 498 1
268 286 1
268 532 1
269 276 1
270 379 1
270 402 1
271 553 1
272 592 1
272 593 1
274 291 1
276 353 1
277 388 1
278 280 1
278 372 1
278 553 1
279 362 1
280 361 1
280 372 1
281 483 1
282 303 1
282 342 1
282 484 1
283 373 1
283 453 1
284 352 1
284 533 279
285 457 1
285 562 1
286 558 1
287 594 1
288 319 1
288 462 1
289 445 1
289 582 1
290 422 1
290 581 1
291 455 1
292 355 1
292 431 1
292 472 1
293 587 1
294 403 1
294 539 1
295 401 1
295 476 1
296 495 1
297 328 9
298 511 1
298 514 1
298 521 1
299 453 1
300 403 1
300 526 1
300 587 1
301 493 1
302 377 1
302 485 1
303 459 1
303 484 1
304 358 1
304 580 1
305 349 1
305 369 1
305 456 1
306 473 1
306 522 1
306 528 1
307 417 18
308 531 1
308 587 1
309 524 1
309 554 1
310 565 1
310 583 1
311 508 1
311 531 1
312 320 2
312 358 1
313 559 1
314 331 1
314 499 1
314 547 1
315 584 1
316 325 1
316 567 1
317 521 1
318 430 1
318 525 1
319 462 1
320 574 3
322 327 1
322 592 1
323 481 1
323 584 1
324 356 1
324 475 1
324 477 1
325 567 1
326 437 1
326 443 1
326 563 1
327 592 1
329 509 1
331 499 1
334 544 1
335 336 1
336 389 1
336 408 1
336 491 1
337 436 1
337 456 1
338 569 1
339 434 1
340 451 1
340 493 1
340 504 1
342 534 1
343 397 1
344 354 1
344 534 1
344 551 1
345 423 1
345 432 1
346 400 1
346 589 1
347 542 1
348 443 1
348 467 1
350 538 1
350 560 1
351 432 1
352 379 1
352 402 1
353 510 1
354 472 1
355 431 1
355 506 1
357 520 1
358 492 1
360 576 1
361 372 1
361 460 1
361 590 1
364 577 1
365 575 1
366 405 1
366 411 1
366 474 1
366 494 1
367 410 1
367 490 1
368 451 1
368 493 1
370 407 1
370 538 1
370 560 1
374 552 1
375 466 1
377 403 1
377 441 1
379 402 1
380 552 1
382 422 1
382 587 1
383 426 1
385 429 1
386 513 1
387 572 1
388 551 1
389 491 1
390 435 1
390 519 1
390 555 1
393 468 6
394 436 1
394 465 1
395 549 1
397 403 1
397 441 1
398 456 1
398 466 1
399 424 1
399 429 1
400 462 1
401 419 1
403 441 1
404 409 1
405 509 1
405 568 1
406 423 1
406 439 1
408 491 1
409 536 1
411 474 1
412 443 1
412 467 1
412 528 1
414 470 1
419 478 1
420 568 1
421 483 1
422 581 1
423 432 1
424 429 1
425 551 1
425 561 1
426 594 1
430 473 1
431 506 1
435 519 1
436 465 1
437 443 1
437 528 1
440 444 1
445 582 1
446 571 1
447 469 3
447 487 1
448 486 1
448 591 1
449 457 1
449 540 1
450 540 1
452 466 1
452 517 1
452 535 1
452 543 1
454 517 1
457 540 1
457 562 1
459 505 1
460 590 1
464 593 1
466 543 1
478 550 1
479 488 1
479 577 1
481 518 2
481 584 1
482 501 1
482 586 1
484 579 1
485 548 1
488 559 1
492 523 1
495 502 1
496 522 1
496 536 1
502 511 1
502 521 1
503 578 1
503 585 1
507 545 1
507 594 1
508 531 1
510 536 1
511 521 1
515 529 1
516 556 1
517 535 1
519 521 1
525 543 1
527 546 1
529 539 1
529 567 1
530 547 1
532 549 1
539 567 1
541 560 1
565 583 1
572 592 1
572 593 1
573 580 1
578 585 1
583 588 1
592 593 1



1520 0 209 montfaucon-25
3164 0 917 exincourt
130 0 12 lanans
93 0 16 amondans
119 0 18 chamesey
115 0 20 echay
241 0 21 barboux
521 0 31 liesle
132 0 121 sechin
441 0 18 chapelle-d-huin
1088 0 49 labergement-sainte-marie
210 0 43 gellin
241 0 10 indevillers
30 0 11 rondefontaine
49 0 19 longevelle-les-russey
235 0 73 abbans-dessous
175 0 88 fourbanne
144 0 15 longeville-25330
1430 0 195 chemaudin
650 0 22 arc-sous-cicon
161 0 18 montancy
2908 0 114 fins-25
101 0 16 brey-et-maison-du-bois
197 0 30 ougney-douvot
215 0 18 plaimbois-du-miroir
68 0 12 orve
236 0 15 passavant
227 0 24 remondans-vaivre
771 0 66 montperreux
392 0 59 autechaux
288 0 72 thoraise
92 0 26 hopital-saint-lieffroy
467 0 121 presentevillers
190 0 33 mesandans
8 0 3 urtiere
116 0 12 crosey-le-petit
76 0 7 plaimbois-vennes
768 0 234 dambenois
114 0 26 paroy-25
118 0 24 saint-georges-armont
200 0 38 luhier
181 0 32 avilley
177 0 65 pretiere
75 0 14 ouvans
167 0 50 vernoy-25
424 0 31 vernierfontaine
6700 0 474 morteau
322 0 23 deservillers
180 0 28 villers-sous-montrond
738 0 29 naisey-les-granges
58 0 11 longechaux
1365 0 47 pierrefontaine-les-varans
3564 0 361 etupes
133 0 11 grand-combe-des-bois
229 0 21 arc-sous-montenot
176 0 46 saint-julien-les-montbeliard
322 0 77 ferrieres-les-bois
102 0 15 fontenelle-montby
1953 0 71 montlebon
430 0 44 rigney
81 0 29 fourcatier-et-maison-neuve
88 0 29 champoux
620 0 97 dommartin-25
106 0 21 thurey-le-mont
108 0 33 adam-les-vercel
105 0 53 chevroz
92 0 16 rennes-sur-loue
327 0 39 osse-25
102 0 30 montflovin
432 0 81 veze-25
500 0 45 ecot
391 0 77 montbenoît
51 0 9 goux-sous-landet
155 0 17 nans-sous-sainte-anne
95 0 14 peseux-25
110 0 16 labergement-du-navois
81 0 18 mondon
563 0 85 autechaux-roide
5971 0 912 bethoncourt
89 0 26 puy-25
191 0 65 etrappe
483 0 78 venise
45 0 12 puessans
396 0 169 tallenay
26 0 7 montivernage
387 0 27 bulle
108 0 48 dannemarie-25
1637 0 513 nommay
274 0 30 goux-les-dambelin
467 0 161 brognard
309 0 68 saint-antoine-25
274 0 67 raynans
114 0 16 gevresin
80 0 19 rouhe
487 0 39 dambelin
168 0 55 liebvillers
1811 0 55 frasne
542 0 111 chaucenne
46 0 11 rognon
264 0 87 champagney-25
355 0 24 hopitaux-vieux
356 0 62 chaleze
454 0 100 aibre
371 0 58 noel-cerneux
454 0 158 laissey
281 0 14 passonfontaine
196 0 35 etrabonne
90 0 32 montfort-25
115 0 21 allies
362 0 23 remoray-boujeons
5088 0 199 valdahon
73 0 21 narbief
306 0 83 rancenay
386 0 121 laire
148 0 17 chaux-les-passavant
154 0 13 uzelle
336 0 49 noironte
610 0 25 anteuil
149 0 14 saint-julien-les-russey
132 0 22 epenouse
325 0 111 velesmes-essarts
308 0 37 reugney
218 0 21 lavans-vuillafans
342 0 20 bonnevaux-25
579 0 43 epenoy
1549 0 192 montenois
162 0 16 lomont-sur-crete
400 0 44 pierrefontaine-les-blamont
1699 0 147 mamirolle
180 0 23 vyt-les-belvoir
89 0 16 ronchaux
702 0 74 vieilley
230 0 29 courtefontaine-25
229 0 39 thiebouhans
112 0 23 guillon-les-bains
125 0 23 corcondray
596 0 30 sombacour
192 0 21 charbonnieres-les-sapins
148 0 34 geney
207 0 21 vanclans
150 0 15 domprel
78 0 17 pessans
12 0 1 saraz
212 0 28 hauterive-la-fresse
2137 0 343 miserey-salines
947 0 40 sancey-le-grand
151 0 77 braillans
1443 0 49 jougne
1256 0 76 nancray
1414 0 112 arcey-25
46 0 7 bartherans
5194 0 1139 grand-charmont
77 0 10 by
3411 0 360 voujeaucourt
184 0 74 ferrieres-le-lac
395 0 129 villars-sous-dampjoux
1898 0 203 pouilley-les-vignes
162 0 15 aïssey
190 0 19 glamondans
1537 0 293 serre-les-sapins
418 0 29 chantrans
594 0 76 lavernay
971 0 45 bouclans
166 0 55 gratteris
199 0 27 sommette
156 0 18 durnes
132 0 9 terres-de-chaux
58 0 20 battenans-les-mines
1234 0 313 chalezeule
754 0 114 allenjoie
114 0 29 bief
1236 0 67 rougemont-25
97 0 18 rosieres-sur-barbeche
131 0 29 chatillon-guyotte
204 0 29 hyemondans
1107 0 133 roulans
109 0 12 soulce-cernay
11388 0 1169 valentigney
238 0 47 arguel-25
731 0 55 amagney
503 0 34 trepot
48 0 10 vellerot-les-vercel
1339 0 207 geneuille
91 0 15 eysson
2042 0 362 roche-lez-beaupre
573 0 84 recologne-25
77 0 15 bosse-25
277 0 81 franey
53 0 20 reculfoz
730 0 37 guyans-vennes
220 0 13 glere
346 0 103 noirefontaine
72 0 23 mesmay
588 0 41 vuillecin
558 0 107 busy
2111 0 87 russey
200 0 158 vaire-le-petit
121 0 10 germefontaine
81 0 13 rosureux
47 0 9 orgeans-blanchefontaine
85 0 46 bretigney
113 0 18 gouhelans
1468 0 85 gilley-25
3170 0 297 isle-sur-le-doubs
321 0 26 fourg
556 0 33 chenecey-buillon
170 0 38 cour-saint-maurice
1076 0 96 abbevillers
169 0 24 mont-de-vougney
279 0 37 ecurcey
3750 0 514 herimoncourt
131 0 14 malbrans
37 0 12 renedale
338 0 18 bouverans
319 0 55 mediere
82 0 23 huanne-montmartin
1365 0 63 grand-combe-chateleu
86 0 12 courtetain-et-salans
95 0 14 montmahoux
265 0 24 courvieres
955 0 171 bourguignon
748 0 114 hopitaux-neufs
616 0 119 emagny
1513 0 951 sainte-suzanne-25
192 0 22 mont-de-laval
228 0 77 grosbois
355 0 31 abbenans
4707 0 286 saint-vit
220 0 98 thulay
115 0 5 chatelblanc
158 0 15 malans-25
1905 0 304 chatillon-le-duc
260 0 31 champlive
481 0 157 routelle
654 0 203 dung
145 0 19 vennes
1356 0 339 beure
253 0 22 fontaine-les-clerval
29 0 6 consolation-maisonnettes
187 0 23 blussans
236 0 26 tour-de-scay
191 0 35 jallerange
429 0 42 verrieres-de-joux
148 0 64 dampjoux
236 0 37 lods
1898 0 494 bart
771 0 36 arcon-25
75 0 24 flagey-rigney
18456 0 446 pontarlier
760 0 115 etouvans
5922 0 747 seloncourt
173 0 26 branne-25
961 0 121 houtaud
313 0 112 semondans
416 0 14 boujailles
4933 0 326 mandeure
169 0 14 gondenans-montby
227 0 48 touillon-et-loutelet
273 0 19 villeneuve-d-amont
686 0 29 flangebouche
43 0 10 magny-chatelard
348 0 26 fournet-blancheroche
88 0 27 nans-25
248 0 19 dompierre-les-tilleuls
828 0 43 riviere-drugeon
307 0 69 abbans-dessus
498 0 157 dampierre-sur-le-doubs
218 0 34 chaudefontaine-25
627 0 115 roches-les-blamont
208 0 20 voillans
418 0 40 rang
264 0 6 chapelle-des-bois
84 0 20 cusance
887 0 54 chaffois
835 0 64 avoudrey
350 0 117 meslieres
71 0 23 montussaint
330 0 27 mancenans
72 0 22 cotebrune
354 0 25 soye
131 0 62 palise
134 0 17 verne
139 0 17 solemont
5315 0 214 baume-les-dames
572 0 40 bians-les-usiers
787 0 67 pouligney-lusans
146 0 12 amathay-vesigneux
40 0 10 esnans
2340 0 271 avanne-aveney
1165 0 48 etalans
330 0 31 sainte-colombe-25
187 0 137 vennans
108 0 35 bonnevaux-le-prieure
312 0 21 cleron
360 0 70 vaux-les-pres
49 0 11 palantine
992 0 751 arbouans
215 0 36 lombard-25
163 0 26 neuchatel-urtiere
4188 0 128 ornans
1376 0 179 colombier-fontaine
445 0 41 merey-sous-montrond
86 0 25 rillans
946 0 125 cussey-sur-l-ognon
98 0 10 belvoir
911 0 82 saint-hippolyte-25
25875 0 1723 montbeliard
493 0 44 montgesoye
1197 0 53 cluse-et-mijoux
670 0 42 longeville-25650
12 0 2 chateauvieux-les-fosses
1158 0 298 auxon-dessus
81 0 22 vaudrivillers
271 0 49 cuse-et-adrisans
829 0 96 vandoncourt
124 0 24 silley-amancey
188 0 31 lavans-quingey
97 0 12 vauclusotte
111 0 19 bretigney-notre-dame
2309 0 717 ecole-valentin
347 0 137 champvans-les-moulins
140 0 14 petite-chaux
850 0 227 badevel
174 0 28 fessevillers
142 0 18 flagey-25
4355 0 249 maîche
68 0 18 crouzet
14825 0 1692 audincourt
245 0 53 chevigney-sur-l-ognon
714 0 130 desandans
137 0 23 cubrial
98 0 12 chevillotte
2151 0 144 mathay
1350 0 357 devecey
782 0 44 bonnetage
534 0 63 fontenelles
354 0 17 laviron
155 0 11 sarrageois
130 0 22 crouzet-migette
907 0 68 saint-maurice-colombier
146 0 56 placey
166 0 25 luxiol
90 0 26 cademene
63 0 15 breteniere-25
155 0 36 marvelise
99 0 10 adam-les-passavant
126 0 42 vauchamps-25
270 0 25 charmauvillers
115 0 19 vellerot-les-belvoir
223 0 38 malpas
112 0 56 faimbe
217 0 24 villers-saint-martin
356 0 54 glay
146 0 48 val-de-roulans
161 0 60 saint-hilaire-25
179 0 30 goumois
62 0 18 lanthenans
1246 0 198 auxon-dessous
379 0 33 villars-sous-ecot
161 0 19 orsans-25
1045 0 88 clerval
516 0 29 gonsans
1028 0 552 taillecourt
179 0 17 crosey-le-grand
135 0 14 longemaison
538 0 54 lantenne-vertiere
240 0 30 chasnans
275 0 47 beutal
121 0 21 rahon-25
276 0 61 saint-point-lac
731 0 101 sainte-marie-25
313 0 38 pompierre-sur-doubs
233 0 27 valonne
119 0 18 montagney-servigney
63 0 13 vernois-les-belvoir
567 0 40 vaux-et-chantegrue
558 0 51 montrond-le-chateau
132 0 77 echenans
74 0 21 hyevre-magny
20 0 11 bonnal
1085 0 188 metabief
250 0 27 guyans-durnes
1963 0 52 levier
124 0 23 chevigney-les-vercel
40 0 12 memont
53 0 59 blarians
622 0 25 rochejean
43 0 10 tallans
772 0 76 frambouhans
397 0 51 osselle
460 0 147 berche
1860 0 255 franois
2526 0 1006 vieux-charmont
114 0 14 villers-chief
528 0 41 vaire-arcier
60 0 12 belmont-25
324 0 21 rurey
131 0 17 surmont
404 0 82 chenalotte
177 0 35 pont-les-moulins
262 0 82 villers-buzon
193 0 21 hyevre-paroisse
313 0 24 scey-maisieres
146 0 15 vaufrey
522 0 56 burgille
98 0 18 accolans
704 0 106 malbuisson
2467 0 115 charquemont
31 0 5 montjoie-le-chateau
168 0 22 athose
480 0 73 mercey-le-grand
476 0 44 trevillers
34 0 6 laval-le-prieure
1875 0 75 orchamps-vennes
19 0 2 verrieres-du-grosbois
2597 0 290 doubs
1127 0 469 courcelles-les-montbeliard
55 0 11 voires
778 0 127 pouilley-francais
120 0 92 moutherot
142 0 46 valleroy-25
249 0 23 fallerans
80 0 23 gemonval
320 0 29 belieu
182 0 32 cendrey
310 0 16 septfontaines
954 0 58 fontain
4435 0 147 villers-le-lac
267 0 34 bizot
107 0 14 valoreille
112 0 51 ecouvotte
375 0 26 onans
67 0 10 battenans-varin
30 0 4 sainte-anne-25
246 0 47 villars-saint-georges
215 0 14 landresse
419 0 56 breseux
200 0 33 etray
183 0 17 bournois
227 0 44 allondans
530 0 37 epeugney
100 0 18 roche-les-clerval
272 0 45 cernay-l-eglise
257 0 94 issans
650 0 160 larnod
922 0 166 torpes-25
3260 0 158 saone
631 0 22 fournets-luisans
229 0 15 aubonne
158 0 33 bugny
627 0 75 longevelle-sur-doubs
587 0 36 belleherbe
178 0 47 feule
115 0 22 vaucluse
320 0 27 bannans
360 0 51 sancey-le-long
370 0 23 ouhans
103 0 30 merey-vieilley
110 0 21 vergranne
76 0 35 santoche
134 0 35 pointvillers
76 0 17 silley-blefond
163 0 20 buffard
115 0 18 pontets
49 0 8 villers-la-combe
122 0 17 provenchere-25
1769 0 80 damprichard
4060 0 1870 sochaux
1326 0 251 morre
495 0 34 loray
1479 0 49 vercel-villedieu-le-camp
154 0 21 villers-grelot
97 0 12 fleurey
267 0 65 berthelange
211 0 20 plains-et-grands-essarts
201 0 47 mazerolles-le-salin
102 0 31 belfays
1326 0 326 dannemarie-sur-crete
106 0 24 randevillers
184 0 11 myon
1642 0 347 dampierre-les-bois
83 0 42 samson
483 0 96 moncey
86 0 31 trouvans
939 0 71 tarcenay
475 0 42 fuans
599 0 83 gennes-25
187 0 13 vellevans
3191 0 357 thise
562 0 47 nods
641 0 67 ecorces
1440 0 233 pelousey
773 0 129 lougres
189 0 84 corcelles-ferrieres
75 0 20 courcelles-25
398 0 38 chamesol
103 0 27 montbeliardot
3573 0 404 bavans
80 0 14 cubry
473 0 101 bondeval
36 0 16 breres
348 0 46 cessey
61 0 10 cussey-sur-lison
76 0 35 blussangeaux
121 0 15 viethorey
91 0 27 breconchaux
308 0 25 mouthier-haute-pierre
84 0 16 echevannes-25
327 0 45 ruffey-le-chateau
1113 0 110 blamont-25
289 0 45 chouzelot
2195 0 293 montferrand-le-chateau
65 0 18 germondans
1481 0 98 arc-et-senans
341 0 11 eternoz
108 0 16 corcelle-mieslot
303 0 29 charmoille-25
2282 0 659 fesches-le-chatel
566 0 57 byans-sur-doubs
133 0 31 sourans
1331 0 155 quingey
566 0 43 montecheroux
437 0 249 audeux
952 0 58 granges-narboz
60 0 15 froidevaux
115 0 12 chassagne-saint-denis
452 0 79 charnay-25
379 0 29 montandon
655 0 47 amancey
101 0 20 romain-25
697 0 113 vuillafans
1117 0 111 marchaux
116914 0 1797 besancon
57 0 10 fontenotte
217 0 15 bretonvillers
445 0 64 villars-les-blamont
271 0 12 villers-sous-chalamont
241 0 18 planee
255 0 31 fertans
270 0 34 saint-gorgon-main
693 0 66 oye-et-pallet
198 0 19 dammartin-les-templiers
90 0 14 grange-25
838 0 109 bonnay-25
89 0 9 hautepierre-le-chatelet
542 0 113 vorges-les-pins
74 0 18 gondenans-les-moulins
444 0 40 foucherans-25
1544 0 764 novillars
1415 0 249 grandfontaine-25
86 0 20 rougemontot
34 0 14 tressandans
428 0 105 appenans
1211 0 43 fourgs
457 0 55 roset-fluans
120 0 31 rignosot
4468 0 329 pont-de-roide
633 0 78 deluz
188 0 18 servin
264 0 49 grangettes
41 0 17 ollans
699 0 39 goux-les-usiers
185 0 30 mancenans-lizerne
84 0 14 grandfontaine-sur-creuse
424 0 25 chaux-25
45 0 6 burnevillers
349 0 28 bolandoz
169 0 31 courchapon
172 0 11 villedieu-25
599 0 37 maisons-du-bois-lievremont
1094 0 196 boussieres
429 0 32 longevilles-mont-d-or
159 0 40 sauvagney
1958 0 293 pirey
184 0 32 rantechaux
79 0 10 bremondans
128 0 23 chazot
12 0 4 chatillon-sur-lison
120 0 13 tournans
330 0 41 moncley
554 0 70 hopital-du-grosbois
778 0 106 pugey
301 0 20 ville-du-pont
1419 0 250 dasle
92 0 12 lizine
193 0 29 chay-25
228 0 29 saules-25
745 0 49 gras-25
182 0 15 saint-juan
195 0 22 chaux-les-clerval
725 0 41 combes-25
261 0 9 chaux-neuve
968 0 24 mouthe
317 0 24 evillers
