455
675



1 189 1
1 283 1
1 292 1
2 175 1
2 177 1
3 15 1
3 42 1
3 320 1
4 29 1
4 37 1
4 266 1
5 32 1
5 46 1
6 174 1
6 414 1
7 62 1
7 142 1
7 227 1
7 247 1
7 328 1
7 433 1
8 70 1
8 152 1
8 170 1
8 250 1
9 85 1
9 128 1
9 241 1
9 359 1
10 145 1
10 202 1
11 58 2
11 127 2
11 171 12
11 226 4
11 243 1
11 449 12
12 211 1
12 302 1
13 167 1
13 187 1
14 22 1
14 230 1
14 255 1
15 30 1
16 188 1
16 226 1
17 55 1
17 77 1
18 169 1
18 364 1
19 315 1
19 335 1
19 408 1
20 403 1
20 447 1
21 229 1
21 291 1
21 428 1
22 255 1
23 98 1
23 381 1
24 171 2
24 322 1
24 351 1
25 373 1
25 408 1
26 31 1
26 59 1
27 367 1
27 368 1
27 386 1
28 62 1
28 216 1
29 266 1
30 83 1
30 100 1
31 59 1
31 222 1
32 46 1
33 86 1
33 133 1
33 143 1
33 160 1
33 290 1
34 303 1
34 414 1
35 85 1
35 166 1
36 318 1
36 351 1
37 165 1
37 422 1
38 258 1
38 379 1
39 111 1
39 192 1
40 359 1
40 361 1
41 321 1
41 371 1
41 385 1
42 320 1
42 377 1
43 148 1
43 355 1
43 416 1
44 131 1
44 190 1
44 262 1
45 123 1
45 375 17
46 436 1
46 445 1
47 102 1
47 135 1
47 158 1
48 380 1
48 418 1
49 133 1
49 285 1
50 241 1
50 301 1
51 210 1
51 372 1
52 79 1
52 304 1
52 337 1
53 139 1
53 225 1
54 186 1
54 446 1
55 199 1
55 421 1
56 124 1
56 324 1
56 331 1
56 455 1
57 390 1
57 397 1
58 243 1
59 288 1
59 397 1
60 197 1
60 350 1
61 238 1
61 324 1
62 231 1
62 252 1
62 323 1
62 417 1
63 332 1
63 347 1
64 151 1
64 327 1
65 130 1
65 190 1
65 295 1
66 121 1
66 172 1
66 436 1
67 180 1
67 279 1
67 439 1
67 441 1
67 444 1
68 234 1
68 345 1
69 148 1
69 207 1
69 274 1
70 170 1
70 250 1
71 107 1
71 206 1
71 282 1
72 90 13
72 375 68
73 75 1
73 312 1
74 110 1
74 243 1
74 283 1
75 312 1
75 334 1
76 282 1
76 394 1
77 204 1
77 213 1
77 406 1
78 226 1
78 315 1
78 408 1
79 121 2
80 137 1
80 276 1
81 295 1
81 415 1
81 420 1
82 221 4
82 423 85
83 100 1
83 168 1
84 149 1
84 253 1
85 361 1
86 153 1
86 160 1
87 90 2
87 348 1
88 245 1
88 432 1
89 127 1
89 330 1
90 161 3
90 235 2
90 287 1
91 234 1
91 345 1
92 137 1
92 232 1
92 297 1
93 131 2
93 415 1
93 420 1
94 178 1
94 210 1
95 108 1
95 244 1
96 162 1
96 342 1
96 354 1
97 217 1
97 245 1
97 251 1
98 201 1
98 266 1
99 172 1
99 436 2
101 256 1
101 286 1
101 318 1
101 396 1
102 378 1
103 397 1
103 405 1
104 153 1
104 329 1
105 232 1
105 256 1
106 119 1
106 154 1
107 184 1
107 206 1
107 278 1
107 282 1
107 390 1
108 186 1
108 224 1
108 362 1
109 205 1
109 296 1
109 360 1
110 243 1
110 392 1
111 228 1
111 257 1
112 314 1
112 395 1
113 191 1
113 271 1
114 116 1
114 221 3
115 263 1
115 275 1
116 178 1
116 272 1
117 138 1
117 372 1
117 403 1
117 434 1
118 149 1
118 280 1
118 452 1
119 154 1
119 286 1
120 234 1
120 345 1
120 437 1
121 309 1
122 183 1
122 294 1
122 438 1
123 170 1
123 339 1
124 165 1
125 185 1
125 317 1
125 453 1
126 131 1
126 241 1
127 226 1
127 265 1
127 330 1
127 353 1
127 408 1
128 173 1
129 300 1
129 340 1
129 356 1
129 404 1
130 190 1
131 279 1
131 413 1
132 138 1
132 434 1
133 285 1
134 270 1
134 375 44
135 415 1
136 199 1
136 260 1
136 394 1
136 397 1
137 440 1
137 454 1
138 372 1
138 388 1
139 225 1
139 270 1
140 417 1
140 435 1
141 254 1
141 299 1
142 156 1
142 168 1
142 257 1
143 160 1
144 280 1
144 449 5
145 202 1
145 358 1
146 198 1
146 366 1
147 304 1
147 337 2
148 354 1
148 355 1
150 160 1
150 349 1
151 305 1
152 170 1
152 250 1
152 342 1
152 367 1
152 450 1
153 171 2
153 311 1
153 371 1
155 206 1
155 325 1
156 168 1
157 269 1
157 398 1
158 301 1
158 425 2
158 442 1
159 352 1
159 418 1
161 179 1
161 287 1
162 246 1
163 219 1
163 389 1
164 213 1
164 353 1
165 266 1
165 399 1
166 279 1
166 370 1
166 441 1
167 211 1
167 248 1
168 257 1
169 364 1
169 365 1
171 176 4
171 318 4
171 345 2
172 436 1
173 359 1
173 403 1
173 447 1
174 414 1
175 177 1
175 418 1
176 311 1
176 318 1
177 300 1
177 363 1
178 209 1
178 272 1
178 384 1
179 302 1
180 258 1
180 381 1
181 209 1
181 289 2
181 384 2
181 389 1
182 313 1
182 407 1
182 443 1
183 388 1
183 438 1
184 214 1
184 278 1
184 313 1
185 256 1
185 317 1
186 224 1
186 446 1
187 428 1
187 439 1
187 441 1
188 249 1
189 233 1
189 443 1
191 274 1
192 347 1
193 373 1
193 451 1
194 240 1
194 363 1
195 277 1
195 369 1
196 307 1
196 334 1
196 338 1
196 383 1
196 393 1
196 400 1
197 269 1
197 339 1
198 366 1
200 222 1
200 264 1
200 333 1
201 381 1
202 207 1
202 358 1
202 452 1
203 342 1
203 450 1
204 216 1
204 406 1
205 319 1
207 355 1
208 211 1
208 239 1
208 340 1
209 384 1
210 346 1
211 275 1
212 384 1
212 426 1
214 325 1
215 298 1
215 306 3
216 433 1
217 326 1
217 385 1
217 395 1
218 267 1
218 335 1
219 274 2
220 278 1
220 325 1
220 364 2
220 365 1
222 333 1
223 265 1
223 448 1
224 281 1
224 409 1
227 247 1
228 245 1
228 336 1
228 377 1
229 439 1
230 255 1
230 330 1
230 360 1
231 252 1
231 382 1
231 417 1
232 412 1
233 429 1
233 431 1
234 345 1
235 357 1
236 275 1
236 388 1
237 297 1
237 327 1
238 324 1
238 331 1
238 399 1
239 404 1
240 363 1
241 359 1
242 402 1
242 435 1
243 283 1
243 392 1
244 427 1
245 328 1
245 432 1
246 416 1
247 433 1
248 263 1
249 341 1
250 376 1
251 328 1
253 443 1
253 452 1
254 299 1
254 350 1
256 261 1
256 286 1
256 412 1
259 266 1
259 399 1
260 406 1
261 412 1
262 279 1
263 370 1
264 332 1
265 408 1
267 353 1
268 317 1
268 435 1
268 440 1
269 339 1
270 281 1
271 298 1
271 354 1
272 346 1
273 307 1
273 383 1
275 370 1
275 388 1
276 323 1
276 345 1
277 369 1
277 448 1
278 293 1
278 325 1
279 379 1
280 443 1
280 452 1
281 409 1
283 292 1
284 346 1
284 391 1
285 329 1
286 318 1
286 351 1
288 423 39
289 306 6
290 329 1
291 428 1
293 419 1
294 357 1
294 438 1
296 341 1
298 308 1
299 356 1
299 398 1
300 401 1
303 414 1
304 309 1
304 337 4
305 323 1
306 410 44
306 449 19
307 314 1
307 338 1
307 349 1
308 410 3
308 426 1
310 373 1
310 435 1
311 345 1
312 316 1
314 336 1
314 395 1
315 335 1
316 420 1
319 341 1
319 360 1
320 377 1
321 326 1
321 385 1
322 329 1
323 328 1
323 402 1
324 331 1
326 385 1
327 437 1
331 399 1
331 422 1
332 347 1
332 378 1
333 378 1
334 400 1
338 400 1
341 360 1
342 348 1
342 367 1
342 414 1
343 344 1
343 420 1
343 455 1
344 400 1
346 391 1
350 356 1
352 363 1
352 411 1
352 418 1
352 430 1
359 361 1
362 368 1
363 380 1
365 374 1
365 389 1
366 387 1
367 414 1
367 427 1
368 446 1
369 448 1
374 389 1
376 386 1
376 450 1
379 413 1
380 401 1
382 417 1
383 393 1
384 391 1
387 436 1
387 445 1
390 394 1
390 419 1
391 426 1
396 412 1
397 405 1
398 401 1
401 404 1
402 417 1
403 447 1
407 443 1
409 445 1
411 418 1
411 430 1
414 427 1
421 431 1
423 425 78
424 439 1
424 444 1
425 442 2
429 431 1
436 445 1
439 441 1
440 454 1
451 453 1



122 0 26 bernouil
487 0 27 jouy-89
121 0 29 sainte-pallaye
114 0 10 roncheres-89
167 0 75 villenavotte
262 0 21 molinons
367 0 10 nitry
456 0 53 noe-89
411 0 22 merry-la-vallee
122 0 17 lasson-89
5243 0 89 tonnerre
437 0 30 verlin
328 0 32 dicy
255 0 4 cruzy-le-chatel
305 0 25 irancy
139 0 9 saint-martin-sur-armancon
145 0 15 viviers-89
947 0 165 chemilly-sur-yonne
136 0 35 fulvy
708 0 36 poilly-sur-tholon
58 0 7 chambeugle
51 0 3 gland-89
1441 0 36 bleneau
390 0 10 saint-germain-des-champs
185 0 16 cry
1050 0 207 augy-89
291 0 18 foissy-sur-vanne
241 0 8 annay-sur-serein
272 0 7 saint-martin-des-champs-89
338 0 182 vincelottes
1107 0 35 saint-bris-le-vineux
323 0 39 villeperrot
371 0 24 saint-pere-89
125 0 10 flacy
288 0 33 ormes-89
402 0 11 saint-leger-vauban
282 0 8 moutiers-en-puisaye
299 0 10 tannerre-en-puisaye
73 0 5 fontenay-sous-fouronnes
248 0 127 saint-maurice-thizouaille
99 0 15 domecy-sur-le-vault
195 0 28 pregilbert
327 0 14 boeurs-en-othe
309 0 30 moulins-sur-ouanne
1079 0 174 maillot
367 0 80 evry-89
2314 0 98 chevannes-89
315 0 20 dollot
150 0 9 fontenay-pres-vezelay
1301 0 85 lindry
315 0 74 paroy-sur-tholon
607 0 70 chaumont-89
1558 0 225 saint-martin-du-tertre-89
666 0 66 saligny-89
75 0 14 beru
454 0 19 thury-89
359 0 23 chitry
621 0 99 epineuil
458 0 52 quenne
1206 0 102 gron-89
684 0 15 etais-la-sauvin
676 0 18 noyers-89
125 0 25 mouffy
193 0 10 sainte-colombe-89
246 0 20 levis
557 0 56 serbonnes
369 0 13 grandchamp-89
147 0 23 anneot
890 0 20 venizy
469 0 42 villiers-louis
109 0 18 villy-89
4404 0 419 paron
70 0 25 fontenailles-89
265 0 44 cheney
185 0 19 molesmes
135 0 26 fontenay-pres-chablis
185 0 12 yrouerre
994 0 50 ancy-le-franc
2188 0 102 champigny-89
147 0 17 angely
381 0 28 leugny-89
3820 0 210 moneteau
731 0 97 escolives-sainte-camille
258 0 26 percey
58 0 12 saint-martin-sur-ocre-89
327 0 15 asquins
531 0 28 bordes-89
176 0 16 bessy-sur-cure
185 0 8 ancy-le-libre
5295 0 132 villeneuve-sur-yonne
186 0 11 girolles-89
194 0 26 montreal-89
1151 0 32 diges
245 0 57 villemer-89
945 0 15 perceneige
512 0 18 vaudeurs
183 0 15 saint-more
559 0 13 saint-prive-89
3232 0 232 pont-sur-yonne
989 0 78 vincelles-89
337 0 24 cussy-les-forges
708 0 60 vallan
134 0 9 prehy
188 0 9 island
61 0 8 trevilly
97 0 15 beauvilliers-89
772 0 34 maligny-89
1499 0 30 thorigny-sur-oreuse
70 0 7 quincerot-89
174 0 27 vezinnes
581 0 15 mailly-le-chateau
280 0 12 montillot
208 0 39 paroy-en-othe
3135 0 141 appoigny
187 0 18 saint-romain-le-preux
470 0 69 chichery
607 0 88 champvallon
452 0 36 jaulges
129 0 11 bussieres-89
307 0 28 lucy-le-bois
1164 0 69 courlon-sur-yonne
404 0 53 villecien
1510 0 69 malay-le-grand
593 0 21 saints-89
64 0 5 pisy
798 0 38 parly
745 0 46 lezinnes
535 0 21 saint-aubin-chateau-neuf
392 0 23 savigny-sur-clairis
317 0 19 fontenoy-89
2628 0 75 toucy
330 0 34 volgre
144 0 26 foissy-les-vezelay
2809 0 331 saint-clement-89
855 0 38 escamps-89
349 0 18 chichee
171 0 30 thizy-89
521 0 33 beon-89
799 0 186 courtois-sur-yonne
164 0 6 sarry-89
337 0 47 villeroy-89
1182 0 46 vermenton
394 0 19 domecy-sur-cure
1541 0 40 vergigny
317 0 41 beugnon-89
218 0 19 plessis-saint-jean
913 0 69 saint-agnan-89
576 0 34 chailley
266 0 35 butteaux
88 0 12 chamoux
100 0 11 coutarnoux
347 0 23 vaumort
389 0 99 pontaubert
326 0 14 saint-brancher
299 0 37 venouse
438 0 47 accolay
316 0 55 passy-89
956 0 69 villefargeau
811 0 38 villethierry
447 0 20 vezelay
832 0 56 marsangy
149 0 8 coulours
407 0 33 esnon
92 0 7 sambourg
941 0 30 saint-sauveur-en-puisaye
347 0 22 sommecaise
621 0 26 villefranche-89
801 0 35 cravant-89
588 0 89 beaumont-89
361 0 32 malay-le-petit
7248 0 270 avallon
663 0 46 villemanoche
473 0 28 chassy-89
207 0 9 lailly
1607 0 152 cheroy
778 0 50 sauvigny-le-bois
781 0 26 montacher-villegardin
780 0 191 bassou
693 0 46 chaumot-89
1039 0 19 champignelles
2469 0 254 cheny
180 0 15 mere-89
1125 0 70 cezy
1344 0 48 ligny-le-chatel
96 0 8 vignes-89
461 0 16 voisines-89
1676 0 88 charny-89
213 0 8 molosmes
195 0 11 dye
131 0 12 lalande
76 0 28 mercy-89
154 0 8 fouronnes
265 0 14 aisy-sur-armancon
610 0 51 villebougis
94 0 8 gigny-89
395 0 39 crain
760 0 110 etigny
245 0 16 pailly-89
171 0 20 fleys
932 0 88 coulanges-la-vineuse
736 0 22 rogny-les-sept-ecluses
999 0 52 neuvy-sautour
223 0 23 villechetive
105 0 7 sainte-vertu
163 0 6 arthonnay
184 0 15 lignorelles
726 0 29 turny
337 0 33 saint-martin-d-ordon
933 0 232 bonnard
310 0 41 laduz
351 0 18 cudot
702 0 99 epineau-les-voves
73 0 14 fresnes-89
727 0 60 pontigny
758 0 13 bussy-en-othe
111 0 9 molay-89
230 0 22 voutenay-sur-cure
245 0 8 argenteuil-sur-armancon
3140 0 121 brienon-sur-armancon
1883 0 88 hery-89
1646 0 125 gurgy
1573 0 358 champs-sur-yonne
124 0 6 stigny
1479 0 68 soucy-89
1258 0 58 nailly
1119 0 28 tanlay
205 0 7 sacy-89
558 0 23 mailly-la-ville
120 0 10 marchais-beton
83 0 9 baon
57 0 11 censy
53 0 11 cisery
189 0 14 collan
92 0 39 tharot
753 0 73 armeau
476 0 22 precy-sur-vrin
147 0 29 athie-89
335 0 14 sainpuits
239 0 13 saint-loup-d-ordon
406 0 27 foucheres-89
344 0 51 beauvoir-89
95 0 10 annoux
422 0 41 dannemoine
455 0 13 saint-maurice-aux-riches-hommes
503 0 19 arcy-sur-cure
40 0 5 cerilly-89
173 0 10 licheres-pres-aigremont
311 0 12 prunoy
301 0 13 melisey-89
517 0 44 theil-sur-vanne
285 0 18 precy-le-sec
112 0 7 moulins-en-tonnerrois
1033 0 43 flogny-la-chapelle
491 0 62 subligny-89
65 0 6 pimelles
464 0 38 guillon
407 0 20 bazarnes
308 0 12 villeneuve-les-genets
509 0 9 lavau-89
175 0 13 chemilly-sur-serein
62 0 12 sauvigny-le-beureal
238 0 10 dracy
309 0 23 chevillon-89
371 0 27 val-de-mercy
854 0 39 ravieres
1793 0 26 saint-fargeau
206 0 15 pacy-sur-armancon
81 0 7 marmeaux
1954 0 122 veron
679 0 100 saint-denis-89
453 0 18 bellechaume
438 0 39 branches
58 0 4 licheres-sur-yonne
804 0 35 champlost
422 0 21 sepeaux
738 0 166 isle-sur-serein
107 0 12 sennevoy-le-haut
601 0 37 montigny-la-resle
513 0 15 villiers-saint-benoît
542 0 71 cheu
767 0 110 cuy-89
97 0 19 chapelle-vaupelteigne
148 0 22 tronchoy
1117 0 74 fleury-la-vallee
127 0 17 pierre-perthuis
443 0 22 sainte-magnance
410 0 72 rousson-89
1767 0 77 venoy
1348 0 150 laroche-saint-cydroine
66 0 19 tharoiseau
221 0 13 fontenouilles
146 0 17 roffey
253 0 35 villeneuve-saint-salves
414 0 49 villevallier
117 0 10 sementron
43 0 6 trichey
135 0 10 sceaux-89
602 0 36 brion-89
351 0 69 cornant
837 0 34 domats
1746 0 74 charbuy
406 0 17 bussy-le-repos-89
230 0 14 bagneaux
1822 0 247 villeblevin
143 0 19 dissangis
7243 0 436 migennes
663 0 26 chatel-censoir
469 0 73 looze
1337 0 87 vinneuf
239 0 8 etivey
413 0 46 etaule
170 0 11 merry-sec
295 0 29 varennes-89
292 0 14 brosses
323 0 24 chassignelles
197 0 23 coulangeron
108 0 11 santigny
820 0 26 magny-89
95 0 10 villon
141 0 16 trucy-sur-yonne
286 0 40 sermizelles
154 0 14 chastellux-sur-cure
410 0 9 massangis
341 0 12 sougeres-en-puisaye
380 0 50 rouvray-89
132 0 18 blannay
217 0 18 provency
1221 0 27 joux-la-ville
49 0 8 menades
99 0 19 argentenay
375 0 15 lainsecq
447 0 30 mige
437 0 60 jussy-89
859 0 25 courson-les-carrieres
151 0 7 villiers-les-hauts
214 0 9 merry-sur-yonne
3166 0 190 villeneuve-la-guyard
556 0 52 coulanges-sur-yonne
1042 0 175 rosoy-89
591 0 24 piffonds
45 0 6 thorey
994 0 38 cerisiers
297 0 14 taingy
299 0 7 druyes-les-belles-fontaines
360 0 27 annay-la-cote
634 0 53 guerchy
309 0 21 charentenay
888 0 21 dixmont
162 0 9 asnieres-sous-bois
573 0 53 collemiers
723 0 15 quarre-les-tombes
437 0 36 lixy
150 0 10 vireaux
610 0 22 arces-dilo
372 0 12 sormery
1239 0 52 egriselles-le-bocage
2364 0 99 saint-julien-du-sault
199 0 18 soumaintrain
456 0 56 egleny
102 0 7 rugny
317 0 64 saint-maurice-le-vieil
152 0 13 postolle
1668 0 74 saint-valerien-89
1587 0 117 seignelay
418 0 43 hauterive-89
161 0 20 compigny
440 0 18 sieges
265 0 21 clerimois
104 0 11 sennevoy-le-bas
557 0 18 ferte-loupiere
325 0 21 vault-de-lugny
676 0 121 chamvres
120 0 8 perrigny-sur-armancon
788 0 40 mont-saint-sulpice
24883 0 1135 sens
195 0 18 pont-sur-vanne
114 0 26 sery-89
465 0 30 gy-l-eveque
573 0 10 mezilles
256 0 30 belliole
336 0 10 champcevrais
51 0 5 pasilly
151 0 18 lucy-sur-yonne
1173 0 167 charmoy-89
177 0 20 givry-89
286 0 24 chigy
1231 0 64 sergines
804 0 43 celle-saint-cyr
680 0 51 ormoy-89
519 0 24 beine
419 0 31 neuilly-89
99 0 27 junay
79 0 14 festigny-89
2338 0 60 chablis
30 0 8 bois-d-arcy-89
184 0 12 saint-andre-en-terre-plaine
421 0 12 saint-cyr-les-colons
241 0 16 villeneuve-la-dondagre
897 0 17 treigny
466 0 15 andryes
39 0 6 courtoin
117 0 4 grimault
486 0 31 villiers-sur-tholon
214 0 14 vernoy-89
260 0 25 courgis
281 0 13 poilly-sur-serein
297 0 26 villiers-vineux
415 0 35 nuits
561 0 31 chapelle-sur-oreuse
10249 0 219 joigny
728 0 67 brannay
148 0 17 savigny-en-terre-plaine
470 0 18 fontaines-89
1217 0 176 villeneuve-l-archeveque
1447 0 60 pourrain
116 0 12 fournaudin
31 0 5 jouancy
555 0 44 vallery
306 0 29 bleigny-le-carreau
678 0 17 ouanne
130 0 17 serrigny
179 0 12 sainte-colombe-sur-loing
36200 0 724 auxerre
161 0 10 malicorne-89
3447 0 359 saint-georges-sur-baulche
700 0 33 champlay
562 0 18 courgenay
123 0 13 chene-arnoult
46 0 5 vezannes
541 0 38 saint-serotin
105 0 17 tissey
218 0 20 lucy-sur-cure
72 0 10 aigremont-89
756 0 43 senan
251 0 8 chatel-gerard
1036 0 60 michery
197 0 23 thory-89
452 0 50 saint-aubin-sur-yonne
444 0 28 saint-martin-sur-ouanne
87 0 12 talcy-89
329 0 12 perreux-89
1151 0 91 perrigny-89
372 0 32 carisey
126 0 12 saint-denis-sur-ouanne
603 0 55 gisy-les-nobles
505 0 47 fontaine-la-gaillarde
1403 0 77 aillant-sur-tholon
143 0 7 jully
4771 0 166 saint-florentin-89
219 0 21 vareilles-89
200 0 7 bierry-les-belles-fontaines
560 0 47 germigny-89
79 0 10 vassy-sous-pisy
109 0 12 blacy-89
163 0 16 lain
