57
87



1 3 12121
1 12 1208
2 3 54224
2 40 4518
3 10 3637
3 12 13230
3 32 5248
3 35 4222
3 40 36529
4 37 5098
4 38 268
5 17 1435
5 42 422
6 7 2546
6 21 546
7 31 1041
8 13 669
8 17 638
9 12 10999
9 29 569
9 41 4369
10 11 2373
10 12 2913
10 28 1597
11 17 903
11 43 1010
12 29 1805
12 32 2023
12 41 3001
13 17 5874
13 19 2487
14 34 2761
14 42 1267
15 32 7323
15 33 2265
16 27 1851
16 32 22744
16 33 6386
17 19 5687
17 35 5481
18 38 933
18 54 878
19 34 2787
20 51 1093
20 55 932
21 22 3334
21 30 2069
22 30 1741
23 24 12724
23 25 5425
23 26 1487
24 25 12247
24 39 3033
25 26 1510
26 39 732
27 32 3565
28 29 127
30 31 3045
30 32 965
30 35 3816
32 33 43647
35 50 140561
35 53 103816
35 54 113690
36 37 3351
36 39 1369
38 45 5855
38 49 4430
42 43 990
44 45 5520
44 46 3974
44 49 4418
45 48 6061
46 47 4375
46 48 4478
47 48 4655
47 52 5488
47 57 5459
48 49 4832
48 57 5524
50 53 4758
51 52 5081
51 53 3677
52 53 5057
54 55 3840
54 56 4736
55 56 4181



343304 0 4773 nice
141438 0 760 aix-en-provence
850726 0 3535 marseille
108954 0 4239 caen
75170 0 2644 rochelle-17
151212 0 3741 dijon
116914 0 1797 besancon
141303 0 2854 brest
142205 0 878 nîmes
441802 0 3734 toulouse
239157 0 4845 bordeaux
257351 0 4524 montpellier
207178 0 4111 rennes
134817 0 3888 tours
155637 0 8584 grenoble
171260 0 2141 saint-etienne
284970 0 4371 nantes
114167 0 4154 orleans
147571 0 3455 angers
179992 0 3837 reims
105421 0 7023 nancy
120738 0 2878 metz
94713 0 7158 roubaix
227560 0 6533 lille
91923 0 6051 tourcoing
92005 0 2096 dunkerque
139860 0 3277 clermont-ferrand
81166 0 2575 pau
117419 0 1724 perpignan
271782 0 3472 strasbourg
109588 0 4940 mulhouse
484344 0 10117 lyon
145150 0 9996 villeurbanne
142626 0 2700 le-mans
2243833 0 21288 paris
110933 0 5188 rouen
175497 0 3737 havre
86110 0 3289 versailles
133448 0 2698 amiens
164532 0 3840 toulon
89683 0 1381 avignon
87697 0 2082 poitiers
139150 0 1783 limoges
79426 0 5403 rueil-malmaison
114205 0 18509 boulogne-billancourt
82327 0 17080 asnieres-sur-seine
85398 0 10934 colombes
87469 0 20975 courbevoie
89185 0 7316 nanterre
102770 0 11521 montreuil-93
82120 0 5069 aulnay-sous-bois
106785 0 8639 saint-denis-93
76087 0 13209 aubervilliers
85413 0 7319 vitry-sur-seine
75510 0 6682 champigny-sur-marne
89985 0 7852 creteil
103125 0 5988 argenteuil
