293
424



1 78 124
1 90 317
1 101 7477
1 158 156
1 219 102
1 287 341
2 239 3
2 272 7
3 34 6
3 149 30
4 151 1
4 206 1
5 137 1
5 187 1
6 100 5
6 159 10
7 136 17
7 160 4
8 66 1
8 271 5
9 190 6
9 218 40
10 19 1
10 46 2
10 54 2
10 189 1
11 113 13
11 175 26
11 179 5
12 105 2
12 278 1
13 86 4
13 117 2
14 157 6
14 165 13
15 99 1
15 200 4
16 38 72
16 61 16
16 80 9
17 29 6
17 67 1
17 73 4
17 187 1
17 248 2
18 124 1
18 291 1
19 275 1
20 178 4
20 254 6
21 79 1
21 134 1
21 233 1
22 193 30
22 292 20
23 33 1
23 82 1
24 35 1
24 243 1
25 173 1
25 214 1
25 232 1
26 135 6
26 159 15
27 234 3
27 283 5
28 59 381
28 83 621
28 107 1555
29 73 6
30 220 4
30 243 3
31 41 1
31 286 1
32 202 10
32 244 25
33 150 3
33 163 3
33 230 3
34 202 4
35 98 1
35 277 1
36 177 1
36 208 1
37 192 5
37 198 108
38 62 697
38 126 98
39 222 219
39 246 78
40 92 4
40 187 1
41 143 1
42 68 1
42 181 2
42 216 6
43 53 5
43 120 27
43 192 3
43 198 66
44 222 57
44 246 20
45 128 1
45 143 1
46 64 1
46 130 2
46 243 1
47 59 75
47 84 17
47 107 307
48 119 1
48 178 2
48 254 3
49 98 1
49 277 1
50 238 1
50 261 1
50 265 1
51 213 1
51 245 1
52 75 1
52 262 1
53 152 10
54 233 2
54 271 9
55 201 1
55 267 1
56 116 1
56 154 1
56 167 1
57 254 1
57 281 1
58 133 2
58 223 1
60 84 7
60 152 18
61 88 9
61 126 21
61 168 6
62 190 109
62 211 143
62 218 763
63 201 1
63 208 1
63 215 1
64 221 1
65 88 3
65 126 6
65 203 1
65 216 8
66 232 1
67 137 1
67 187 1
68 155 1
68 203 1
69 171 9
69 242 12
69 292 10
70 256 1
70 268 1
71 72 1
71 256 1
71 268 1
72 85 1
72 256 1
73 92 8
73 248 2
74 113 17
74 132 1
74 150 6
75 228 1
75 262 1
76 90 106
76 242 23
76 260 48
77 94 1
77 271 4
78 175 56
79 109 1
79 236 1
80 136 21
80 177 5
81 163 6
81 257 7
82 241 1
82 289 1
83 260 95
84 152 9
84 240 7
85 162 1
85 231 1
86 117 4
87 102 1
87 104 1
88 228 1
89 204 1
89 270 1
90 158 127
90 171 39
91 139 1
91 262 1
92 248 4
93 123 2
93 220 4
93 225 2
93 243 3
94 271 4
95 142 1
95 168 1
95 177 2
95 207 1
96 149 28
96 222 52
97 117 5
97 237 9
98 130 2
98 243 1
98 288 1
99 284 1
100 135 5
100 159 12
101 156 43647
102 104 1
102 111 1
102 229 1
103 109 1
103 114 1
103 134 1
103 276 1
104 258 1
105 129 4
105 140 6
105 234 3
106 151 1
106 261 1
106 286 1
108 129 2
108 147 5
108 164 6
109 229 1
110 177 1
110 208 1
111 212 1
111 229 1
112 172 1
112 188 1
112 258 1
113 133 10
113 149 33
113 170 11
114 258 1
114 276 1
115 224 2
115 284 2
116 154 1
117 131 4
118 127 1
118 205 1
118 272 5
118 279 1
119 281 1
120 138 73
120 235 192
121 156 3718
122 185 3
122 279 2
122 282 30
122 292 6
123 225 1
124 259 1
124 291 1
125 136 4
125 273 1
127 195 1
128 266 1
128 268 1
129 140 2
130 213 3
130 243 1
130 277 1
131 193 13
131 227 6
132 241 1
133 170 6
135 159 10
135 194 2
135 285 2
138 235 155
139 264 1
140 247 3
140 250 1
140 278 1
141 167 1
141 206 1
142 207 1
143 266 1
144 236 1
144 271 3
145 168 1
145 177 2
145 264 1
145 280 1
146 191 1
146 194 1
147 164 7
147 283 5
148 173 1
148 209 1
152 240 21
153 203 1
153 216 2
155 161 1
157 165 2
157 191 1
159 285 6
160 204 1
160 255 1
160 267 2
160 270 1
161 172 1
162 231 1
162 255 1
163 230 3
164 244 20
165 251 9
166 219 52
166 287 175
167 206 1
168 177 1
168 180 1
168 262 1
169 223 1
169 272 2
171 175 22
172 188 1
173 232 1
174 221 1
174 243 1
174 289 1
175 179 16
175 185 14
176 205 1
176 252 1
177 208 1
178 253 2
179 185 3
180 262 1
181 234 2
182 210 1
182 231 1
183 289 1
183 290 1
184 263 1
184 267 1
186 210 1
186 231 1
188 258 1
189 275 1
191 251 4
191 269 2
191 283 2
193 227 8
193 237 9
195 205 1
196 251 9
196 283 5
197 231 1
197 256 1
198 235 480
199 213 3
199 230 3
200 230 8
200 257 8
200 284 5
201 215 1
202 244 18
204 267 2
205 252 1
205 282 18
209 212 1
211 246 22
212 229 1
213 230 3
213 245 1
214 248 1
217 235 612
219 287 88
220 226 1
220 243 1
220 249 1
223 259 1
224 233 2
224 271 9
224 293 1
225 288 1
226 249 1
227 237 4
227 242 7
231 255 1
233 271 16
236 271 6
237 242 8
237 260 16
238 261 1
238 267 1
239 272 7
239 279 2
243 290 1
245 293 1
247 274 2
250 278 1
253 282 29
254 281 1
261 286 1
263 267 2
264 280 1
265 268 1
269 283 5
270 273 1
274 276 2
274 284 1
276 284 2
279 282 15
289 290 1



25152 0 5716 oullins
2160 0 132 saint-maurice-sur-dargoire
5018 0 673 grezieu-la-varenne
310 0 30 thel
518 0 38 mardore
2480 0 285 cailloux-sur-fontaines
3347 0 269 saint-jean-d-ardieres
746 0 51 saint-clement-sur-valsonne
2148 0 417 sathonay-village
2743 0 1067 albigny-sur-saone
3769 0 265 soucieu-en-jarrest
887 0 212 marcilly-d-azergues
1603 0 128 marennes-69
7275 0 1329 neuville-sur-saone
1107 0 333 eveux
3300 0 188 arnas
2393 0 1233 thizy-69
1178 0 84 saint-didier-sous-riverie
331 0 31 affoux
3831 0 415 condrieu
786 0 282 olmes
8943 0 1555 grigny-69
543 0 61 chevinay
707 0 138 souzy
164 0 28 saint-appolinaire
3790 0 1002 collonges-au-mont-d-or
3065 0 541 lissieu
59855 0 3904 venissieux
3857 0 197 cours-la-ville
3849 0 99 saint-martin-en-haut
470 0 29 propieres
4698 0 1137 charbonnieres-les-bains
2474 0 328 saint-pierre-la-palud
1872 0 322 sainte-consorce
462 0 149 halles
693 0 99 saint-etienne-la-varenne
5768 0 476 jonage
35326 0 3726 villefranche-sur-saone
19511 0 2504 tassin-la-demi-lune
1102 0 71 saint-jean-la-bussiere
125 0 29 azolette
1752 0 279 lucenay
3565 0 273 pusignan
5076 0 1959 champagne-au-mont-d-or
597 0 21 saint-igny-de-vers
1347 0 58 montrottier
11793 0 1019 mions
1897 0 1185 sainte-colombe-69
826 0 53 chambost-longessaigne
574 0 24 ardillats
496 0 94 bibost
784 0 77 ville-sur-jarnioux
2449 0 88 colombier-saugnieu
1422 0 63 saint-forgeux
811 0 109 lantignie
698 0 28 saint-nizier-d-azergues
751 0 47 haies
1148 0 90 rontalon
10210 0 859 corbas
4547 0 155 saint-pierre-de-chandieu
7639 0 730 gleize
41209 0 3943 caluire-et-cuire
1152 0 233 cercie
767 0 62 brullioles
2254 0 290 pommiers-69
851 0 46 valsonne
212 0 36 chapelle-de-mardore
634 0 190 marcy-69
4421 0 868 charly-69
117 0 14 trades
61 0 19 saint-mamert
339 0 16 ouroux
2627 0 181 bourg-de-thizy
4897 0 218 vaugneray
591 0 140 jarnioux
8320 0 941 irigny
662 0 26 joux
7978 0 488 chaponost
449 0 66 dareize
4227 0 153 saint-georges-de-reneins
5355 0 291 lentilly
1161 0 42 courzieu
16666 0 2750 saint-fons
2389 0 475 toussieu
131 0 13 avenas
3695 0 195 chaponnay
308 0 41 sainte-paule
1869 0 351 liergues
801 0 121 lancie
20357 0 1575 saint-genis-laval
558 0 34 rivolet
5205 0 135 amplepuis
3465 0 851 saint-symphorien-sur-coise
631 0 50 sauvages
1395 0 95 perreon
4640 0 1240 saint-genis-les-ollieres
5308 0 397 saint-symphorien-d-ozon
1359 0 66 haute-rivoire
647 0 320 nuelles
2929 0 1068 fontaines-saint-martin
484344 0 10117 lyon
811 0 89 saint-laurent-d-oingt
454 0 80 breuil-69
618 0 157 oingt
3911 0 658 chazay-d-azergues
1081 0 34 poule-les-echarmeaux
41964 0 1412 saint-priest-69
2737 0 379 dommartin-69
1094 0 62 saint-verand-69
1128 0 81 charentay
945 0 64 letra
803 0 234 frontenas
5519 0 489 brindas
597 0 150 legny
2069 0 164 bully-69
639 0 22 claveisolles
1635 0 156 simandres
1564 0 157 saint-andeol-le-chateau
1224 0 203 saint-cyr-sur-le-rhone
12126 0 508 genas
41421 0 1977 vaulx-en-velin
2539 0 305 montagny-69
1023 0 78 pomeys
284 0 676 riverie
902 0 118 taponas
4435 0 803 limas
831 0 149 saint-jean-de-touslas
374 0 17 saint-bonnet-des-bruyeres
1456 0 290 civrieux-d-azergues
1868 0 108 saint-laurent-de-chamousset
4006 0 380 communay
256 0 96 saint-laurent-de-vaux
2917 0 150 thurins
891 0 89 sarcey-69
2527 0 812 couzon-au-mont-d-or
7916 0 759 belleville-69
515 0 126 pont-trambouze
9675 0 836 chassieu
385 0 90 montmelas-saint-sorlin
2427 0 441 lozanne
230 0 25 meaux-la-montagne
123 0 19 saint-cyr-le-chatoux
225 0 25 saint-clement-de-vers
533 0 44 saint-marcel-l-eclaire
1405 0 127 blace
1088 0 359 curis-au-mont-d-or
3215 0 383 limonest
1215 0 79 grandris
9558 0 2068 craponne
2042 0 129 pollionnay
320 0 21 ranchal
6466 0 395 saint-bonnet-de-mure
572 0 125 amberieux
1048 0 67 lamure-sur-azergues
1076 0 152 charnay-69
145150 0 9996 villeurbanne
1344 0 461 fleurieu-sur-saone
9982 0 2228 pierre-benite
6306 0 2718 fontaines-sur-saone
1926 0 102 villie-morgon
692 0 191 alix
321 0 16 vauxrenard
1908 0 191 sourcieux-les-mines
3709 0 439 tour-de-salvagny
2781 0 388 montanay
12929 0 1580 francheville-69
312 0 19 saint-bonnet-le-troncy
1316 0 138 denice
671 0 142 saint-sorlin
3321 0 299 messimy
3101 0 553 vourles
695 0 94 bagnols-69
759 0 43 saint-just-d-avray
1045 0 98 saint-genis-l-argentiere
11350 0 1095 brignais
695 0 91 treves-69
1864 0 192 saint-etienne-des-oullieres
1687 0 125 saint-romain-en-gal
2250 0 215 orlienas
896 0 266 lacenas
2075 0 224 morance
838 0 110 julienas
770 0 67 duerne
448 0 25 marchampt
2006 0 247 taluyers
415 0 42 jullie
617 0 70 marnand
1069 0 89 theize
598 0 50 longessaigne
4236 0 2161 sathonay-camp
1263 0 203 poleymieux-au-mont-d-or
1298 0 175 jons
5335 0 661 ternay-69
1024 0 390 saint-romain-au-mont-d-or
501 0 123 saint-romain-en-gier
3002 0 169 quincieux
395 0 14 cenves
30272 0 1315 meyzieu
1938 0 90 savigny-69
6036 0 1796 arbresle
1044 0 89 regnie-durette
3506 0 652 marcy-l-etoile
903 0 255 chassagne-69
1244 0 89 fleurie
1539 0 73 echalas
673 0 48 saint-vincent-de-reins
1043 0 58 vaux-en-beaujolais
825 0 91 odenas
784 0 55 chambost-allieres
530 0 64 chenas
5587 0 766 saint-cyr-au-mont-d-or
676 0 46 chamelet
2251 0 160 bessenay
598 0 26 ronno
930 0 120 saint-lager
5927 0 389 anse
38717 0 3758 bron
29952 0 2068 rillieux-la-pape
6480 0 3560 mulatiere
1780 0 52 larajasse
1175 0 174 brussieu
17998 0 2129 ecully
972 0 123 chaussan
1431 0 84 saint-romain-de-popey
753 0 65 grezieu-le-marche
532 0 80 chapelle-sur-coise
2488 0 626 serezin-du-rhone
910 0 238 pouilly-le-monial
724 0 67 ternand
2242 0 609 sain-bel
218 0 72 emeringes
187 0 20 dieme
2483 0 524 pontcharra-sur-turdine
1376 0 252 cheres
25562 0 1502 decines-charpieu
979 0 101 saint-loup-69
2777 0 342 solaize
646 0 44 saint-didier-sur-beaujeu
2111 0 200 saint-laurent-d-agny
5100 0 273 saint-laurent-de-mure
1036 0 96 yzeron
4473 0 1109 vernaison
1246 0 809 sainte-foy-l-argentiere
8454 0 604 dardilly
535 0 40 saint-julien-sur-bibost
6419 0 769 saint-didier-au-mont-d-or
2190 0 204 chatillon-69
1248 0 80 cublize
741 0 82 coise
638 0 422 belmont-d-azergues
5014 0 590 genay-69
869 0 36 longes
2412 0 145 loire-sur-rhone
2641 0 169 ampuis
378 0 51 chiroubles
110 0 14 saint-jacques-des-arrets
2222 0 233 fleurieux-sur-l-arbresle
204 0 100 moire
282 0 59 saint-andre-la-cote
9237 0 958 feyzin
111 0 19 vernay
1106 0 189 cogny-69
1199 0 54 quincie-en-beaujolais
803 0 184 salles-arbuissonnas-en-beaujolais
959 0 48 monsols
241 0 18 aigueperse-69
2036 0 114 beaujeu-69
236 0 16 saint-christophe-69
2766 0 509 saint-germain-au-mont-d-or
796 0 85 corcelles-en-beaujolais
10333 0 738 tarare
5514 0 349 mornant
962 0 64 drace
1752 0 385 chessy-69
830 0 58 villecheneve
2242 0 437 bois-d-oingt
655 0 52 saint-clement-les-places
388 0 150 saint-jean-des-vignes
1245 0 133 chassagny
816 0 118 saint-julien-69
616 0 74 tupin-et-semons
19118 0 1102 givors
2672 0 209 chasselay-69
1352 0 207 saint-germain-sur-l-arbresle
1525 0 1182 rochetaillee-sur-saone
326 0 29 chenelette
21742 0 3183 sainte-foy-les-lyon
717 0 48 meys
426 0 38 montromant
1110 0 66 aveize
904 0 65 sainte-catherine-69
3549 0 384 millery-69
580 0 48 ancy
