594
837



1 140 1
1 363 1
2 429 1
2 439 1
3 520 1
3 581 1
4 249 1
4 353 1
5 59 1
5 155 1
5 592 1
6 425 1
6 593 1
7 398 1
7 442 1
8 51 1
8 389 1
8 477 1
9 567 27
10 73 1
10 249 2
11 43 1
11 80 1
11 270 1
11 313 1
11 459 1
11 512 1
12 474 1
12 579 1
13 103 1
13 572 1
13 584 1
14 60 1
14 64 1
14 303 1
15 140 1
15 235 1
15 441 1
16 357 1
16 423 1
17 351 1
17 538 1
18 244 1
18 536 1
19 329 2
19 474 1
20 343 4
20 348 1
20 569 3
21 89 1
21 334 1
22 112 1
22 517 1
22 544 1
23 125 45
23 263 508
24 249 1
24 259 1
24 478 1
25 88 3
25 243 1
26 69 1
26 122 1
26 386 1
26 409 1
27 372 1
27 385 1
27 494 1
27 543 1
28 270 1
28 304 1
28 507 1
29 442 1
29 498 1
29 566 1
30 179 1
30 244 1
30 536 1
31 204 1
31 388 1
32 162 1
32 453 1
33 419 1
33 541 1
34 111 1
34 463 1
35 466 1
35 573 1
36 118 1
36 274 1
36 545 1
37 374 1
37 380 1
38 153 1
38 212 1
39 165 1
39 431 1
40 315 1
40 414 1
40 441 1
41 50 1
41 86 1
41 363 1
42 146 6
42 191 2
43 130 1
43 237 1
43 281 1
43 313 1
44 321 1
44 578 2
45 171 1
45 192 1
45 342 1
46 445 1
46 519 1
47 455 1
47 457 1
47 467 1
48 367 1
48 416 1
48 485 1
49 291 1
49 368 1
50 306 1
50 513 1
51 403 1
51 477 1
52 94 1
52 153 1
53 82 1
53 324 1
54 364 1
54 533 1
54 554 1
55 487 1
55 584 1
56 276 1
56 290 1
57 272 1
57 547 1
58 79 1
58 240 1
58 551 1
59 63 1
60 303 1
60 305 1
60 375 1
61 189 1
61 399 1
62 93 23
62 183 24
62 248 40
62 343 6
63 206 1
63 288 1
63 574 1
64 303 1
65 546 1
65 550 1
66 226 1
66 451 1
66 494 1
66 497 1
67 242 1
67 553 1
68 214 1
68 295 1
69 386 1
70 351 1
70 538 1
71 296 1
71 329 1
71 396 1
72 153 1
72 340 1
72 415 1
73 249 1
74 345 1
74 388 1
74 583 1
75 189 1
75 269 1
75 483 1
76 340 1
76 495 1
77 84 2
77 526 41
77 580 2
78 135 3
78 175 1
78 322 1
79 147 1
80 507 1
81 109 1
81 179 1
81 244 1
81 344 1
82 261 1
82 324 1
82 384 1
83 339 1
83 349 3
84 382 1
85 90 1
85 184 1
85 549 1
86 350 1
86 363 1
87 128 1
87 313 1
88 255 50
89 325 1
89 436 1
89 521 1
89 555 1
90 501 1
91 408 7
91 524 2
91 529 2
92 188 1
92 227 1
92 424 1
92 552 1
93 95 12
93 337 12
94 415 1
95 337 4
96 180 11
96 230 2
96 500 14
97 216 1
97 282 1
98 145 1
98 376 1
98 576 1
99 190 1
99 315 1
99 366 1
100 385 1
100 435 1
100 489 1
101 207 2
101 354 1
102 278 3
102 504 46
103 108 1
103 584 1
104 236 1
104 452 1
104 539 1
105 216 1
105 405 1
106 368 1
106 575 1
107 163 1
107 229 1
107 356 1
108 160 1
109 244 1
109 369 1
110 178 1
110 301 1
111 287 1
111 311 1
111 463 1
112 472 1
112 480 1
113 139 1
113 326 1
114 256 1
114 302 1
114 398 1
114 515 1
115 363 1
115 399 1
116 275 1
116 579 1
117 335 1
117 573 1
118 543 1
119 125 35
119 278 9
119 289 2
119 591 5
120 245 1
120 593 1
121 458 1
121 585 1
122 144 1
122 493 1
123 124 19
123 490 3
124 516 25
126 238 1
126 317 1
127 352 1
127 465 1
127 581 1
128 313 1
129 364 1
129 510 1
130 237 1
131 447 1
131 505 1
131 544 1
132 294 1
132 341 1
133 165 1
133 367 1
133 472 1
134 150 9
134 364 3
135 143 12
135 175 4
135 392 3
135 437 40
136 348 1
136 553 1
137 199 1
137 528 1
138 302 8
138 515 1
139 326 1
139 357 1
140 211 1
140 235 1
141 346 1
141 374 1
142 427 1
142 443 1
143 375 1
144 219 1
145 319 1
145 455 1
146 448 18
147 267 1
148 462 1
148 492 11
149 284 1
149 318 1
149 588 1
150 299 2
150 328 7
150 567 31
151 253 1
151 273 1
151 315 1
151 370 1
152 298 1
152 373 1
152 594 1
153 212 1
153 340 1
154 305 2
154 564 2
155 199 1
155 528 1
156 214 1
156 563 1
157 218 1
157 411 1
158 348 1
158 569 1
159 202 1
159 445 1
160 398 1
160 588 1
161 414 1
161 443 1
161 509 1
162 496 1
163 356 1
163 454 1
163 585 1
163 593 1
164 503 1
164 525 1
165 431 1
166 184 1
166 549 1
167 530 1
167 559 1
168 243 1
168 500 1
169 220 1
169 562 2
170 241 1
170 495 1
171 198 1
171 291 1
171 519 1
172 230 1
172 559 1
173 383 1
173 579 1
174 410 1
174 511 3
175 392 1
176 290 1
176 589 1
177 434 1
177 476 1
178 203 1
178 209 1
179 244 1
179 304 1
181 196 1
181 317 1
181 453 1
182 284 1
182 516 18
183 339 4
183 349 9
184 549 1
185 307 1
185 379 1
186 425 1
186 450 1
186 506 1
187 284 1
187 515 1
187 588 1
188 412 1
188 441 1
189 399 1
190 483 1
191 243 1
191 307 1
191 379 1
192 313 1
192 505 1
193 201 1
193 216 1
194 535 1
194 551 1
195 251 1
195 449 1
196 377 1
196 496 1
197 295 1
197 409 1
198 281 1
198 523 1
199 250 1
199 279 1
199 528 1
200 407 1
200 522 1
201 216 1
201 557 1
202 260 1
202 418 2
202 445 1
203 276 1
204 388 1
204 589 1
205 378 21
206 256 1
207 272 1
207 354 1
207 419 1
208 247 1
208 295 1
209 360 1
209 587 1
210 247 1
210 295 1
211 412 1
213 319 1
213 489 1
213 542 1
213 571 1
214 390 1
215 218 1
215 562 1
215 563 1
216 282 1
217 267 1
217 426 1
217 535 1
218 411 1
219 409 1
220 347 1
220 562 1
221 301 1
221 530 1
222 275 1
222 358 1
222 483 1
222 579 1
222 582 1
223 340 1
223 476 1
224 380 1
224 565 1
225 280 1
225 402 1
225 413 1
226 429 1
227 384 1
227 486 1
227 565 1
228 246 1
228 264 1
228 352 1
229 353 1
229 356 1
230 482 1
231 312 1
231 428 2
232 359 1
232 550 1
233 458 1
233 560 1
234 311 1
234 438 1
234 538 1
235 441 1
236 452 1
236 539 1
238 317 1
239 408 10
239 524 2
240 449 1
241 495 1
242 314 1
242 397 1
245 397 1
245 548 1
245 558 1
246 449 1
248 428 33
249 478 1
250 279 1
251 266 1
252 464 2
252 468 1
252 473 1
253 273 1
253 298 1
253 474 1
254 327 1
254 338 1
254 471 1
254 566 1
255 499 52
256 496 1
257 406 1
257 510 1
257 525 1
258 388 1
258 470 1
259 561 1
260 367 1
261 479 1
261 527 1
261 587 1
262 314 1
262 590 1
264 581 1
265 469 1
265 501 1
265 549 1
266 331 1
266 352 1
266 420 1
267 268 1
267 535 1
268 333 1
268 535 1
269 358 1
270 507 1
271 368 1
271 466 1
272 354 1
272 547 1
273 315 1
273 366 1
274 545 1
275 358 1
275 383 1
276 355 1
277 334 1
277 555 1
278 289 1
278 572 1
280 568 1
281 313 1
281 505 1
281 523 1
282 405 1
283 310 1
283 413 1
285 508 3
285 567 7
286 308 1
286 382 1
287 463 1
287 476 1
288 377 1
289 572 1
290 589 1
291 368 1
292 393 1
292 518 1
293 335 1
293 387 1
293 573 1
294 341 1
294 590 1
296 396 1
297 432 1
297 468 1
298 474 1
299 364 1
300 400 1
300 422 1
301 530 1
302 492 47
302 574 1
303 375 1
305 520 1
305 564 1
306 358 1
307 379 1
308 481 1
308 573 1
309 520 1
309 581 2
310 400 1
310 413 1
310 422 1
312 348 1
314 397 1
315 366 1
316 410 2
316 511 14
318 371 1
318 487 1
318 588 1
319 542 1
320 360 1
320 518 1
321 328 1
321 578 1
322 434 1
323 380 1
323 384 1
325 555 1
327 338 1
328 357 1
328 578 2
329 492 42
330 360 1
330 492 2
331 345 1
331 470 1
332 498 1
332 545 1
333 535 1
334 440 1
335 395 1
336 421 1
336 451 1
336 497 1
339 349 1
340 495 1
342 519 1
344 369 1
344 575 1
345 465 1
346 546 1
346 592 1
347 407 1
347 475 1
347 522 1
348 569 1
350 358 1
350 513 1
351 538 1
352 420 1
352 534 1
353 362 1
353 560 1
354 395 1
355 456 1
355 527 1
359 474 1
359 550 1
360 557 1
361 419 1
361 564 1
362 560 3
364 510 1
365 427 1
365 460 1
365 565 1
365 594 1
367 416 1
369 481 1
370 373 1
371 487 1
371 588 1
372 543 1
374 380 1
374 401 1
376 455 1
376 457 1
376 577 1
377 496 1
378 556 18
380 565 1
381 437 7
381 532 1
383 483 1
383 582 1
385 435 1
385 489 1
386 493 1
387 526 20
388 470 1
389 477 1
389 574 1
390 563 1
391 472 1
391 485 1
391 497 1
393 518 1
394 428 7
394 568 5
400 422 1
401 403 1
401 462 1
402 413 1
403 462 1
403 592 1
404 436 1
404 521 1
406 525 1
408 504 124
408 511 29
408 524 6
411 563 1
413 570 1
417 432 1
417 554 1
418 511 9
419 438 1
420 534 1
421 471 1
423 537 1
423 540 1
424 552 1
425 454 1
426 551 1
427 460 1
428 430 12
429 439 1
430 440 1
430 521 1
430 570 2
432 554 1
433 510 1
433 533 1
434 476 1
435 484 1
436 521 1
437 532 1
437 562 35
438 538 1
439 545 1
440 521 1
442 461 1
442 566 1
443 460 1
443 486 1
443 509 1
444 497 1
444 571 1
446 468 1
446 554 1
447 480 1
447 505 1
447 523 1
448 502 41
450 506 1
451 494 1
452 539 1
454 585 1
455 457 1
456 479 1
456 587 1
459 512 1
460 565 1
461 566 1
462 492 25
463 476 1
464 473 3
464 567 22
466 573 1
467 489 1
469 501 1
469 541 1
469 580 1
472 485 1
474 550 1
475 522 1
477 574 1
479 587 1
482 514 1
484 543 1
488 504 112
490 591 1
491 503 1
491 540 1
494 497 1
494 517 1
496 498 1
500 514 1
501 541 1
501 549 1
503 540 1
505 523 1
508 567 10
510 525 1
511 529 8
512 576 1
512 577 1
528 546 1
530 559 1
530 583 1
531 586 132
533 561 1
537 540 1
542 544 1
548 558 1



357 0 19 bertrambois
810 0 182 roville-devant-bayon
637 0 85 millery-54
412 0 29 norroy-le-sec
1365 0 57 gerbeviller
479 0 33 fillieres
56 0 19 haigneville
968 0 171 rehainviller
6829 0 2147 joeuf
2469 0 528 piennes
120 0 15 beuvezin
379 0 30 merviller
337 0 50 manoncourt-en-vermois
177 0 30 ville-au-val
1143 0 154 blamont-54
218 0 20 bruville
342 0 15 royaumeix
378 0 28 uruffe
534 0 55 deneuvre
3100 0 417 haucourt-moulaine
400 0 95 saint-jean-les-longuyon
60 0 13 clerey-sur-brenon
7723 0 1391 tomblaine
180 0 14 gondrecourt-aix
645 0 488 dommartemont
124 0 13 hageville
454 0 40 xirocourt
79 0 8 gemonville
121 0 20 froville
573 0 33 vannes-le-chatel
486 0 39 moncel-sur-seille
82 0 10 loromontzey
290 0 26 francheville-54
446 0 52 domevre-en-haye
256 0 26 crezilles
172 0 27 lebeuville
395 0 102 thiebaumenil
118 0 14 seicheprey
224 0 39 parey-saint-cesaire
291 0 19 domevre-sur-vezouze
364 0 20 petitmont
2541 0 219 lay-saint-christophe
206 0 20 vandeleville
1106 0 136 moineville
602 0 20 favieres-54
44 0 20 marthemont
93 0 17 forcelles-sous-gugney
1227 0 131 pulligny
197 0 16 germiny
48 0 2 saint-sauveur-54
954 0 76 herimenil
98 0 14 hamonville
71 0 11 vaucourt
231 0 29 abbeville-les-conflans
740 0 59 tonnoy
67 0 10 juvrecourt
1435 0 80 velaine-en-haye
201 0 25 thezey-saint-martin
88 0 11 haudonville
249 0 58 bezaumont
113 0 19 nonhigny
4462 0 1260 herserange
52 0 11 franconville-54
136 0 24 landremont
383 0 32 flin
189 0 20 vaudeville-54
163 0 38 bazailles
167 0 19 vieville-en-haye
641 0 33 chambley-bussieres
135 0 37 sanzey
479 0 107 thiaville-sur-meurthe
169 0 18 bernecourt
886 0 110 landres
89 0 20 erbeviller-sur-amezule
60 0 16 montreux
185 0 22 pannes-54
4245 0 412 ecrouves
1167 0 72 montauville
43 0 11 phlin
83 0 14 tramont-lassus
378 0 34 barisey-au-plain
121 0 19 xousse
3390 0 220 hussigny-godbrange
709 0 59 choloy-menillot
532 0 42 trondes
656 0 35 val-et-chatillon
78 0 14 dommarie-eulmont
8094 0 1074 malzeville
186 0 35 epiez-sur-chiers
384 0 16 boucq
1822 0 354 messein
409 0 181 avricourt-54
8117 0 922 mont-saint-martin-54
53 0 11 grosrouvres
2450 0 763 longlaville
4486 0 1199 pulnoy
447 0 57 anthelupt
67 0 15 pulney
254 0 20 ancerviller
499 0 45 diarville
2809 0 112 gondreville-54
2368 0 654 houdemont
416 0 87 azelot
173 0 32 gezoncourt
408 0 56 deuxville
476 0 28 allain
289 0 30 anderny
92 0 16 burthecourt-aux-chenes
201 0 51 barisey-la-cote
256 0 16 serres-54
228 0 18 minorville
167 0 35 omelmont
1276 0 200 batilly-54
256 0 32 mehoncourt
93 0 22 tanconville
236 0 10 neufmaisons
936 0 55 bicqueley
3 0 0 lemenil-mitry
6012 0 482 laneuveville-devant-nancy
147 0 20 preutin-higny
349 0 26 sancy-54
65 0 7 dampvitoux
7697 0 935 saint-nicolas-de-port
3953 0 328 varangeville
9385 0 3862 jarville-la-malgrange
47 0 13 vennezey
1319 0 76 faulx
64 0 27 etreval
189 0 28 boncourt-54
58 0 25 gelaucourt
257 0 61 vroncourt
290 0 51 doncourt-les-longuyon
325 0 113 pierreville-54
1679 0 282 labry
4374 0 456 blenod-les-pont-a-mousson
574 0 56 baslieux
342 0 29 magnieres
3048 0 375 damelevieres
318 0 28 jouaville
196 0 14 fremonville
388 0 56 laronxe
74 0 15 saint-martin-54
4558 0 257 dieulouard
41 0 15 dommartin-la-chaussee
80 0 13 vaudemont
4101 0 997 bouxieres-aux-dames
102 0 27 rouves
869 0 120 jolivet
128 0 31 saffais
8519 0 546 jarny
128 0 21 reherrey
74 0 24 reclonville
183 0 17 mandres-aux-quatre-tours
1776 0 167 marbache
527 0 22 moyen
344 0 55 villers-sous-preny
485 0 44 lesmenils
1125 0 98 morfontaine
930 0 59 maizieres-54
66 0 21 domptail-en-l-air
33 0 13 gondrexon
96 0 20 borville
148 0 33 malavillers
289 0 33 hannonville-suzemont
239 0 62 houdelmont
2767 0 108 foug
171 0 24 drouville
257 0 63 dommartin-sous-amance
605 0 115 arnaville
101 0 8 euvezin
192 0 17 selaincourt
269 0 38 buissoncourt
57 0 16 veney
658 0 46 sexey-aux-forges
1526 0 843 maidieres
165 0 12 athienville
95 0 8 martincourt-54
167 0 26 valhey
354 0 19 saulxures-les-vannes
3884 0 550 saulxures-les-nancy
77 0 9 saint-boingt
2866 0 106 rosieres-aux-salines
9421 0 1436 villerupt
346 0 91 lay-saint-remy
363 0 71 laître-sous-amance
786 0 153 errouville
423 0 39 barbonville
123 0 15 autrepierre
64 0 16 halloville
88 0 26 saint-maurice-aux-forges
997 0 125 eulmont
304 0 27 laloeuf
905 0 237 sommerviller
1168 0 65 nomeny
331 0 32 arraye-et-han
183 0 19 rozelieures
186 0 36 rembercourt-sur-mad
393 0 32 goviller
148 0 20 vallois-54
444 0 38 waville
943 0 88 crevic
1349 0 229 bainville-sur-madon
60 0 9 bathelemont
366 0 39 sorneville
6693 0 516 frouard
94 0 16 landecourt
1077 0 62 villey-saint-etienne
1239 0 65 thiaucourt-regnieville
158 0 24 bauzemont
120 0 14 xammes
47 0 5 gogney
68 0 21 beaumont-54
268 0 30 praye
150 0 11 vilcey-sur-trey
132 0 32 vittonville
208 0 57 flainval
202 0 39 raucourt
280 0 36 bouxieres-sous-froidmont
74 0 7 charey
374 0 24 preny
522 0 38 remereville
1637 0 74 badonviller
211 0 11 limey-remenauville
545 0 58 benamenil
579 0 70 cons-la-grandville
130 0 24 crantenoy
161 0 10 leintrey
254 0 42 sivry
1009 0 135 mont-bonvillers
586 0 71 cerville
966 0 161 cutry-54
289 0 26 fontenoy-la-joûte
240 0 52 bettainvillers
229 0 21 manoncourt-en-woevre
152 0 20 barbas
171 0 24 rogeville
106 0 16 battigny
75 0 9 giriviller
2487 0 346 richardmenil
233 0 31 letricourt
70 0 7 saint-baussant
1359 0 165 mercy-le-bas
426 0 102 agincourt
511 0 70 allamps
264 0 21 xivry-circourt
784 0 175 jeandelaincourt
127 0 23 bouillonville
14420 0 2700 longwy
1201 0 215 joudreville
99 0 18 seranville
213 0 57 armaucourt
608 0 82 mance
125 0 12 brouville
249 0 37 neuviller-sur-moselle
9930 0 5367 saint-max
327 0 44 einvaux
252 0 26 olley
1208 0 109 champenoux
84 0 9 bechamps
771 0 104 xeuilley
126 0 18 xures
470 0 86 boismont-54
105421 0 7023 nancy
829 0 40 belleau-54
580 0 54 lucey-54
956 0 89 leyr
517 0 54 clemery
234 0 36 port-sur-seille
80 0 18 parux
54 0 7 tramont-saint-andre
475 0 26 ochey
544 0 42 aingeray
133 0 21 montigny-54
251 0 43 gripport
411 0 30 pexonne
78 0 14 rechicourt-la-petite
82 0 10 petit-failly
2360 0 318 fleville-devant-nancy
69 0 13 mattexey
563 0 140 villers-la-chevre
226 0 19 vitrey
316 0 105 hudiviller
423 0 49 fresnois-la-montagne
273 0 49 vigneulles
1748 0 256 moutiers-54
319 0 51 charmes-la-cote
260 0 23 noviant-aux-pres
101 0 13 moriviller
416 0 59 lupcourt
246 0 14 arracourt
348 0 16 crepey
84 0 10 crion
684 0 82 chaudeney-sur-moselle
902 0 128 pierrepont-54
263 0 31 jaulny
1077 0 54 bertrichamps
277 0 28 anoux
215 0 28 hablainville
390 0 61 friauville
2429 0 592 gorcy
178 0 20 hoeville
4013 0 341 blainville-sur-l-eau
188 0 26 sainte-genevieve-54
107 0 16 mont-l-etroit
1474 0 144 belleville-54
101 0 5 angomont
1402 0 70 bouxieres-aux-chenes
391 0 94 mont-le-vignoble
2950 0 250 custines
571 0 151 tellancourt
197 0 32 tremblecourt
619 0 72 chenieres
133 0 21 thorey-lyautey
167 0 22 saint-supplet
176 0 27 migneville
3086 0 231 chaligny
88 0 13 essey-la-cote
287 0 45 ferrieres-54
116 0 22 chaouilley
103 0 30 raville-sur-sanon
833 0 112 hatrize
74 0 10 fey-en-haye
307 0 16 laneuveville-aux-bois
40 0 5 remoncourt-54
31 0 10 othe
360 0 48 saint-ail
99 0 19 lorey-54
1237 0 162 giraumont-54
4656 0 344 baccarat
185 0 36 bonviller
158 0 28 bey-sur-seille
151 0 19 saint-germain-54
130 0 24 morville-sur-seille
318 0 14 grand-failly
535 0 41 pierre-la-treiche
348 0 73 lemainville
2350 0 587 saulnes
98 0 33 saint-mard-54
660 0 85 tiercelet
180 0 11 flirey
735 0 61 beuveille
84 0 26 saulxerotte
2225 0 454 mexy
155 0 18 bagneux-54
118 0 19 lanfroicourt
857 0 52 saint-clement-54
539 0 58 onville
205 0 27 laix
1616 0 486 thil-54
131 0 10 bionville
313 0 35 menil-la-tour
135 0 47 villers-les-moivrons
574 0 46 mairy-mainville
366 0 66 fontenoy-sur-moselle
71 0 12 bures-54
244 0 43 murville
1199 0 163 doncourt-les-conflans
127 0 22 bremenil
347 0 18 glonville
1238 0 72 einville-au-jard
237 0 22 rosieres-en-haye
1719 0 391 mancieulles
1733 0 105 cirey-sur-vezouze
2413 0 277 conflans-en-jarnisy
299 0 84 ogeviller
204 0 35 sainte-pole
683 0 72 frolois-54
479 0 52 thuilley-aux-groseilles
501 0 47 bulligny
86 0 23 vaxainville
307 0 68 velle-sur-moselle
80 0 24 jevoncourt
59 0 20 pettonville
702 0 41 marainviller
322 0 57 loisy-54
110 0 17 fraisnes-en-saintois
156 0 18 remenoville
4993 0 614 pompey
333 0 24 amance-54
165 0 23 manonviller
780 0 50 atton
1302 0 99 domgermain
100 0 33 fenneviller
270 0 18 embermenil
279 0 41 saint-firmin-54
136 0 18 xonville
2024 0 294 dommartin-les-toul
242 0 37 mazerulles
1119 0 117 mont-sur-meurthe
1240 0 210 norroy-les-pont-a-mousson
352 0 85 voinemont
929 0 51 jezainville
117 0 17 sionviller
3067 0 512 lexy
416 0 64 villey-le-sec
253 0 24 chapelle-54
145 0 20 joppecourt
59 0 18 romain-54
106 0 10 harbouey
315 0 51 saint-pancre
618 0 39 croismare
743 0 81 ugny
524 0 23 moncel-les-luneville
619 0 45 allondrelle-la-malmaison
380 0 32 vitrimont
136 0 15 allamont
320 0 43 villecey-sur-mad
6463 0 790 ludres
162 0 15 saint-julien-les-gorze
839 0 43 maron-54
347 0 143 champey-sur-moselle
81 0 16 repaix
477 0 50 montigny-sur-chiers
32 0 9 chazelles-sur-albe
86 0 12 ansauville
1746 0 100 flavigny-sur-moselle
280 0 19 fleville-lixieres
1968 0 295 pont-saint-vincent
353 0 47 jaillon
461 0 76 moivrons
617 0 33 benney
635 0 104 ville-houdlemont
139 0 12 saint-marcel-54
116 0 24 igney-54
647 0 41 serrouville
258 0 40 mailly-sur-seille
219 0 26 herbeviller
3719 0 997 rehon
245 0 42 laneuveville-devant-bayon
5577 0 187 longuyon
265 0 24 thelod
220 0 55 lubey
112 0 19 puxe
115 0 12 lironville
182 0 41 bralleville
658 0 44 charency-vezin
14505 0 671 pont-a-mousson
223 0 22 avrainville-54
228 0 59 mangonville
293 0 29 colmey
152 0 23 verdenal
157 0 29 bremoncourt
61 0 15 blemerey-54
652 0 80 tantonville
721 0 31 viterne
373 0 28 baroches
1495 0 279 vezelise
6920 0 288 champigneulles
222 0 59 chenicourt
298 0 29 brehain-la-ville
245 0 19 ormes-et-ville
123 0 32 griscourt
72 0 7 saint-remy-aux-bois
349 0 58 beuvillers-54
13 0 7 they-sous-vaudemont
162 0 9 parroy
80 0 27 gugney
2065 0 239 trieux
112 0 16 aboncourt-54
203 0 66 fremenil
455 0 89 virecourt
2009 0 346 chanteheux
242 0 25 manonville
5579 0 205 briey
39 0 11 bratte
303 0 41 moutrot
67 0 11 bouzanville
770 0 95 lantefontaine
600 0 96 bruley
653 0 55 brin-sur-seille
335 0 49 saint-remimont-54
174 0 28 autrey-54
960 0 47 avril
161 0 33 gelacourt
322 0 34 bayonville-sur-mad
325 0 42 mamey
566 0 52 xermamenil
200 0 21 affleville
157 0 19 coincourt
436 0 42 houdreville
1042 0 59 blenod-les-toul
278 0 42 velaine-sous-amance
91 0 15 neuviller-les-badonviller
98 0 18 germonville
824 0 74 ceintrey
119 0 15 veho
334 0 68 crevechamps
5774 0 1581 heillecourt
180 0 33 housseville
592 0 51 lenoncourt
246 0 43 puxieux
19740 0 1208 luneville
115 0 15 sponville
418 0 100 haroue
391 0 30 essey-et-maizerais
194 0 21 clayeures
223 0 42 gerbecourt-et-haplemont
470 0 33 villacourt
8450 0 1469 essey-les-nancy
4981 0 1158 seichamps
490 0 34 lagney
9561 0 1698 maxeville
301 0 26 ville-sur-yron
30974 0 3274 vandoeuvre-les-nancy
122 0 29 ogneville
1622 0 267 crusnes
34 0 8 tramont-emy
2589 0 570 auboue
60 0 13 reillon
379 0 56 jeandelize
7162 0 1613 neuves-maisons
97 0 20 grimonviller
40 0 30 raon-les-leau
408 0 44 laneuvelotte
157 0 29 charmois-54
10028 0 894 dombasle-sur-meurthe
103 0 18 affracourt
28 0 15 bienville-la-petite
92 0 14 dolcourt
267 0 59 autreville-sur-moselle
198 0 42 villette-54
144 0 105 vandelainville
168 0 30 hammeville
1390 0 164 mereville-54
160 0 16 brainville-54
15693 0 513 toul
87 0 10 mouacourt
329 0 26 vathimenil
1758 0 262 chavigny-54
270 0 42 courbesseaux
14341 0 1441 villers-les-nancy
121 0 21 mousson
98 0 12 thumereville
396 0 99 montenoy
305 0 27 eply
157 0 20 gibeaumeix
213 0 30 tronville
289 0 40 andilly-54
180 0 24 villers-en-haye
968 0 76 mars-la-tour
244 0 24 bouvron-54
70 0 11 saxon-sion
56 0 14 vaudigny
113 0 38 quevilloncourt
349 0 51 bainville-aux-miroirs
451 0 99 chenevieres
366 0 53 sexey-les-bois
65 0 8 domprix
136 0 120 laneuveville-derriere-foug
861 0 61 azerailles
298 0 38 abaucourt
90 0 12 amenoncourt
267 0 21 ville-au-montois
157 0 24 ozerailles
95 0 21 villers-le-rond
6003 0 237 liverdun
432 0 46 maixe
94 0 18 avillers-54
703 0 56 haraucourt-54
2575 0 281 tucquegnieux
109 0 12 mouaville
4041 0 360 pagny-sur-moselle
929 0 75 vandieres-54
1519 0 105 saizerais
243 0 23 domjevin
1566 0 258 bayon
6322 0 1423 homecourt
2621 0 161 cosnes-et-romain
1449 0 79 villers-la-montagne
668 0 41 viviers-sur-chiers
147 0 27 forcelles-saint-gorgon
595 0 56 ville-en-vermois
195 0 29 gye
184 0 32 lamath
1378 0 78 colombey-les-belles
115 0 14 fecocourt
107 0 24 courcelles-54
2453 0 200 valleroy-54
256 0 25 vacqueville
571 0 93 pagney-derriere-barine
926 0 228 malleloy
103 0 10 pierre-percee
67 0 18 gellenoncourt
138 0 30 coyviller
2467 0 325 audun-le-roman
14812 0 929 laxou
169 0 11 henamenil
321 0 28 haussonville
169 0 9 bezange-la-grande
133 0 26 han-devant-pierrepont
1292 0 112 art-sur-meurthe
346 0 23 fraimbois
247 0 18 mercy-le-haut
71 0 6 buriville
