693
1016



1 15 1
1 163 1
1 463 1
2 165 1
2 587 1
3 422 1
3 643 1
4 43 1
4 422 1
4 606 1
5 13 1
5 105 1
6 322 1
6 618 1
7 339 1
7 476 1
8 447 2
8 610 1
9 191 1
9 629 1
10 327 2
10 440 3
11 118 1
11 139 1
12 116 1
12 464 1
13 448 1
14 187 1
14 328 1
15 618 1
16 102 1
16 476 1
16 584 1
17 412 1
17 434 1
18 613 1
18 683 1
19 260 1
19 583 1
19 643 1
20 235 1
20 556 1
21 361 1
21 652 1
22 120 1
22 136 1
23 146 1
23 671 1
24 165 1
24 551 1
25 306 1
25 566 1
26 206 1
26 671 1
27 318 1
27 331 1
28 114 1
28 296 1
28 486 1
29 108 1
29 288 1
29 315 1
29 527 1
30 600 1
30 611 1
31 405 1
31 639 1
32 279 1
32 350 1
33 192 10
33 207 1
33 211 1
34 351 1
34 571 1
35 47 1
35 317 1
35 492 1
36 382 1
36 394 1
37 306 1
37 566 1
37 672 1
38 138 1
38 201 1
38 392 1
39 479 1
39 677 1
40 263 2
40 559 1
40 585 1
41 124 1
41 424 1
42 101 1
42 463 1
43 460 1
43 606 1
44 233 1
44 414 4
44 552 11
45 66 1
45 98 1
45 534 1
46 115 1
46 302 1
47 317 1
48 532 2
48 634 6
49 524 1
49 587 1
50 95 1
50 537 1
50 555 1
51 123 1
51 318 1
52 317 1
52 625 1
53 66 1
53 73 1
53 128 1
54 171 1
54 575 1
55 83 1
55 576 1
56 87 6
56 249 2
56 299 3
57 329 2
57 487 1
58 363 1
58 561 1
59 194 1
59 408 1
59 513 1
60 237 1
60 490 1
61 287 1
61 294 3
61 416 1
61 491 3
62 227 1
62 493 1
63 474 2
63 550 1
64 69 1
64 304 1
64 305 1
64 498 1
65 334 2
65 440 1
66 73 1
66 128 1
66 374 1
67 111 1
67 138 1
67 392 1
67 560 1
68 150 4
68 572 17
69 237 1
69 603 1
70 539 1
70 545 1
71 334 1
71 517 2
72 413 1
72 561 1
72 680 1
73 124 1
73 424 1
73 657 1
74 253 5
74 415 2
75 151 1
75 184 1
76 422 1
76 678 1
77 188 1
77 260 1
77 466 1
77 624 1
78 409 1
78 469 1
79 252 1
79 462 1
79 685 1
80 506 1
80 580 1
81 568 7
81 570 2
82 252 1
82 397 1
82 462 1
83 214 1
83 576 1
84 400 1
84 692 1
85 117 1
85 123 1
85 217 1
85 322 1
86 118 1
86 639 1
87 357 1
88 240 1
88 485 1
89 191 1
89 629 1
90 222 1
90 281 1
90 511 1
91 497 1
91 562 1
92 192 11
92 204 1
92 328 1
93 386 285
93 552 202
94 132 1
94 311 1
94 519 1
94 591 1
95 415 1
96 199 2
96 400 2
96 428 7
96 588 4
97 183 1
97 223 1
97 357 1
98 162 1
98 205 1
98 316 1
98 469 1
98 650 1
99 122 1
99 612 1
100 153 1
100 495 1
100 672 1
101 145 1
101 279 1
102 580 1
103 135 1
103 553 1
104 590 1
104 668 1
105 139 1
105 190 1
106 124 1
106 209 1
107 604 1
107 646 1
108 621 1
109 305 1
109 457 1
109 502 1
110 255 1
110 415 1
111 635 1
112 526 1
112 546 1
112 624 1
113 117 1
113 514 1
114 470 1
114 568 3
115 489 1
115 581 1
116 268 9
116 464 1
117 217 1
118 139 1
118 324 1
118 499 1
119 280 1
119 625 1
120 136 1
121 427 1
121 428 1
122 478 1
122 665 1
122 674 1
124 209 1
125 359 1
125 675 1
126 339 1
126 476 1
127 210 1
127 340 1
128 205 1
128 387 1
128 525 1
129 161 1
129 514 1
130 368 1
130 398 1
130 449 1
130 541 1
130 573 1
131 199 1
131 336 1
132 519 1
133 511 1
133 591 1
133 681 1
134 160 1
134 650 1
135 303 1
135 553 1
136 665 1
136 674 1
137 378 2
137 441 1
137 638 1
139 190 1
139 499 1
140 192 73
140 610 13
141 544 1
141 587 1
142 295 1
142 432 1
143 486 1
143 557 2
144 164 1
144 591 1
145 463 1
146 206 1
146 655 1
147 151 1
147 221 1
148 404 1
148 680 1
149 543 1
149 632 1
150 367 2
152 267 1
152 323 1
152 431 1
153 269 1
154 378 2
154 533 1
155 422 1
155 655 1
156 377 395
156 653 147
157 522 1
157 666 1
158 392 1
158 635 1
159 245 1
159 651 2
160 529 1
160 575 1
161 282 1
161 514 1
162 291 1
162 316 1
163 463 1
164 511 1
165 551 1
166 325 1
166 381 1
166 648 1
167 473 1
167 573 1
168 251 1
168 331 1
168 358 1
169 228 1
169 547 1
169 686 1
169 690 1
170 235 1
170 248 1
170 399 1
170 608 1
171 522 1
171 666 1
172 242 5
172 353 10
172 540 4
172 563 143
172 689 33
173 240 1
173 289 1
173 403 23
174 336 1
174 352 1
174 523 1
175 189 1
175 391 1
175 629 3
176 355 1
176 589 1
177 313 1
177 642 1
178 430 1
178 647 1
179 335 1
179 422 1
180 576 1
180 688 1
181 439 1
181 489 1
182 273 1
182 650 1
183 441 1
183 493 1
184 342 1
184 351 1
185 365 1
185 520 1
186 627 1
186 636 1
187 328 1
187 421 1
187 481 1
187 549 1
188 254 1
188 624 1
189 194 1
189 373 1
189 505 1
189 629 1
190 627 2
190 636 2
191 471 1
192 207 14
192 437 26
193 382 1
193 394 1
193 586 1
194 408 1
194 513 1
194 578 1
194 656 1
195 203 1
195 287 1
195 634 1
196 596 1
196 672 1
197 503 2
197 669 1
198 200 1
198 332 1
198 345 1
198 446 1
198 455 1
199 427 1
199 428 3
199 588 1
200 332 1
200 446 1
200 548 1
200 559 1
201 392 1
202 352 1
202 494 1
203 250 1
203 275 1
204 342 1
205 286 1
206 671 1
208 250 2
208 326 1
208 419 2
209 374 1
210 595 1
211 245 1
211 300 1
212 320 1
212 398 1
213 276 1
213 413 1
214 576 1
214 632 1
214 633 1
214 654 1
215 270 1
215 462 1
216 508 1
216 655 1
216 671 1
216 686 1
218 428 2
218 663 1
219 521 1
219 667 1
220 290 1
220 607 2
221 244 1
221 479 1
222 510 1
222 524 1
222 544 1
223 292 1
224 278 1
224 574 1
225 320 1
225 344 1
226 551 1
226 577 1
227 230 1
227 493 1
227 601 1
228 676 1
229 263 1
229 271 1
229 455 1
230 487 3
230 493 1
231 361 1
231 388 1
231 652 1
232 546 1
232 660 1
233 500 1
233 552 2
234 401 1
234 558 1
235 265 1
235 319 1
235 399 1
235 642 1
236 483 2
236 636 1
237 323 1
237 600 1
237 603 1
238 420 1
238 436 1
238 687 3
239 281 1
239 301 1
239 327 1
240 289 1
240 411 1
240 485 1
240 616 1
241 259 1
241 276 1
242 275 1
242 353 3
242 426 2
243 433 1
243 554 1
243 677 1
244 421 1
244 479 1
244 558 1
245 651 1
246 673 2
246 679 10
247 484 1
247 605 1
248 319 1
248 392 1
248 635 1
248 684 1
249 298 1
249 475 1
250 326 1
250 419 1
251 354 1
251 358 1
251 626 1
253 327 1
253 440 1
254 321 1
255 295 1
255 440 1
256 483 4
256 630 1
257 375 3
257 396 1
257 467 6
257 502 1
258 356 1
258 367 2
258 470 1
259 314 1
261 516 1
261 537 1
261 555 1
262 419 1
262 653 8
263 689 33
264 318 1
264 322 2
264 618 1
265 535 1
266 567 1
266 597 1
266 614 1
267 323 1
267 490 1
268 679 105
269 422 1
269 495 1
269 598 1
269 674 1
270 379 1
270 423 1
271 613 1
271 682 1
272 359 1
272 661 1
272 662 2
272 675 1
273 507 1
273 529 1
273 542 1
273 632 1
273 650 1
273 668 1
274 569 1
274 612 1
275 649 1
276 285 1
276 459 1
277 347 1
277 379 1
278 482 1
278 574 1
278 620 1
278 643 1
278 686 1
279 350 1
279 463 1
280 675 1
282 404 1
282 514 1
283 330 8
283 503 6
283 669 2
284 536 1
284 615 1
285 459 1
286 691 1
288 429 1
288 450 1
290 343 1
290 607 1
291 650 1
292 329 1
292 351 1
292 533 1
293 506 1
293 693 1
294 689 20
296 343 1
297 443 1
297 503 2
298 475 1
298 599 1
299 350 1
300 651 1
301 327 1
302 418 1
302 456 1
303 553 1
304 343 1
304 607 1
307 460 1
307 478 1
308 512 1
308 530 1
309 378 1
309 437 2
310 528 1
310 553 1
310 579 1
311 337 1
312 488 1
312 654 1
312 685 1
312 690 1
313 393 1
313 556 1
314 346 1
314 647 1
315 385 1
315 450 1
315 473 1
315 579 1
316 543 1
317 559 1
317 625 1
317 662 1
318 363 1
319 392 1
320 344 1
320 406 1
321 335 1
322 401 1
322 558 1
323 333 1
323 364 1
323 431 1
323 445 1
323 548 1
324 407 1
325 381 1
325 611 1
328 342 1
330 564 22
333 370 1
333 381 1
334 517 5
336 400 1
337 611 1
338 449 9
338 527 8
338 552 54
338 555 4
338 582 6
339 389 1
339 436 1
339 476 1
339 687 1
340 489 1
340 595 1
341 347 1
341 565 1
341 620 1
343 498 1
343 531 1
343 607 1
344 406 1
345 683 1
346 430 1
346 647 1
346 667 1
347 354 1
347 379 1
348 465 1
348 693 1
349 490 1
349 613 1
349 683 1
351 362 1
351 533 1
351 571 1
352 400 1
352 494 1
354 358 1
354 626 1
355 359 1
355 544 1
355 551 1
356 531 1
356 623 1
357 487 1
358 563 25
359 589 1
360 373 1
360 629 1
361 388 1
361 522 1
361 652 1
362 571 1
363 561 1
364 445 1
365 520 1
365 594 1
366 497 1
366 658 1
367 470 1
367 623 2
368 541 1
369 627 1
369 636 1
370 605 1
371 472 1
371 509 1
371 641 1
372 376 1
372 545 1
372 664 1
373 505 1
375 396 1
375 630 1
376 545 1
376 664 1
377 572 129
378 638 2
379 423 1
380 478 1
380 536 1
380 615 1
381 504 1
382 394 1
383 413 1
383 561 1
384 412 1
384 471 1
385 450 1
386 448 4
386 560 8
386 639 4
387 409 1
387 525 1
388 522 1
388 666 1
389 584 1
390 593 1
390 687 1
391 434 1
392 427 1
393 658 1
394 586 1
395 425 12
395 564 54
395 679 64
397 462 1
397 561 1
398 449 1
398 619 1
399 535 1
400 692 1
401 558 1
402 453 7
402 474 5
403 531 8
403 572 44
403 631 1
404 514 1
405 407 1
405 494 1
405 523 1
407 494 1
410 624 1
410 659 1
411 616 1
412 434 1
414 552 14
416 570 2
417 452 1
417 619 1
418 456 1
418 489 1
418 595 1
420 436 1
421 677 1
422 526 1
425 474 4
426 638 2
429 573 1
430 647 1
432 439 1
432 581 1
433 604 1
434 558 1
435 572 8
435 634 5
436 465 1
436 584 1
436 687 1
438 602 1
438 645 1
442 461 1
442 515 1
443 503 3
444 617 1
444 628 1
447 477 2
447 501 3
447 550 2
448 562 1
448 609 1
449 452 1
449 527 1
451 496 1
451 574 1
452 619 1
453 673 7
454 543 1
454 632 1
457 502 1
458 464 1
458 468 1
459 462 1
459 654 1
461 515 1
462 654 1
464 468 1
465 687 1
465 693 1
466 599 1
467 630 1
472 509 1
472 541 1
474 550 2
475 659 1
475 682 1
477 651 1
478 615 1
479 558 1
480 484 1
480 662 1
481 549 1
482 496 1
482 563 37
483 636 2
484 605 1
486 557 2
488 547 1
488 685 1
489 595 1
491 557 4
491 689 19
492 585 1
497 562 1
498 631 1
500 591 1
500 622 1
501 550 1
503 669 1
504 605 1
504 648 1
505 646 1
506 580 1
507 542 1
508 574 1
508 678 1
509 641 1
510 518 1
511 681 1
512 530 1
512 640 1
516 555 1
518 528 1
519 592 1
520 594 1
521 667 1
521 691 1
522 666 1
524 544 1
524 617 1
528 553 1
529 575 1
529 650 1
530 640 1
532 568 7
532 634 4
534 594 1
536 666 1
538 546 1
538 566 1
538 614 1
539 545 1
540 601 1
542 590 1
542 637 1
544 587 1
544 681 1
545 664 1
546 614 1
546 660 1
548 559 1
550 649 1
551 577 1
554 677 1
555 579 1
555 581 1
555 582 1
557 670 4
559 662 2
560 663 1
562 658 1
565 620 1
565 690 1
566 596 1
566 672 1
567 660 1
568 572 27
568 689 46
569 612 1
578 629 1
578 656 1
581 582 1
583 644 1
590 633 1
590 637 1
591 622 1
592 611 1
593 693 1
594 657 1
596 598 1
596 602 1
596 674 1
597 614 1
598 645 2
598 665 2
598 674 1
600 611 1
604 656 1
608 684 1
609 658 1
613 670 1
613 682 1
620 690 1
621 628 1
621 641 1
632 668 1
643 644 1
645 665 1
654 688 1
655 671 1
661 675 1
665 674 1
667 691 1
670 689 16
673 679 17
676 686 1



789 0 52 berneuil-en-bray
170 0 43 biermont
529 0 100 abbeville-saint-lucien
274 0 32 sainte-eusoye
1022 0 39 morienval
361 0 37 beaumont-les-nonains
219 0 66 croutoy
943 0 150 fresnoy-en-thelle
345 0 85 villers-sur-trie
4736 0 1081 thourotte
243 0 58 bethancourt-en-valois
422 0 29 mont-l-eveque
601 0 88 fresnoy-la-riviere
795 0 116 henonville
267 0 34 neuville-garnier
320 0 40 saint-etienne-roilaye
125 0 25 hardivillers-en-vexin
225 0 65 lamecourt
246 0 39 velennes-60
320 0 43 cuvergnon
245 0 16 dargies
275 0 24 croissy-sur-celle
163 0 46 gallet
470 0 49 boulogne-la-grasse
334 0 56 quinquempoix
375 0 23 lihus
189 0 36 troussures
645 0 267 labruyere-60
590 0 46 beaulieu-les-fontaines
592 0 65 moyvillers
643 0 62 ormoy-villers
935 0 104 therdonne
1256 0 163 esches
326 0 82 corbeil-cerf
273 0 21 sains-morainvillers
627 0 117 courteuil
189 0 36 herelle
379 0 27 bouillancy
553 0 43 liancourt-saint-pierre
483 0 63 plessier-sur-saint-just
138 0 40 escles-saint-pierre
775 0 104 abbecourt-60
309 0 40 maisoncelle-tuilerie
2116 0 450 clairoix
1096 0 116 moliens
393 0 42 varesnes
111 0 33 crevecoeur-le-petit
2421 0 510 cauffry
178 0 51 berliere-60
779 0 128 ville-60
461 0 47 vauroux
241 0 88 dompierre-60
499 0 49 blargies
221 0 28 hetomesnil
150 0 33 wambez
4260 0 202 bresles
1095 0 112 ponchon
438 0 39 lalandelle
341 0 30 boury-en-vexin
269 0 37 epineuse
1661 0 214 neuilly-sous-clermont
611 0 101 hondainville
1195 0 146 blaincourt-les-precy
123 0 43 blincourt
1446 0 193 plessis-brion
646 0 107 abancourt-60
1076 0 69 betz
4486 0 201 verneuil-en-halatte
214 0 21 choisy-la-victoire
244 0 18 welles-perennes
723 0 769 janville-60
1035 0 105 cuigy-en-bray
550 0 52 romescamps
3978 0 306 ribecourt-dreslincourt
138 0 26 montherlant
212 0 35 lachaussee-du-bois-d-ecu
545 0 75 fay-saint-quentin
149 0 31 mureaumont
209 0 57 glatigny-60
2093 0 190 trosly-breuil
1476 0 184 bailleval
528 0 45 blacourt
89 0 19 gerberoy
426 0 40 eve
457 0 32 bosse-60
288 0 41 rouville-60
2097 0 220 bailleul-sur-therain
384 0 79 roberval
125 0 28 enencourt-leage
885 0 80 elincourt-sainte-marguerite
292 0 158 emeville
1281 0 289 villeneuve-les-sablons
40517 0 763 compiegne
661 0 84 monchy-humieres
1112 0 83 chiry-ourscamp
3337 0 486 plessis-belleville
244 0 165 montreuil-sur-therain
1626 0 132 feuquieres
152 0 29 villers-vicomte
213 0 36 bonvillers
1572 0 101 allonne-60
285 0 11 saint-jean-aux-bois-60
194 0 64 evricourt
347 0 27 achy
605 0 87 gilocourt
398 0 43 quincampoix-fleuzy
361 0 41 hadancourt-le-haut-clocher
264 0 37 avricourt-60
784 0 98 canly
670 0 157 bailly-60
319 0 87 antilly-60
530 0 50 montreuil-sur-breche
246 0 32 boutencourt
615 0 124 rosoy-60
479 0 72 pontoise-les-noyon
909 0 75 chamant
343 0 42 vaumain
298 0 49 sery-magneval
167 0 32 godenvillers
35 0 11 gouy-les-groseillers
461 0 44 chevreville-60
584 0 60 hardivillers
574 0 88 houssoye-60
130 0 58 gourchelles
193 0 30 courcelles-epayelles
192 0 73 courtieux
218 0 41 behericourt
2099 0 248 formerie
593 0 69 eragny-sur-epte
554 0 97 muirancourt
264 0 39 ognes-60
168 0 64 braisnes
420 0 39 antheuil-portes
340 0 136 thieuloy-saint-antoine
228 0 52 cuy-60
817 0 44 bonneuil-les-eaux
876 0 207 lachapelle-saint-pierre
401 0 41 villers-saint-genest
584 0 36 orrouy
9438 0 733 chambly
228 0 85 neuville-sur-ressons
1047 0 223 tracy-le-val
1008 0 107 nointel-60
263 0 56 vandelicourt
558 0 86 frocourt
173 0 42 viefvillers
324 0 51 senots
679 0 62 saint-pierre-es-champs
148 0 20 loueuse
1596 0 684 rieux-60
163 0 42 pouilly-60
242 0 49 cernoy
389 0 38 campremy
1266 0 131 laboissiere-en-thelle
417 0 33 francastel
18833 0 2524 nogent-sur-oise
208 0 25 vacquerie-60
163 0 22 etavigny
3588 0 287 bornel
258 0 44 grez-60
2768 0 135 serifontaine
254 0 36 brombos
591 0 49 auteuil-60
397 0 93 vignemont
608 0 62 conchy-les-pots
601 0 40 gournay-sur-aronde
287 0 75 beaurains-les-noyon
1055 0 193 saint-martin-le-noeud
1322 0 127 saint-omer-en-chaussee
1588 0 156 mareuil-sur-ourcq
81 0 22 conteville-60
5282 0 535 mouy
3136 0 164 pontpoint
395 0 27 versigny-60
3030 0 163 chaumont-en-vexin
117 0 15 lataule
245 0 29 ivors
139 0 39 buicourt
177 0 27 noiremont
39 0 8 vrocourt
946 0 87 cuts
3034 0 456 grandvilliers-60
79 0 24 mouchy-le-chatel
916 0 105 valdampierre
227 0 26 dameraucourt
1562 0 94 saint-sauveur-60
528 0 59 neuville-bosc
801 0 81 haudivillers
511 0 63 delincourt
3287 0 503 bethisy-saint-pierre
325 0 71 trie-la-ville
13269 0 581 meru
713 0 52 apremont-60
482 0 28 montjavoult
306 0 78 rousseloy
386 0 43 chepoix
1106 0 176 thiers-sur-theve
166 0 44 erquinvillers
1156 0 101 silly-le-long
651 0 69 lieuvillers
163 0 22 reez-fosse-martin
737 0 47 rully-60
244 0 65 maysel
1290 0 259 lormaison
546 0 47 campeaux-60
200 0 20 rotangy
1730 0 82 amblainville
3535 0 211 cires-les-mello
61 0 13 saint-valery
295 0 40 grandrû
736 0 165 fosseuse
334 0 46 berlancourt-60
410 0 51 puiseux-en-bray
1114 0 82 songeons
185 0 67 lheraule
570 0 52 luchy
315 0 66 porcheux
1023 0 91 peroy-les-gombries
191 0 21 ernemont-boutavent
1743 0 140 chevrieres-60
470 0 64 fresne-leguillon
612 0 66 mareuil-la-motte
238 0 68 hodenc-l-eveque
290 0 35 juvignies
201 0 63 flavy-le-meldeux
197 0 30 mortemer-60
607 0 118 saint-felix-60
255 0 41 oudeuil
426 0 42 saint-remy-en-l-eau
2565 0 218 hermes
48 0 12 laverriere
173 0 36 quesnel-aubry
454 0 129 bienville
756 0 67 fresneaux-montchevreuil
474 0 42 thury-en-valois
620 0 126 saint-vaast-de-longmont
660 0 46 bailleul-le-soc
2172 0 216 cuise-la-motte
670 0 102 melicocq
684 0 83 villeneuve-sur-verberie
150 0 20 hecourt-60
1383 0 203 balagny-sur-therain
369 0 77 bouconvillers
512 0 81 fleury-60
585 0 74 belle-eglise
1425 0 183 vineuil-saint-firmin
291 0 31 saint-martin-aux-bois
482 0 59 rouvres-en-multien
769 0 88 rue-saint-pierre-60
966 0 121 saint-vaast-les-mello
1236 0 189 goincourt
247 0 37 villembray
1938 0 279 cambronne-les-ribecourt
348 0 62 lafraye
803 0 96 saint-leger-aux-bois-60
1757 0 103 longueil-sainte-marie
2303 0 266 jaux
1588 0 320 angicourt
291 0 26 saint-quentin-des-pres
270 0 26 fouquerolles
356 0 94 porquericourt
988 0 479 thiverny
5496 0 374 saint-just-en-chaussee
2797 0 126 auneuil
172 0 39 villeneuve-sous-thury
229 0 36 mesnil-sur-bulles
113 0 38 fouilleuse
16170 0 672 senlis-60
513 0 45 saint-andre-farivillers
177 0 39 neuville-vault
1112 0 89 avrechy
1433 0 120 tricot
451 0 66 fontaine-lavaganne
359 0 49 cormeilles-60
202 0 39 foulangues
358 0 41 villers-sur-auchy
420 0 69 saint-germain-la-poterie
740 0 59 verderel-les-sauqueuse
1121 0 97 warluis
341 0 123 domfront-60
414 0 127 marest-sur-matz
748 0 81 talmontiers
3403 0 281 orry-la-ville
259 0 15 fontaine-bonneleau
141 0 14 hannaches
211 0 35 canny-sur-therain
272 0 32 ansacq
200 0 29 catigny
589 0 60 villers-saint-frambourg
584 0 87 houdancourt
312 0 48 briot
484 0 43 silly-tillard
253 0 15 saint-crepin-aux-bois
2960 0 228 agnetz
1716 0 92 tracy-le-mont
1363 0 77 sacy-le-grand
870 0 56 mortefontaine-60
972 0 34 neuville-en-hez
1148 0 83 laversines
450 0 66 anserville
848 0 103 chevincourt
380 0 73 bretigny-60
344 0 41 dives
539 0 72 sacy-le-petit
228 0 89 fayel
332 0 38 gannes
261 0 37 oursel-maison
181 0 34 previllers
839 0 139 mortefontaine-en-thelle
538 0 71 cannectancourt
582 0 64 lachelle
440 0 50 crillon
319 0 80 ormoy-le-davien
129 0 40 bazancourt-60
533 0 49 lagny
140 0 32 hautbos
486 0 101 ferrieres-60
479 0 48 villers-saint-barthelemy
501 0 59 rosoy-en-multien
100 0 35 plessis-patte-d-oie
304 0 24 reuil-sur-breche
977 0 76 jouy-sous-thelle
431 0 66 cressonsacq
103 0 16 rocquemont-60
421 0 60 hemevillers
587 0 175 mello
722 0 114 machemont
651 0 52 ivry-le-temple
2748 0 273 noailles-60
3749 0 538 coye-la-foret
378 0 85 saint-leger-en-bray
209 0 33 cuignieres
969 0 77 neuville-roy
2379 0 400 longueil-annel
167 0 40 neuville-saint-pierre
407 0 71 montagny-sainte-felicite
1724 0 86 remy-60
13478 0 748 noyon
906 0 124 jaulzy
900 0 115 salency
437 0 68 fouquenies
1207 0 83 saint-crepin-ibouvillers
1481 0 409 saint-martin-longueau
383 0 92 golancourt
194 0 35 noroy
131 0 21 fontenay-torcy
580 0 74 mont-saint-adrien
298 0 17 nampcel
325 0 51 saint-aubin-sous-erquery
1035 0 162 rochy-conde
494 0 133 deluge
784 0 36 baron-60
2971 0 174 bury
1579 0 165 saint-paul-60
610 0 70 cuvilly
753 0 114 monceaux-60
950 0 130 villers-saint-sepulcre
734 0 128 marais
621 0 55 mery-la-bataille
328 0 49 chambors
106 0 25 offoy-60
289 0 60 neuville-d-aumont
1295 0 92 ons-en-bray
262 0 22 rouvillers
324 0 58 sarnois
183 0 18 russy-bemont
1523 0 224 cinqueux
325 0 54 freniches
698 0 42 nery
407 0 51 montiers
289 0 43 ognolles
154 0 37 mesnil-saint-firmin
159 0 46 lattainville
221 0 14 lannoy-cuillere
1992 0 255 meux-60
189 0 19 rocquencourt-60
33601 0 3029 creil
2790 0 348 sainte-genevieve-60
719 0 73 savignies
100 0 20 saulchoy-60
606 0 84 moyenneville-60
983 0 82 avilly-saint-leonard
457 0 76 espaubourg
206 0 32 thibivillers
270 0 30 candor
14058 0 863 crepy-en-valois
80 0 18 boutavent
189 0 50 beaudeduit
1930 0 86 pierrefonds
294 0 44 bitry-60
351 0 63 loconville
782 0 68 acy-en-multien
242 0 34 gondreville-60
537 0 78 aumont-en-halatte
9434 0 405 gouvieux
558 0 274 armancourt-60
1608 0 163 lachapelle-aux-pots
1878 0 91 guiscard
665 0 50 marolles-60
969 0 58 ermenonville
825 0 124 mesnil-theribus
2317 0 530 villers-sous-saint-leu
11775 0 797 pont-sainte-maxence
681 0 113 lalande-en-son
511 0 36 auger-saint-vincent
378 0 54 villeselve
568 0 43 trumilly
172 0 36 vaudancourt
205 0 44 monceaux-l-abbaye
883 0 52 bulles
159 0 23 raray
202 0 33 enencourt-le-sec
888 0 65 coudray-saint-germer
2762 0 326 venette
753 0 79 pimprez
1043 0 111 cambronne-les-clermont
86 0 21 beaugies-sous-bois
506 0 110 appilly
739 0 117 cramoisy
1019 0 96 berneuil-sur-aisne
833 0 90 monneville
874 0 133 froissy
375 0 66 pierrefitte-en-beauvaisis
210 0 45 fouilloy-60
2099 0 186 boran-sur-oise
1916 0 102 ully-saint-georges
595 0 45 bregy
3516 0 167 nanteuil-le-haudouin
143 0 31 campagne-60
202 0 17 escames
398 0 44 pronleroy
1433 0 73 carlepont
223 0 28 lierville
192 0 31 boissy-le-bois
1979 0 510 monchy-saint-eloi
469 0 125 couloisy
3186 0 764 andeville
64 0 15 rouvroy-les-merles
483 0 78 caisnes
1087 0 149 montmacq
370 0 77 novillers
224 0 42 montlognon
1671 0 102 plailly
181 0 60 fresnieres
316 0 47 grandvillers-aux-bois
183 0 29 angivillers
3098 0 196 neuilly-en-thelle
429 0 37 feigneux
1031 0 97 crisolles
244 0 42 ecuvilly
150 0 20 fontaine-saint-lucien
182 0 37 quesmy
4705 0 359 saint-leu-d-esserent
102 0 21 saint-deniscourt
275 0 40 valescourt
275 0 86 mondescourt
778 0 107 arsy
160 0 27 montepilloy
672 0 33 senantes-60
204 0 47 puits-la-vallee
375 0 11 fontaine-chaalis
463 0 46 hodenc-en-bray
922 0 103 saint-sulpice-60
538 0 70 barbery-60
745 0 57 autreches
225 0 27 remerangles
4484 0 215 lacroix-saint-ouen
145 0 30 ognon
187 0 23 saint-arnoult-60
554 0 166 verderonne
282 0 66 jamericourt
211 0 18 libermont
245 0 48 sermaize
3236 0 335 precy-sur-oise
809 0 84 etouy
264 0 47 hautefontaine
841 0 81 dieudonne
185 0 59 crocq-60
429 0 50 fay-les-etangs
255 0 41 coivrel
156 0 27 chavencon
1102 0 74 tille
3998 0 265 verberie
157 0 31 montgerain
144 0 53 rhuis
1031 0 81 catenoy
1601 0 229 berthecourt
155 0 18 bonnieres-60
483 0 141 morlincourt
361 0 62 maimbeville
2867 0 389 breuil-le-vert
325 0 50 brunvillers-la-motte
591 0 98 heilles
484 0 42 fresnoy-le-luat
292 0 28 beauvoir-60
385 0 83 guignecourt
318 0 29 vez
332 0 86 bazicourt
365 0 67 glaignes
546 0 153 giraumont-60
1403 0 320 ercuis
586 0 80 jonquieres-60
2914 0 269 chapelle-en-serval
296 0 44 wacquemoulin
129 0 15 reilly
724 0 76 rethondes
344 0 60 gaudechart
143 0 26 muidorge
117 0 38 solente
214 0 42 gury
515 0 71 margny-sur-matz
206 0 64 rothois
351 0 28 parnes
698 0 37 flavacourt
352 0 27 borest
311 0 132 vauchelles
3363 0 212 choisy-au-bac
234 0 37 plessis-de-roye
301 0 41 baugy-60
55 0 41 elencourt
126 0 19 villers-vermont
106 0 30 mesnil-conteville
140 0 15 rosieres-60
450 0 41 roye-sur-matz
176 0 62 bouvresse
772 0 58 noyers-saint-martin
939 0 182 genvry
1400 0 84 lassigny
450 0 47 cempuis
292 0 43 haute-epine
1129 0 225 ageux
1493 0 381 mogneville-60
528 0 140 coudray-sur-thelle
231 0 79 broquiers
284 0 30 autheuil-en-valois
115 0 9 catheux
299 0 81 passel
1160 0 118 wavignies
178 0 41 plainville-60
1195 0 331 angy
262 0 52 fretoy-le-chateau
394 0 50 saint-maur-60
159 0 18 omecourt
1591 0 172 ressons-sur-matz
162 0 33 broyes-60
418 0 45 thieux-60
163 0 40 villers-sur-bonnieres
556 0 71 leglantiers
201 0 54 monts-60
1086 0 185 crouy-en-thelle
503 0 59 orvillers-sorel
8021 0 1204 margny-les-compiegne
755 0 57 thiescourt
174 0 52 tourly
477 0 216 larbroye
287 0 38 bargny
2395 0 269 breuil-le-sec
432 0 73 bachivillers
1156 0 99 ravenel
882 0 63 levignen
1013 0 158 saint-aubin-en-bray
1058 0 82 bonneuil-en-valois
54711 0 1642 beauvais
9300 0 606 lamorlaye
614 0 139 herchies
1217 0 175 ansauvillers
165 0 42 plessier-sur-bulles
7169 0 1509 liancourt
132 0 25 blancfosse
2559 0 615 rantigny
90 0 16 ressons-l-abbaye
6171 0 1251 villers-saint-paul
311 0 80 bussy-60
157 0 37 maisoncelle-saint-pierre
174 0 22 hamel-60
163 0 33 lachapelle-sous-gerberoy
95 0 32 hainvillers
854 0 123 courcelles-les-gisors
534 0 103 suzoy
598 0 33 vieux-moulin-60
852 0 193 sempigny
711 0 629 pont-l-eveque-60
190 0 24 nivillers
473 0 52 chelles-60
355 0 38 plainval
1835 0 153 fleurines
231 0 45 ricquebourg
1947 0 173 lagny-le-sec
86 0 28 belloy
338 0 30 roy-boissy
1400 0 219 villers-sur-coudun
204 0 61 montmartin
143 0 41 saint-pierre-les-bitry
278 0 21 sarcus
520 0 72 baboeuf
466 0 85 bacouel
324 0 28 nourard-le-franc
4353 0 252 breteuil-60
356 0 36 litz
3573 0 442 estrees-saint-denis
685 0 126 thury-sous-clermont
266 0 38 tartigny
350 0 58 avrigny
234 0 26 serans-60
100 0 20 menevillers
339 0 63 troussencourt
1636 0 154 grandfresnoy
369 0 57 neufchelles
637 0 100 vauciennes-60
2288 0 375 mesnil-en-thelle
509 0 61 francieres-60
97 0 20 flechy
522 0 88 erquery
595 0 44 catillon-fumechon
225 0 36 domeliers
100 0 12 brasseuse
361 0 52 canny-sur-matz
288 0 55 villotran
283 0 90 maucourt-60
1152 0 81 troissereux
369 0 29 amy
901 0 86 coudun
2132 0 494 brenouille
547 0 40 essuiles
221 0 23 royaucourt
872 0 134 rainvillers
1083 0 110 bethisy-saint-martin
163 0 33 crapeaumesnil
1508 0 162 trie-chateau
522 0 134 rivecourt
56 0 11 beaurepaire-60
443 0 86 morvillers
390 0 56 gremevillers
4089 0 479 laigneville
224 0 29 boullarre
920 0 320 saintines
190 0 17 therines
1439 0 82 cauvigny
472 0 55 duvy
343 0 92 neuville-sur-oudeuil
240 0 52 margny-aux-cerises
289 0 84 boursonne
544 0 60 oroer
400 0 89 bonlier
601 0 42 paillart
410 0 39 boubiers
157 0 32 sully-60
246 0 33 neufvy-sur-aronde
393 0 66 morangles
457 0 119 halloy-60
843 0 157 puiseux-le-hauberger
398 0 30 sommereux
12500 0 1172 montataire
611 0 103 hanvoile
500 0 62 auchy-la-montagne
593 0 141 montagny-en-vexin
274 0 25 saint-thibault-60
892 0 284 vaumoise
471 0 40 fournival
162 0 27 bucamps
226 0 25 frestoy-vaux
2631 0 140 maignelay-montigny
936 0 58 boissy-fresnoy
125 0 38 serevillers
745 0 76 esquennoy
109 0 26 choqueuse-les-benards
114 0 26 hericourt-sur-therain
1230 0 148 marseille-en-beauvaisis
819 0 61 pontarme
2449 0 253 fitz-james
3401 0 276 crevecoeur-le-grand
97 0 20 mory-montcrux
2493 0 202 saint-maximin-60
474 0 43 vendeuil-caply
115 0 27 ployron
312 0 21 blicourt
503 0 31 lavilletertre
203 0 26 maulers
10876 0 671 chantilly
1762 0 88 saint-germer-de-fly
441 0 65 marqueglise
489 0 72 airion
92 0 33 remecourt
237 0 80 varinfroy
151 0 38 haucourt-60
424 0 147 pisseleu
1931 0 131 attichy
149 0 29 martincourt-60
10573 0 1819 clermont-60
1698 0 86 milly-sur-therain
253 0 58 saint-samson-la-poterie
1198 0 90 ver-sur-launette
229 0 12 moulin-sous-touvent
