472
695



1 93 5
1 159 14
1 333 77
1 375 15
2 124 1
2 163 1
2 444 1
3 33 1
3 67 1
3 237 1
4 150 1
4 435 1
5 471 1
5 472 1
6 240 1
6 291 1
7 162 1
7 257 1
8 83 1
8 240 1
9 92 1
9 452 1
10 36 1
10 338 1
11 81 1
11 286 1
12 114 1
12 122 1
13 41 11
13 68 1
13 124 2
14 220 1
14 264 1
15 16 1
15 156 1
16 156 1
17 181 1
17 304 1
17 383 1
18 260 1
18 361 1
19 333 46
19 418 1
19 437 2
20 155 2
20 337 1
21 136 1
21 453 1
22 64 4
22 247 7
23 244 1
23 362 1
24 166 40
24 277 9
25 70 5
25 127 12
26 245 1
26 305 1
27 174 1
27 387 1
28 229 1
28 285 1
28 374 1
29 160 1
29 336 1
30 316 1
30 349 1
31 395 1
31 470 1
32 33 1
32 240 1
32 304 1
32 369 1
32 381 1
34 158 2
34 467 1
35 154 1
35 341 1
36 302 1
36 392 1
37 88 2
37 107 5
37 115 3
38 85 1
38 87 1
38 183 1
39 219 1
39 398 1
40 160 1
40 300 3
41 68 24
41 127 84
41 194 21
41 239 94
42 111 1
42 146 1
42 178 1
42 216 1
42 274 1
42 454 1
43 57 1
43 246 1
43 328 1
44 95 1
44 373 1
44 402 1
45 343 20
45 415 15
46 168 1
46 366 1
47 255 2
47 263 1
48 72 1
48 193 1
49 75 2
49 112 2
50 82 1
50 99 1
50 136 1
50 289 1
51 405 1
51 408 4
52 125 1
52 248 1
53 273 1
53 416 1
54 176 1
54 420 1
55 311 1
55 340 1
55 418 1
56 286 1
56 353 1
56 400 1
57 239 4
57 342 1
57 355 1
58 132 6
58 203 2
59 101 1
59 376 1
59 382 1
60 80 1
60 310 1
60 354 1
61 96 8
61 145 106
62 153 1
62 264 1
62 412 1
63 330 1
63 439 1
64 182 1
64 324 1
65 421 1
65 423 1
66 161 1
66 397 1
67 381 1
67 448 1
68 124 3
69 206 1
69 358 1
70 74 7
70 184 31
71 173 1
71 417 1
72 242 5
72 292 4
73 273 1
73 286 1
74 184 43
74 325 9
75 138 1
75 444 1
76 335 1
76 386 1
77 205 1
77 268 1
77 422 1
78 175 1
78 424 1
79 126 1
79 135 1
80 446 1
81 179 1
82 461 1
83 394 1
84 294 1
84 468 1
85 246 1
86 387 1
86 412 1
87 433 1
87 455 1
88 257 1
89 384 1
89 414 1
90 142 1
90 380 1
91 447 1
91 449 1
92 347 1
93 226 1
94 321 1
94 362 1
94 434 1
95 380 1
95 394 1
95 402 1
96 343 25
97 127 3
97 404 1
98 144 1
98 157 1
99 136 1
99 214 1
99 430 1
99 451 1
99 453 1
99 461 1
100 137 1
100 161 1
100 302 1
101 376 1
102 236 1
102 243 1
102 264 1
103 364 1
103 464 1
104 349 1
104 428 1
104 456 1
105 117 1
105 425 1
106 155 2
106 385 2
107 115 3
107 197 2
107 262 10
107 406 9
108 350 1
108 466 1
109 220 1
109 243 1
109 264 1
110 144 1
110 225 1
110 295 1
111 454 1
112 114 1
112 148 1
112 179 1
113 209 1
113 368 1
113 456 1
114 122 1
114 179 1
115 197 1
116 181 1
116 198 1
117 278 1
117 374 1
118 119 4
118 158 5
118 192 2
118 319 3
119 158 4
119 192 2
119 431 1
120 228 1
120 253 1
120 345 1
120 442 1
121 251 1
121 360 1
122 143 1
123 143 1
123 444 1
125 410 1
125 439 1
126 443 1
126 450 1
127 184 72
128 273 1
128 279 1
128 388 1
129 251 1
129 274 1
130 170 1
130 364 1
130 464 1
131 229 1
131 260 1
131 356 1
131 417 1
132 432 2
132 460 1
133 174 1
133 215 1
133 314 1
134 221 1
134 256 1
134 282 1
134 323 1
135 333 26
135 437 1
137 392 1
138 350 1
138 444 1
139 144 1
139 200 1
140 174 1
140 300 3
140 440 1
141 293 1
141 397 1
141 411 1
142 433 1
142 455 1
144 295 1
145 343 339
146 407 3
146 417 1
147 311 1
147 379 2
147 403 5
147 437 1
148 399 1
149 275 1
149 282 1
150 195 1
150 255 2
151 309 4
151 377 1
152 281 1
152 324 1
152 424 1
153 236 1
153 387 1
154 199 1
154 303 1
154 341 1
155 224 2
155 337 1
156 172 1
156 270 1
157 290 1
157 351 1
159 226 2
160 300 4
160 470 1
161 302 1
162 257 1
162 367 1
163 352 1
164 190 1
164 361 1
164 389 1
165 201 1
165 254 1
166 391 13
167 199 1
167 269 1
167 466 1
168 203 1
168 366 1
169 297 1
169 330 1
169 472 1
170 227 1
170 253 2
171 231 1
171 239 3
171 287 1
171 316 1
171 326 1
171 339 1
171 469 1
172 270 1
173 244 1
173 417 1
174 300 2
175 324 1
175 395 1
176 217 1
176 386 1
176 420 1
177 219 1
177 447 1
178 189 1
178 454 1
180 218 1
180 356 1
181 304 1
182 424 1
183 322 1
184 325 44
184 370 56
185 315 1
185 350 1
186 188 1
186 353 1
186 372 1
187 322 1
187 455 1
188 252 1
189 211 1
189 454 1
190 303 1
191 212 1
191 259 1
192 331 2
192 431 1
193 292 3
193 307 2
194 261 1
194 270 2
194 457 1
195 382 1
196 208 1
196 238 1
198 237 1
199 259 1
199 269 1
199 303 1
199 466 1
200 216 1
200 245 1
200 296 1
200 417 1
201 254 1
201 392 1
202 266 1
202 318 1
202 413 1
202 443 1
202 462 1
203 366 1
204 294 1
204 306 1
204 308 1
204 334 1
205 268 1
206 358 1
206 434 1
207 320 1
207 410 1
208 238 1
209 254 1
209 368 1
210 213 1
210 448 1
211 315 1
212 322 1
213 390 1
213 419 1
214 289 1
215 247 1
215 314 1
216 249 1
216 296 1
217 353 1
217 377 1
217 386 1
218 278 1
218 374 1
219 345 1
221 323 1
221 438 1
222 276 1
222 312 1
222 360 1
223 347 1
223 371 1
224 363 1
224 405 1
225 327 1
225 414 1
227 453 1
227 464 1
228 409 1
230 252 1
230 348 1
230 416 1
231 287 1
232 401 1
232 469 1
233 276 1
233 372 1
234 282 1
234 413 1
235 277 6
235 415 18
236 366 1
236 387 1
237 280 1
238 445 1
239 265 3
239 423 4
240 268 1
240 291 1
241 416 1
241 435 1
242 292 4
242 307 2
242 346 4
243 264 2
246 268 1
246 422 1
247 314 1
247 368 1
248 284 1
248 459 1
249 312 1
250 378 1
250 451 1
251 312 1
251 360 1
252 353 1
253 321 1
253 327 1
253 442 1
254 265 1
254 338 1
255 367 1
256 275 1
256 282 2
257 367 1
258 390 1
258 419 1
259 444 1
260 361 1
260 407 1
260 417 1
261 323 1
262 365 5
262 406 16
262 441 2
263 348 1
264 317 1
265 338 1
265 469 1
266 324 1
266 395 1
266 450 1
267 303 1
267 315 1
268 322 1
270 457 1
271 329 3
271 463 4
272 276 1
272 288 1
272 372 1
273 388 1
273 435 1
274 454 1
277 391 3
278 425 1
279 382 1
279 388 2
280 448 1
281 318 1
282 413 1
283 421 1
283 438 1
284 320 1
284 410 1
285 374 1
285 452 1
287 316 1
288 399 1
290 351 1
290 396 1
290 446 1
291 448 1
292 307 1
292 346 2
293 357 1
293 411 1
294 423 1
294 468 1
295 301 1
296 305 1
297 443 1
298 358 1
298 434 1
299 333 119
299 344 6
301 384 1
302 392 1
306 308 1
306 393 1
308 393 1
308 457 1
309 370 9
310 335 1
310 354 1
311 403 3
312 360 1
313 320 5
313 333 51
317 412 1
319 331 5
320 441 1
322 393 1
324 424 1
326 401 1
327 414 1
328 355 1
329 432 2
329 463 3
330 439 1
332 338 1
332 428 1
333 437 16
334 429 1
334 438 1
335 354 1
335 446 1
336 405 1
337 385 1
337 440 1
338 369 1
339 349 1
340 403 1
341 427 1
342 355 1
344 472 1
345 398 1
345 409 1
347 371 1
347 426 1
347 427 1
348 377 1
348 404 1
349 428 1
352 359 1
353 372 2
353 400 1
357 411 1
358 434 1
359 444 1
361 389 1
362 434 1
363 391 3
363 408 8
364 447 1
364 451 1
364 464 1
365 375 3
367 459 1
368 458 1
369 383 1
371 426 1
371 427 1
373 380 1
373 436 1
376 382 1
377 404 1
378 449 1
378 451 1
379 403 4
382 435 1
385 460 3
386 446 1
389 426 1
390 419 1
393 465 1
395 470 1
396 446 1
397 445 1
398 425 1
402 436 1
407 417 1
412 458 1
421 423 1
421 429 1
423 469 1
429 438 1
430 461 1
431 467 1
432 460 1
432 463 2
433 455 1
439 471 1
443 462 1
449 464 1
450 472 1
451 453 1
451 464 1
453 464 1
465 468 1
471 472 1



6687 0 164 saint-pierre-d-oleron
625 0 76 saint-sever-de-saintonge
72 0 8 romazieres
678 0 221 nancras
1342 0 94 trizay
131 0 18 saint-ouen-17
2634 0 131 breuillet-17
106 0 13 gourvillette
203 0 28 saint-germain-de-vibrac
284 0 33 jarrie-audouin
1261 0 93 chermignac
436 0 66 preguillac
713 0 56 courcoury
1078 0 51 ronde
406 0 44 saint-bris-des-bois
512 0 72 saint-sauvant-17
307 0 13 saint-mande-sur-bredoire
379 0 55 clam
2909 0 266 soubise
1184 0 188 clavette
1191 0 28 cercoux
6508 0 226 surgeres
360 0 26 tugeras-saint-maurice
7284 0 675 perigny-17
2739 0 116 medis
419 0 45 guitinieres
871 0 57 bouhet
81 0 21 saint-medard-17
1176 0 45 cire-d-aunis
195 0 15 puyrolland
792 0 50 ardillieres
753 0 25 nere
66 0 8 eduts
1330 0 121 ars-en-re
328 0 25 arthenac
124 0 30 saint-martial-17
2358 0 204 etaules-17
390 0 33 authon-ebeon
233 0 24 chatenet
1197 0 88 forges-17
26011 0 571 saintes
803 0 50 clion-17
579 0 28 varaize
207 0 29 ballans
4488 0 337 saint-xandre
1987 0 148 verines
1251 0 56 sablonceaux
651 0 76 portes-en-re
4333 0 156 pons
1919 0 67 saint-aigulin
1101 0 133 saint-vivien-17
541 0 48 sainte-radegonde-17
434 0 92 luchat
455 0 56 barzan
361 0 56 saint-froult
924 0 48 rioux
859 0 98 saint-julien-de-l-escap
4623 0 56 marans-17
615 0 63 essards-17
322 0 25 floirac-17
2267 0 537 houmeau
611 0 38 cramchaban
680 0 42 geay-17
1066 0 50 saint-mard-17
424 0 48 bignay
275 0 42 saint-pierre-de-l-isle
230 0 12 fontaine-chalendray
1511 0 116 gonds
391 0 29 soubran
2798 0 134 saint-sulpice-de-royan
199 0 18 allas-bocage
3739 0 475 angoulins
793 0 56 varzay
3876 0 649 vaux-sur-mer
571 0 39 bougneau
612 0 30 chenac-saint-seurin-d-uzet
334 0 35 blanzac-les-matha
371 0 43 pere-17
339 0 27 loire-les-marais
48 0 15 saint-romain-sur-gironde
1630 0 85 thenac-17
438 0 20 barde-17
168 0 18 massac-17
250 0 40 sainte-meme
325 0 37 aujac-17
326 0 34 anais-17
294 0 47 courcerac
1458 0 145 chaillevette
210 0 13 saint-sorlin-de-conac
526 0 30 sonnac-17
400 0 21 saint-palais-de-negrignac
415 0 22 saint-ciers-champagne
1358 0 115 saint-denis-d-oleron
478 0 36 coux-17
161 0 26 louzignac
5640 0 514 nieul-sur-mer
728 0 60 chay-17
238 0 26 consac
740 0 25 fouilloux
285 0 20 dampierre-sur-boutonne
692 0 41 plassay
776 0 102 ferrieres-17
1022 0 46 chevanceaux
348 0 24 migre
123 0 29 bran
1062 0 396 bourgneuf-17
3117 0 118 arvert
250 0 40 lonzac-17
595 0 34 saint-cyr-du-doret
220 0 24 saint-martial-de-mirambeau
51 0 29 lussac-17
602 0 37 saint-leger-17
763 0 30 bernay-saint-martin
1091 0 42 berneuil-17
1740 0 50 mathes
65 0 7 vinax
170 0 26 vanzac
2526 0 537 saint-martin-de-re
2358 0 193 bois-plage-en-re
116 0 12 jussas
261 0 49 mazerolles-17
327 0 38 jard
150 0 37 saint-seurin-de-palenne
3453 0 130 chaniers
1727 0 139 pont-l-abbe-d-arnoult
472 0 39 moragne
6796 0 376 saujon
772 0 85 pessines
371 0 44 fleac-sur-seugne
658 0 23 chepniers
665 0 41 ozillac
1980 0 69 andilly-17
910 0 49 chambon-17
730 0 51 taillebourg-17
1655 0 74 breuil-magne
686 0 38 clotte
118 0 15 saint-severin-sur-boutonne
976 0 35 perignac-17
116 0 27 saint-dizant-du-bois
1230 0 90 saint-christophe-17
224 0 40 saint-pardoult
426 0 76 thors-17
334 0 46 colombiers-17
69 0 27 semillac
75170 0 2644 rochelle-17
1251 0 69 saint-germain-de-lusignan
1858 0 67 saint-laurent-de-la-pree
564 0 42 villars-en-pons
273 0 36 mung
1246 0 30 sainte-gemme-17
2041 0 82 semussac
97 0 11 saint-laurent-de-la-barriere
1010 0 21 benon
811 0 181 archiac
2744 0 290 jarrie-17
924 0 88 saint-cesaire
532 0 24 saint-ciers-du-taillon
2889 0 234 flotte
3489 0 74 saint-georges-d-oleron
1643 0 86 thou-17
233 0 21 saint-georges-de-longuepierre
897 0 163 eguille
495 0 59 dompierre-sur-charente
303 0 28 neuillac
336 0 17 doeuil-sur-le-mignon
8914 0 729 aytre
411 0 35 saint-martial-sur-ne
802 0 74 angliers-17
1287 0 83 bords
989 0 28 bussac-foret
584 0 36 landes
974 0 94 chapelle-des-pots
106 0 19 agudelle
729 0 73 virson
1189 0 72 saint-germain-de-marencennes
661 0 30 arces
115 0 26 sainte-colombe-17
134 0 38 saint-gregoire-d-ardennes
1039 0 85 tesson
86 0 38 chaunac
121 0 9 contre-17
416 0 25 breuil-la-reorte
261 0 30 villars-les-bois
17946 0 929 royan
497 0 29 echebrune
730 0 49 cravans
237 0 41 seure
532 0 59 saint-simon-de-pellouaille
398 0 29 marignac-17
497 0 27 sainte-lheurine
1090 0 36 cherac
1251 0 142 couarde-sur-mer
3173 0 109 dolus-d-oleron
1300 0 130 bussac-sur-charente
677 0 41 saint-sulpice-d-arnoult
353 0 20 saint-pierre-de-juillers
1250 0 66 saint-augustin-17
64 0 8 saleignes
627 0 43 germignac
584 0 25 nieul-le-virouil
204 0 77 croix-comtesse
1158 0 50 tonnay-boutonne
800 0 63 longeves-17
1187 0 53 saint-hilaire-de-villefranche
187 0 19 bagnizeau
158 0 20 salignac-de-mirambeau
718 0 49 beaugeay
170 0 20 saint-martin-de-juillers
920 0 38 marsais
231 0 21 cresse-17
472 0 32 avy
1278 0 139 burie
123 0 20 gicq
408 0 29 boscamnant
649 0 41 vouhe-17
1262 0 114 saint-genis-de-saintonge
2005 0 121 cozes
154 0 30 vibrac-17
146 0 31 polignac-17
813 0 51 taugon
340 0 38 annepont
554 0 32 champagnolles
295 0 35 meux-17
1154 0 238 croix-chapeau
1504 0 55 mirambeau-17
756 0 103 bree-les-bains
633 0 15 bedenac
125 0 22 expiremont
530 0 41 champagnac-17
316 0 25 thezac-17
140 0 24 chantemerle-sur-la-soie
332 0 59 ternant-17
271 0 27 virollet
636 0 26 nouillers
5329 0 290 dompierre-sur-mer
1591 0 80 saint-sauveur-d-aunis
149 0 17 villiers-couture
337 0 20 cherbonnieres
7669 0 408 saint-jean-d-angely
681 0 54 beauvais-sur-matha
510 0 40 balanzac
3381 0 272 bourcefranc-le-chapus
2422 0 58 saint-jean-de-liversay
281 0 28 villexavier
302 0 40 saint-hilaire-du-bois-17
697 0 34 aumagne
1743 0 62 saint-georges-du-bois-17
539 0 29 gripperie-saint-symphorien
543 0 25 bois-17
198 0 17 boresse-et-martron
218 0 48 belluire
368 0 42 thaims
3151 0 125 montendre
734 0 46 villeneuve-la-comtesse
2053 0 56 gua-17
1102 0 48 port-d-envaux
839 0 88 mornac-sur-seudre
116 0 10 gibourne
622 0 60 salignac-sur-charente
601 0 216 saint-martial-de-vitaterne
472 0 44 ecurat
5607 0 279 marennes-17
1620 0 49 saint-romain-de-benet
1664 0 87 courcon
729 0 38 saint-denis-du-pin
789 0 22 genouille-17
393 0 27 chadenac
2166 0 113 matha
249 0 47 cierzac
2218 0 191 fontcouverte-17
2337 0 62 charron-17
78 0 28 givrezac
589 0 113 clisse
480 0 38 mosnac-17
438 0 91 crazannes
359 0 22 saint-germain-du-seudre
1920 0 369 saint-rogatien
113 0 15 messac-17
1048 0 51 nieul-les-saintes
370 0 17 chives
160 0 21 annezay
2432 0 51 saint-savinien
164 0 33 taillant
595 0 27 saint-jean-d-angle
181 0 27 mortiers-17
1027 0 51 retaud
295 0 17 saint-loup-17
303 0 26 tanzac
212 0 5 genetouze-17
522 0 28 saint-dizant-du-gua
259 0 15 bresdon
1885 0 333 port-des-barques
212 0 37 vervant-17
922 0 49 asnieres-la-giraud
284 0 29 semoussac
630 0 40 plassac-17
399 0 33 champdolent
336 0 41 chamouillac
7758 0 225 tonnay-charente
3707 0 221 aigrefeuille-d-aunis
259 0 41 saint-georges-des-agoûts
94 0 16 blanzay-sur-boutonne
726 0 33 jarnac-champagne
99 0 9 villemorin
163 0 30 saint-sigismond-de-clermont
1232 0 60 ecoyeux
1013 0 167 grand-village-plage
707 0 38 douhet
2814 0 176 meschers-sur-gironde
252 0 34 brie-sous-mortagne
1146 0 56 saint-nazaire-sur-charente
227 0 20 saint-palais-de-phiolin
3314 0 225 echillais
617 0 45 puyravault-17
234 0 26 biron-17
206 0 49 nachamps
484 0 42 greve-sur-mignon
287 0 20 saint-crepin-17
2302 0 509 rivedoux-plage
2499 0 111 saint-agnant
348 0 55 soumeras
683 0 45 migron
562 0 121 saint-vaize
773 0 53 vandre
3958 0 252 saint-palais-sur-mer
244 0 21 torxe
684 0 31 boisredon
381 0 37 fontenet
2063 0 276 esnandes
622 0 46 romegoux
3186 0 323 sainte-marie-de-re
135 0 16 vergne-17330
25140 0 1145 rochefort-17
218 0 23 juicq
1023 0 54 mortagne-sur-gironde
740 0 60 ballon-17
645 0 161 montroy
786 0 107 loulay
418 0 37 benate
232 0 194 île-d-aix
293 0 17 saint-eugene-17
438 0 64 courcelles-17
7230 0 899 lagord
1329 0 57 saint-hippolyte-17
215 0 27 sousmoulins
1871 0 39 saint-just-luzac
254 0 33 allas-champagne
1400 0 53 meursac
371 0 23 courant
231 0 25 coulonges-17
140 0 29 sainte-ramee
486 0 83 rouffiac-17
962 0 40 saint-andre-de-lidon
207 0 66 boutenac-touvent
302 0 57 poursay-garnaud
508 0 36 fontaines-d-ozillac
539 0 37 eglises-d-argenteuil
416 0 27 courpignac
230 0 38 brives-sur-charente
280 0 30 saint-quantin-de-rancanne
147 0 24 neulles
166 0 69 chartuzac
2029 0 144 salles-sur-mer
1341 0 42 montlieu-la-garde
1473 0 84 saint-trojan-les-bains
1076 0 65 nuaille-d-aunis
1127 0 54 nieulle-sur-seudre
880 0 34 saint-saturnin-du-bois
1464 0 47 aulnay-17
5071 0 479 saint-georges-de-didonne
170 0 22 moings
2723 0 85 gemozac
296 0 26 macqueville
322 0 32 leoville
3920 0 250 chateau-d-oleron
1644 0 94 saint-porchaire
823 0 41 grezac
426 0 18 neuvicq
1438 0 55 yves
204 0 32 brie-sous-matha
98 0 15 seigne
728 0 50 soulignonne
221 0 9 villedieu-17
559 0 19 saint-thomas-de-conac
3577 0 163 sainte-soulle
819 0 35 epargnes
662 0 87 gue-d-allere
2560 0 133 saint-georges-des-coteaux
132 0 33 saint-maurice-de-tavernole
300 0 20 loire-sur-nie
2418 0 287 jarne
236 0 15 coivert
874 0 41 brizambourg
488 0 26 haimps
1235 0 31 muron
472 0 26 lorignac
201 0 19 nuaille-sur-boutonne
70 0 28 pin-17
482 0 44 jazennes
639 0 43 montpellier-de-medillan
170 0 33 voissay
212 0 18 siecq
4095 0 430 fouras
1050 0 60 corme-ecluse
1493 0 79 thaire
4584 0 66 tremblade
3480 0 265 jonzac
6029 0 914 chatelaillon-plage
196 0 20 pommiers-moulons
656 0 33 champagne-17
358 0 19 antezant-la-chapelle
373 0 87 laigne-17
651 0 39 archingeay
869 0 28 saint-bonnet-sur-gironde
5361 0 680 puilboreau
521 0 79 pisany
682 0 48 saint-simon-de-bordes
553 0 26 moeze
545 0 25 touches-de-perigny
88 0 19 talmont-sur-gironde
146 0 15 fenioux-17
509 0 27 brousse-17
862 0 44 mazeray
127 0 31 chervettes
222 0 50 merignac-17
447 0 49 reaux
257 0 34 brie-sous-archiac
155 0 13 lozay
78 0 26 frediere
364 0 28 saint-pierre-du-palais
713 0 106 loix
1425 0 89 villedoux
276 0 40 prignac
443 0 30 rouffignac
1628 0 59 corme-royal
363 0 23 neuvicq-le-chateau
1019 0 184 vergeroux
264 0 43 grandjean
1003 0 103 beurlay
1820 0 80 saint-medard-d-aunis
655 0 20 hiers-brouage
341 0 29 corignac
378 0 29 saint-coutant-le-grand
766 0 32 montils-17
336 0 27 paille
854 0 35 saint-fort-sur-gironde
246 0 53 pouillac
136 0 16 bazauges
493 0 57 saint-martin-d-ary
922 0 104 lussant
1460 0 80 montguyon
564 0 26 saint-maigrin
932 0 21 clerac
400 0 39 saint-georges-antignac
468 0 29 mons-17
310 0 20 saint-felix-17
697 0 72 venerand
455 0 22 saint-pierre-d-amilly
296 0 21 saint-sornin-17
1201 0 136 saint-ouen-d-aunis
418 0 26 saint-martin-de-coux
419 0 28 puy-du-lac
2619 0 219 marsilly-17
641 0 46 orignolles
430 0 45 bercloux
315 0 52 celles-17
720 0 105 saint-clement-des-baleines
348 0 32 nantille
628 0 44 vergne-17400
699 0 45 landrais
694 0 42 vallee-17
1307 0 86 cabariot
