730
1046



1 35 1
1 148 1
2 155 1
2 266 1
3 233 1
3 400 1
4 230 1
4 406 1
5 169 1
5 254 1
6 102 1
6 193 1
7 113 1
7 518 1
7 666 1
8 227 1
8 653 1
9 54 63
9 128 6
9 228 6
9 598 103
10 199 1
10 328 1
11 360 1
11 550 1
12 286 1
12 678 1
13 450 1
13 501 1
14 296 1
14 369 1
15 575 1
15 601 1
16 273 1
16 464 1
16 569 1
17 67 1
17 321 1
18 118 1
18 622 1
18 686 1
19 485 1
19 562 1
20 181 1
20 232 1
20 288 1
21 446 1
21 489 1
21 513 1
21 569 1
22 136 1
22 261 1
23 123 1
23 218 1
23 421 1
23 566 1
23 612 1
24 222 1
24 531 1
24 681 1
25 384 1
25 429 1
25 657 1
26 104 1
26 386 1
26 505 1
26 506 1
26 646 1
26 654 1
27 199 1
27 427 1
27 629 1
28 71 2
28 454 2
28 472 2
28 604 1
29 66 1
29 442 1
30 257 1
30 374 1
31 369 1
31 508 1
32 411 1
32 429 1
32 657 1
33 211 1
33 610 1
33 720 1
34 288 1
34 301 1
34 362 1
35 81 1
35 612 1
36 474 1
36 722 1
37 378 1
37 594 1
38 69 27
38 231 3
39 531 1
39 596 1
39 681 1
40 456 1
40 541 1
41 45 1
41 56 1
41 545 1
42 138 1
42 351 1
42 607 1
43 420 1
43 703 1
44 65 1
44 164 1
44 564 1
45 56 1
46 223 1
46 389 1
46 582 1
47 251 1
47 263 1
48 500 13
48 697 135
49 216 1
49 239 1
50 529 1
50 643 1
51 139 1
51 477 1
51 591 1
52 70 1
52 502 4
53 159 2
53 673 2
54 180 22
54 184 166
54 434 25
55 222 1
55 244 1
55 574 1
57 260 1
57 621 1
57 719 1
58 83 1
58 422 1
59 431 1
59 695 1
60 61 1
60 66 1
61 432 1
61 492 1
62 70 1
62 270 1
63 521 1
63 664 1
64 457 1
64 549 1
64 589 1
65 235 1
66 610 1
67 712 1
68 134 1
68 695 1
69 231 20
69 370 414
70 270 1
70 493 1
71 604 1
72 577 1
72 593 1
73 110 1
73 479 1
73 535 1
74 451 12
74 685 6
75 232 1
75 448 1
76 525 2
76 527 3
77 116 1
77 310 1
78 217 1
78 329 1
78 416 1
79 382 1
79 473 1
79 495 1
80 202 1
80 568 1
81 148 1
81 212 1
81 612 1
82 195 2
82 327 1
83 362 1
83 584 1
84 333 3
84 618 4
85 435 1
85 455 1
85 560 1
86 256 1
86 435 1
87 258 1
87 394 1
87 537 1
87 581 1
88 101 1
88 308 1
88 544 1
89 238 1
89 671 1
90 264 1
90 515 1
90 716 1
91 239 1
91 346 1
92 184 35
92 525 1
93 408 1
93 508 1
93 629 1
94 534 1
94 579 1
94 688 1
95 389 1
95 630 1
96 124 1
96 328 1
96 480 1
97 296 1
97 478 1
98 116 1
98 383 1
99 420 1
99 570 1
99 651 1
100 205 3
100 353 1
100 425 3
101 308 1
101 430 1
101 544 1
102 193 1
102 253 2
102 685 4
103 518 1
103 575 1
104 506 1
105 211 1
105 488 1
106 248 1
106 415 1
106 706 1
107 454 1
107 461 1
108 327 1
108 568 1
108 642 1
109 519 1
109 665 1
110 282 1
110 535 1
111 215 1
111 243 1
111 412 1
112 289 1
112 355 1
113 666 1
114 390 1
114 728 1
115 195 2
115 587 1
116 383 1
116 423 1
117 466 1
117 484 1
117 578 1
117 718 1
118 219 1
119 452 1
119 486 1
119 683 1
120 168 30
120 440 46
121 492 1
121 672 1
122 460 2
122 530 1
123 494 1
123 600 1
124 480 1
124 578 1
125 168 2
125 726 1
126 186 1
126 200 1
126 362 1
126 422 1
126 537 1
127 397 1
127 628 1
128 228 1
128 470 1
129 419 1
129 443 1
129 652 1
130 238 1
130 344 3
131 194 5
131 307 7
131 552 18
131 625 5
132 188 1
132 352 1
132 636 1
133 483 1
133 684 1
134 149 1
135 424 1
135 729 1
136 261 1
136 348 1
136 607 1
136 694 1
137 327 1
137 587 1
137 642 1
138 711 1
139 302 1
139 554 1
140 534 2
140 688 1
141 147 1
141 177 1
141 391 1
142 638 1
142 649 1
143 275 1
143 604 1
144 630 1
144 640 1
145 238 1
145 321 1
145 671 1
146 528 1
146 613 1
147 270 1
149 154 1
149 315 1
150 153 1
150 373 1
151 490 1
151 515 1
152 278 1
152 550 1
153 436 1
153 617 1
154 396 1
155 342 1
155 507 1
156 431 1
156 599 1
157 193 1
157 660 5
158 402 10
158 697 60
159 428 2
160 229 1
160 326 1
160 469 1
161 547 1
161 675 1
162 543 1
162 573 1
163 389 1
163 390 1
164 235 1
165 536 1
165 662 1
165 701 1
166 175 38
166 625 18
167 227 1
167 362 1
169 254 1
169 505 1
169 654 1
170 344 1
170 359 1
170 393 1
170 573 1
170 673 1
171 241 1
171 424 2
171 729 1
172 218 1
172 290 1
172 509 1
172 548 1
173 317 7
173 677 1
174 338 1
174 341 1
175 619 7
176 322 54
176 356 31
177 447 1
177 717 1
178 239 1
178 325 1
179 481 1
179 497 1
180 434 6
181 232 1
182 335 1
182 475 1
183 249 1
183 702 1
184 330 87
184 692 34
185 294 13
185 709 1
186 422 1
187 492 1
187 672 1
188 329 1
188 648 1
189 252 1
189 476 1
190 476 1
190 656 1
190 660 3
191 335 1
191 551 1
192 439 1
192 643 1
193 660 2
194 552 18
194 627 1
195 408 1
195 587 2
196 442 1
196 713 2
197 268 981
197 698 12
198 313 1
198 320 1
198 377 1
198 397 1
198 556 1
199 208 1
200 259 1
201 211 1
201 579 1
202 568 1
203 214 2
203 249 4
204 417 1
204 497 1
205 353 1
205 425 3
206 313 1
206 320 1
206 545 1
206 609 1
207 493 1
207 716 2
208 538 1
209 244 1
209 485 1
209 562 1
209 622 1
210 690 1
210 717 1
211 555 1
212 421 1
212 494 1
212 612 1
213 294 61
213 557 47
214 249 1
215 243 1
215 276 1
215 319 1
216 224 1
216 325 1
216 345 1
217 416 1
217 445 2
219 313 1
219 377 1
220 372 1
220 723 1
221 265 1
221 364 1
221 514 1
223 225 1
224 325 1
224 452 1
225 251 1
225 536 1
225 662 1
226 348 1
226 387 1
226 694 1
227 362 1
227 665 1
228 410 1
229 469 1
229 728 1
230 254 1
230 406 1
231 543 1
232 260 1
232 293 1
233 594 1
234 294 25
234 458 12
234 721 45
235 396 1
236 376 1
236 548 1
237 361 1
237 501 1
238 321 1
238 671 1
239 325 1
240 410 2
240 434 5
240 453 2
240 478 5
241 310 1
241 423 1
241 424 1
242 248 1
242 415 1
243 319 1
244 485 1
245 298 1
245 336 1
245 360 1
246 266 1
246 278 1
246 507 1
246 550 1
247 435 1
247 560 1
248 529 1
249 340 4
249 702 1
249 714 2
250 581 1
250 636 1
250 648 1
251 662 1
252 476 1
253 602 1
255 517 1
255 521 1
255 571 1
256 332 1
256 621 1
257 450 1
257 501 1
258 394 1
259 279 1
259 368 1
260 293 1
260 448 1
260 621 1
261 348 1
262 520 1
262 565 1
263 286 1
263 643 1
264 515 1
264 716 2
265 364 1
266 507 1
267 595 6
267 687 1
267 711 1
268 697 1686
269 305 1
269 650 4
270 493 1
271 331 1
271 647 1
272 358 1
272 591 1
273 658 1
274 301 1
274 647 1
275 343 1
275 604 1
276 412 1
276 682 1
277 381 1
277 472 1
277 532 1
277 546 1
278 507 1
278 597 1
279 623 1
280 415 1
280 475 1
280 585 1
281 287 1
281 299 1
281 703 3
282 535 1
282 659 1
283 420 1
283 570 1
283 701 1
284 413 1
284 640 1
284 661 1
285 549 1
285 589 1
286 678 1
287 703 1
287 705 1
289 355 1
290 509 1
290 548 1
291 468 1
291 646 1
292 355 1
292 468 1
294 559 74
295 353 1
295 580 4
296 369 1
297 300 1
297 443 1
297 564 1
298 336 1
298 384 1
299 691 1
300 564 1
300 576 1
300 638 1
301 464 1
301 647 1
302 588 1
303 500 2
303 691 1
304 306 1
304 574 1
305 650 4
306 624 1
306 626 1
306 666 1
307 552 24
309 371 1
309 389 1
310 432 1
311 679 32
311 708 64
311 726 25
312 314 1
312 489 1
314 489 1
315 487 1
315 707 1
316 338 1
316 491 1
316 690 1
317 426 44
318 491 1
318 588 1
320 397 1
320 401 1
320 463 1
323 366 1
323 598 19
324 399 1
324 489 1
324 513 1
326 645 1
327 724 1
328 578 1
329 504 1
329 618 4
331 569 1
332 621 1
333 526 6
333 616 2
334 392 1
334 714 1
335 515 1
337 559 6
337 709 1
338 683 1
339 453 1
339 478 4
340 691 4
340 702 3
341 488 1
341 683 1
342 704 1
343 547 1
343 675 1
344 573 1
345 688 1
346 620 1
346 641 2
347 438 1
347 471 1
347 689 1
349 365 1
349 726 1
350 422 1
350 510 1
351 607 1
352 541 1
354 523 1
354 591 1
355 468 1
355 727 1
356 363 13
356 611 12
357 576 1
357 663 1
357 730 1
358 588 1
359 599 1
360 550 1
361 462 2
361 501 1
361 693 3
362 537 1
363 428 4
363 611 5
364 414 1
364 514 1
365 679 6
366 568 1
366 616 1
367 439 1
367 588 1
367 706 1
368 510 1
368 561 1
370 440 165
370 595 190
371 727 1
372 700 4
372 723 1
373 436 1
373 617 1
374 445 1
374 631 1
375 598 88
375 686 5
376 548 1
376 600 1
377 609 1
378 594 1
379 533 1
379 566 1
380 523 1
380 554 1
380 620 1
381 479 1
382 473 1
382 495 1
382 633 1
383 396 1
384 446 1
385 394 1
385 581 1
386 655 1
387 694 1
388 519 1
388 696 1
389 582 1
390 469 1
391 449 1
391 699 1
392 402 7
392 590 4
393 652 1
395 606 1
395 638 1
396 707 1
397 622 1
398 407 1
398 465 1
399 513 1
400 569 1
400 668 1
401 467 1
401 605 1
401 628 1
402 590 5
403 406 1
403 506 1
403 614 1
404 623 1
404 637 1
405 407 1
405 557 3
407 465 1
407 527 1
407 557 7
409 444 1
409 503 1
409 621 1
410 434 2
411 571 1
412 682 1
413 536 1
413 661 1
414 538 1
415 706 1
416 623 1
417 497 1
418 458 2
418 534 1
418 586 2
418 721 9
419 542 1
420 570 1
421 539 1
421 566 1
423 424 1
427 629 1
428 677 1
429 657 1
430 455 1
431 669 1
431 695 1
431 712 1
433 551 1
433 690 1
435 719 1
436 617 1
437 669 1
437 695 1
437 712 1
438 720 1
439 588 1
441 443 1
441 638 1
442 713 1
444 503 1
445 504 1
445 631 1
447 677 1
448 584 1
448 632 1
449 699 1
450 501 1
451 552 49
451 627 3
453 478 2
454 601 1
455 560 1
455 667 1
455 670 1
456 541 1
457 655 1
457 728 1
459 597 1
459 704 1
460 558 1
460 559 54
460 641 14
461 601 1
461 626 1
462 511 1
463 603 1
465 527 1
466 484 1
466 583 1
467 556 1
467 603 1
469 477 1
469 572 1
470 692 2
470 693 2
471 689 1
472 546 1
472 575 1
474 722 1
475 585 1
476 656 1
477 577 1
479 532 1
480 578 1
481 719 1
482 637 1
482 639 1
482 725 1
483 680 1
483 684 1
483 689 1
485 562 1
486 683 1
487 707 1
488 683 1
488 699 1
488 720 1
489 569 1
490 515 1
495 617 1
496 514 1
496 538 2
496 598 49
498 559 34
498 567 1
498 700 9
498 709 2
499 632 1
499 634 1
502 660 39
503 600 1
504 631 1
505 608 1
505 614 1
505 654 1
505 674 1
506 674 1
508 629 1
510 634 1
511 722 1
512 572 1
512 615 1
512 645 1
514 592 1
516 642 1
516 724 1
517 521 1
517 571 1
517 696 1
518 666 1
519 696 1
519 704 1
520 691 1
521 664 1
522 530 1
522 688 1
523 591 1
523 635 1
524 534 1
524 586 2
525 527 1
526 616 3
528 613 1
531 628 1
531 681 1
532 563 1
533 566 1
533 658 1
534 586 2
534 688 1
536 661 1
536 701 1
537 581 1
538 718 1
539 594 1
540 640 1
540 644 1
541 581 1
541 648 1
541 696 1
542 687 1
542 711 2
543 673 1
545 609 1
546 604 1
547 563 1
547 675 1
549 572 1
549 589 1
551 553 1
551 585 1
551 717 1
553 717 1
554 635 1
555 579 1
556 603 1
558 723 1
561 623 1
561 637 1
562 622 1
562 659 2
565 602 1
565 710 1
567 700 1
567 725 1
569 668 1
572 589 1
572 645 1
574 681 2
576 652 1
576 663 1
577 593 1
580 679 10
580 708 20
583 633 1
583 718 1
590 698 2
592 617 2
593 678 1
596 605 1
599 715 1
602 710 1
603 605 1
606 663 1
606 730 1
608 674 1
610 720 1
611 619 3
613 632 1
613 719 1
615 645 1
624 626 1
630 640 1
630 644 1
632 634 1
637 725 1
639 725 1
640 644 1
642 724 1
649 680 1
649 689 1
650 708 22
651 705 1
652 673 1
653 665 1
663 730 1
667 670 1
669 712 1
669 715 1
672 713 2
676 687 1
676 711 1
679 726 5
680 689 1
687 711 1
691 703 2
703 705 1



108 0 32 attilloncourt
515 0 48 berthelming
87 0 11 juvelize
71 0 19 aboncourt-sur-seille
91 0 26 ajoncourt
834 0 123 roncourt
535 0 102 arzviller
76 0 15 guinzeling
8193 0 1478 behren-les-forbach
159 0 49 loutzviller
339 0 29 haut-clocher
494 0 37 bazoncourt
785 0 238 ippling
596 0 113 blies-ebersing
658 0 90 henridorff
626 0 56 val-de-bride
528 0 82 haute-kontz
342 0 66 xouaxange
1173 0 108 niderviller
88 0 8 lidrezing
491 0 18 maizieres-les-vic
482 0 51 beyren-les-sierck
2422 0 225 chateau-salins
430 0 95 voyer
170 0 9 fribourg
989 0 194 delme
864 0 57 volmunster
4736 0 360 phalsbourg
729 0 83 teterchen
405 0 90 guebenhouse
318 0 35 obergailbach
92 0 5 guermange
409 0 26 ottonville
283 0 29 bourgaltroff
314 0 38 bioncourt
563 0 97 barst
108 0 17 ley
2642 0 254 manom
783 0 14 saint-quirin
101 0 36 givrycourt
97 0 20 ibigny
1215 0 97 roussy-le-village
596 0 105 fey
300 0 40 saint-francois-lacroix
191 0 15 foulcrey
115 0 32 buchy-57
274 0 54 beux
9707 0 898 marly-57
115 0 32 hallering
1162 0 90 mecleuves
239 0 22 villers-stoncourt
542 0 68 hauconcourt
1826 0 203 metzervisse
12438 0 3455 stiring-wendel
1319 0 102 troisfontaines
136 0 27 richeval
3772 0 245 morhange
126 0 14 vahl-les-benestroff
421 0 47 manderen
346 0 56 tromborn
361 0 85 oberdorff
1715 0 236 ennery-57
131 0 20 bassing
126 0 22 morville-sur-nied
252 0 30 laumesfeld
464 0 78 brettnach
740 0 107 rettel
183 0 31 merschweiller
16171 0 1157 yutz
1310 0 114 argancy
598 0 83 danne-et-quatre-vents
2121 0 111 remilly-57
432 0 38 brouviller
2364 0 332 montois-la-montagne
223 0 33 vallerange
3496 0 622 cocheren
216 0 44 colmen
903 0 87 hilsprich
762 0 19 baerenthal
1031 0 116 wiesviller
291 0 59 pettoncourt
1314 0 83 gros-rederching
533 0 55 benestroff
1500 0 237 willerwald
103 0 28 brehain
57 0 14 bellange
289 0 39 nelling
19 0 4 hannocourt
2660 0 104 cattenom
301 0 157 mey
1030 0 93 bambiderstroff
2581 0 507 morsbach
561 0 42 rimling
259 0 57 bisten-en-lorraine
308 0 52 vigny-57
279 0 46 rolbing
600 0 166 blies-guersviller
448 0 47 schwerdorff
657 0 256 pournoy-la-chetive
2290 0 179 boulange
104 0 19 oron
1668 0 285 saint-privat-la-montagne
764 0 483 saint-jean-kourtzerode
97 0 29 donjeux-57
5070 0 259 boulay-moselle
937 0 149 ars-laquenexy
353 0 77 hultehouse
806 0 99 wittring
197 0 23 insviller
585 0 147 lixheim
130 0 27 arraincourt
149 0 20 moncheux
683 0 73 saint-louis-57
114 0 20 tragny
1495 0 135 petit-rederching
338 0 88 neunkirchen-les-bouzonville
248 0 28 hanviller
162 0 16 bebing
519 0 37 varize-57
11454 0 869 florange
501 0 90 berviller-en-moselle
511 0 85 tritteling-redlach
127 0 15 morville-les-vic
391 0 59 waldhouse
774 0 76 ranguevaux
301 0 46 lening
464 0 52 nitting
1125 0 190 bousbach
174 0 30 budling
2080 0 113 k혵oenigsmacker
2898 0 380 vitry-sur-orne
147 0 57 kirviller
440 0 59 hestroff
136 0 22 ritzing
445 0 98 alzing
1103 0 110 rodemack
760 0 107 etting
872 0 52 zoufftgen
119 0 30 chanville
2570 0 191 porcelette
214 0 13 saint-hubert
473 0 47 chemery-les-deux
291 0 92 berling
333 0 36 goin
592 0 142 gavisse
191 0 26 viller
122 0 25 antilly-57
102 0 11 gremecey
258 0 33 launstroff
1678 0 111 montbronn
667 0 98 charly-oradour
767 0 64 sarraltroff
1178 0 109 soucht
730 0 62 waldwisse
365 0 34 romelfing
431 0 46 montenach
1495 0 256 pierrevillers
4252 0 2674 ban-saint-martin
1442 0 118 volstroff
117 0 34 adaincourt
275 0 57 veckersviller
1153 0 255 kuntzig
516 0 31 luppy
440 0 35 bibiche
580 0 80 pournoy-la-grasse
10100 0 965 amneville
46 0 11 marimont-les-benestroff
4177 0 1113 seremange-erzange
238 0 46 aulnois-sur-seille
779 0 194 elzange
4132 0 297 bouzonville
110 0 37 gerbecourt
1540 0 328 ay-sur-moselle
259 0 20 charleville-sous-bois
6009 0 1465 mondelange
6906 0 1242 uckange
625 0 45 bettelainville
429 0 45 haute-vigneulles
103 0 20 suisse
2794 0 688 sch혵oeneck
67 0 17 zarbeling
501 0 208 nouilly
485 0 166 jussy-57
21510 0 1318 forbach
2920 0 172 macheren
64 0 33 montdidier-57
497 0 100 villing
863 0 45 val-de-gueblange
1492 0 152 saulny
915 0 190 feves
438 0 141 servigny-les-sainte-barbe
973 0 192 courcelles-sur-nied
527 0 335 bronvaux
2897 0 541 rosselange
2126 0 160 rohrbach-les-bitche
1145 0 207 hargarten-aux-mines
13046 0 894 woippy
248 0 51 landange
150 0 30 nousseviller-les-bitche
758 0 60 francaltroff
288 0 46 momerstroff
691 0 110 w혵oelfling-les-sarreguemines
5110 0 732 moulins-les-metz
156 0 44 boustroff
1970 0 210 tressange
482 0 21 gondrexange
859 0 113 maxe
220 0 41 lengelsheim
301 0 141 schneckenbusch
547 0 36 vry
245 0 25 denting
1344 0 68 vic-sur-seille
13229 0 1460 freyming-merlebach
524 0 738 sainte-ruffine
192 0 23 lesse
137 0 38 narbefontaine
1135 0 122 remering-les-puttelange
150 0 19 amelecourt
109 0 64 barchain
774 0 91 pontpierre
632 0 60 siersthal
918 0 221 hartzviller
107 0 19 liehon
83 0 27 brouck
371 0 50 orny
232 0 103 evrange
9 0 2 molring
1188 0 266 kerbach
124 0 27 flocourt
134 0 32 manhoue
1979 0 350 illange
204 0 19 rodalbe
102 0 13 lezey
5434 0 1361 hopital
462 0 59 waldweistroff
178 0 24 burlioncourt
1008 0 140 tenteling
557 0 126 malling
644 0 81 zimming
2638 0 460 alsting
489 0 81 heining-les-bouzonville
1801 0 215 peltre
68 0 23 holacourt
618 0 124 plaine-de-walsch
141 0 21 kerprich-aux-bois
618 0 60 gosselming
184 0 18 marthille
1129 0 356 jury
1404 0 213 rozerieulles
399 0 46 kappelkinger
413 0 40 pontoy
775 0 249 plesnois
2163 0 221 amanvillers
160 0 31 fossieux
111 0 19 cutting
52 0 26 pevange
630 0 97 metzing
228 0 46 petit-tenquin
621 0 59 hellimer
633 0 88 racrange
900 0 84 puttelange-les-thionville
175 0 18 vionville
260 0 48 aube-57
923 0 376 vantoux
1241 0 127 enchenberg
332 0 33 saint-jean-de-bassel
1316 0 329 entrange
120738 0 2878 metz
1074 0 310 russange
348 0 47 chailly-les-ennery
223 0 26 lindre-basse
339 0 38 maizeroy
139 0 20 blanche-eglise
65 0 17 guebestroff
245 0 135 vescheim
146 0 26 thicourt
253 0 64 wintersbourg
325 0 64 oberstinzel
375 0 64 diffembach-les-hellimer
1115 0 176 montoy-flanville
1961 0 152 noveant-sur-moselle
613 0 81 hilbesheim
673 0 131 pouilly-57
449 0 42 sillegny
207 0 28 lucy-57
321 0 66 sanry-sur-nied
500 0 72 arry-57
140 0 20 guebling
111 0 18 juville
149 0 28 vaxy
173 0 27 puzieux-57
143 0 34 alaincourt-la-cote
179 0 19 conthil
7440 0 607 hombourg-haut
1270 0 145 angevillers
547 0 198 frauenberg
680 0 102 veckring
93 0 8 rhodes
1220 0 68 gorze
244 0 58 klang
566 0 42 vergaville
199 0 62 maizery
1561 0 259 jouy-aux-arches
391 0 61 harreberg
984 0 178 redange
356 0 102 hommert
3907 0 1298 clouange
63 0 14 fremery
209 0 28 secourt
181 0 62 v혵oelfling-les-bouzonville
15604 0 1277 hayange
108 0 10 ommeray
499 0 135 heming
188 0 8 garde-57
315 0 48 remeling
424 0 70 etangs
7515 0 2031 talange
679 0 149 silly-sur-nied
63 0 17 chenois
1310 0 149 lorquin
430 0 147 berg-sur-moselle
12637 0 1015 fameck
1448 0 552 remelfing
698 0 67 avricourt-57
311 0 37 marange-zondrange
228 0 32 arriance
1010 0 83 achen
313 0 27 schweyen
1259 0 117 holving
6593 0 1305 petite-rosselle
68 0 16 tarquimpol
189 0 29 riche-57
2736 0 155 hambach
800 0 280 lessy
562 0 83 failly
224 0 36 diane-capelle
565 0 116 altviller
611 0 55 conde-northen
2035 0 338 rouhling
4846 0 417 ars-sur-moselle
304 0 50 hinckange
732 0 50 fenetrange
281 0 62 hangviller
2250 0 223 basse-ham
158 0 35 obervisse
901 0 148 fletrange
93 0 29 valmunster
575 0 149 mondorff
285 0 35 lommerange
209 0 41 erstroff
1131 0 161 boust
222 0 33 honskirch
456 0 47 havange
259 0 36 raville
93 0 26 foville
7127 0 853 guenange
511 0 33 hombourg-budange
930 0 108 pange
747 0 36 oudrenne
529 0 40 langatte
1647 0 210 diebling
371 0 50 nebing
2910 0 330 bousse-57
547 0 98 lambach
3100 0 183 fontoy
1294 0 185 sarreinsming
563 0 150 ogy
295 0 53 fremestroff
1015 0 93 bliesbruck
41015 0 822 thionville
225 0 27 sailly-achatel
1379 0 140 teting-sur-nied
534 0 117 saint-louis-les-bitche
513 0 115 ernestviller
12565 0 766 sarrebourg
52 0 16 obreck
38 0 19 neufmoulins
83 0 12 moncourt
117 0 14 haraucourt-sur-seille
299 0 28 guinglange
217 0 54 bourscheid
443 0 26 eguelshardt
309 0 36 flastroff
186 0 10 languimberg
129 0 32 rening
181 0 21 tincry
254 0 72 hagen
251 0 9 belles-forets
1060 0 145 solgne
542 0 56 bechy
201 0 39 burtoncourt
2726 0 603 scy-chazelles
397 0 69 inglange
142 0 51 grening
865 0 61 ebersviller
318 0 46 grindorff-bizing
251 0 97 hermelange
671 0 141 guenviller
595 0 24 rechicourt-le-chateau
201 0 15 donnelay
297 0 56 niderhoff
3826 0 1411 longeville-les-metz
162 0 19 jallaucourt
317 0 40 maxstadt
719 0 182 henriville
141 0 19 malaucourt-sur-seille
1907 0 236 seingbouse
835 0 45 bettviller
22 0 6 sotzeling
1136 0 229 etzling
36 0 5 zommange
101 0 17 brulange
294 0 88 coin-sur-seille
595 0 71 hottviller
306 0 42 coincy-57
1003 0 82 saint-jean-rohrbach
227 0 39 adelange
1092 0 199 diesen
214 0 37 rochonvillers
721 0 108 coin-les-cuvry
371 0 25 moyenvic
38 0 62 neufvillage
422 0 95 guerstling
869 0 51 filstroff
2308 0 222 aumetz
9414 0 1711 hagondange
366 0 50 ormersviller
2211 0 249 rurange-les-thionville
138 0 8 assenoncourt
87 0 15 chicourt
546 0 169 rustroff
223 0 51 chateau-rouge
280 0 44 glatigny-57
3212 0 396 spicheren
83 0 17 achain
716 0 112 meisenthal
983 0 293 apach
214 0 57 bettange
1020 0 112 laquenexy
6445 0 1682 terville
155 0 34 menskirch
660 0 90 dalem
158 0 28 kemplich
62 0 4 wuisse
3147 0 188 puttelange-aux-lacs
118 0 7 azoudange
570 0 49 flevy
240 0 41 bermering
182 0 36 megange
1358 0 204 hundling
7939 0 827 moyeuvre-grande
83 0 20 bannay-57
930 0 220 lixing-les-rouhling
625 0 107 lutzelbourg
76 0 12 chateau-brehain
222 0 33 munster-57
117 0 30 bacourt
3655 0 1368 carling
208 0 41 postroff
5549 0 295 faulquemont
523 0 62 garrebourg
1513 0 134 farschviller
97 0 43 laneuveville-les-lorquin
3780 0 404 dieuze
881 0 197 betting
133 0 22 liederschiedt
211 0 16 hattigny
144 0 45 liocourt
241 0 119 han-sur-nied
1358 0 114 folkling
125 0 37 remelfang
665 0 86 mittelbronn
596 0 25 philippsbourg
701 0 117 cappel
1017 0 391 noisseville
1068 0 126 norroy-le-veneur
393 0 41 vittoncourt
3302 0 252 grosbliederstroff
111 0 40 herange
524 0 51 walschbronn
90 0 12 destry
550 0 81 laning
559 0 59 gomelange
137 0 34 bousseviller
928 0 195 brouderdorff
472 0 59 helstroff
469 0 23 kirschnaumen
378 0 150 roupeldange
260 0 14 bourdonnay
386 0 147 chieulles
3041 0 159 courcelles-chaussy
458 0 92 remering
386 0 109 malroy
173 0 13 salonnes
289 0 6 mouterhouse
5319 0 129 bitche
227 0 33 eincheville
3333 0 360 valmont-57
336 0 17 bistroff
2233 0 149 augny
1170 0 190 nousseviller-saint-nabor
10710 0 1214 maizieres-les-metz
119 0 15 chateau-voue
356 0 84 richeling
274 0 42 laneuveville-en-saulnois
74 0 13 lemoncourt
427 0 64 bettborn
431 0 63 erching
55 0 15 lubecourt
420 0 71 freybouse
966 0 124 loupershouse
261 0 31 many
647 0 82 moussey-57
371 0 44 reyersviller
332 0 107 vany
813 0 38 rahling
72 0 14 lostroff
875 0 85 hommarting
603 0 35 mittersheim
196 0 173 dornot
96 0 14 domnom-les-dieuze
3794 0 154 longeville-les-saint-avold
375 0 44 bionville-sur-nied
879 0 155 guerting
764 0 541 rosbruck
3258 0 296 woustviller
1238 0 335 bening-les-saint-avold
206 0 23 harprich
535 0 123 chesny
364 0 77 laudrefang
305 0 198 vasperviller
126 0 30 fleisheim
105 0 10 saint-medard-57
952 0 229 varsberg
255 0 39 vieux-lixheim
1931 0 495 verny
642 0 33 albestroff
576 0 43 schorbach
116 0 14 xanrey
664 0 57 cheminot
451 0 34 vibersviller
2696 0 174 ottange
1027 0 231 stuckange
130 0 8 fonteny
213 0 26 saint-georges-57
270 0 75 zilling
301 0 23 schalbach
75 0 10 puttigny
184 0 36 baudrecourt-57
377 0 56 dolving
725 0 52 sainte-barbe-57
9937 0 850 rombas
525 0 94 sanry-les-vigy
144 0 10 hemilly
684 0 45 coume
46 0 11 aspach-57
5741 0 834 farebersviller
245 0 39 vahl-les-faulquemont
16273 0 458 saint-avold
84 0 19 villers-sur-nied
409 0 83 altrippe
1228 0 109 buhl-lorraine
75 0 30 bickenholtz
391 0 35 monneren
333 0 24 rezonville
260 0 23 marsal-57
503 0 102 lelling
845 0 121 zetting
236 0 19 gelucourt
753 0 138 cuvry
58 0 13 rorbach-les-dieuze
332 0 40 vatimont
253 0 66 valmestroff
1636 0 42 walscheid
234 0 167 waltembourg
1085 0 277 kedange-sur-canner
266 0 66 voimhaut
346 0 31 breidenbach
244 0 42 niedervisse
4839 0 1722 nilvange
606 0 84 insming
38 0 16 silly-en-saulnois
137 0 9 roppeviller
265 0 24 virming
1339 0 137 retonfey
2778 0 425 ham-sous-varsberg
1194 0 75 bining
310 0 85 colligny
164 0 35 saint-epvre
2135 0 840 plappeville
360 0 25 servigny-les-raville
1516 0 138 lemberg
268 0 51 ancerville-57
92 0 11 bezange-la-petite
7489 0 460 hettange-grande
23 0 0 turquestein-blancrupt
208 0 51 hellering-les-fenetrange
21540 0 725 sarreguemines
528 0 29 kerling-les-sierck
201 0 17 hampont
489 0 165 dannelbourg
581 0 63 verneville
86 0 19 fraquelfing
365 0 73 vilsberg
213 0 19 lafrimbolle
387 0 65 aboncourt-57
591 0 55 breistroff-la-grande
108 0 15 viviers-57
190 0 123 hertzing
248 0 52 velving
2607 0 382 bertrange
378 0 26 chambrey
288 0 37 landroff
184 0 14 fresnes-en-saulnois
268 0 40 mainvillers
1433 0 199 neufgrange
1699 0 209 goetzenbruck
4547 0 166 sarralbe
1894 0 223 richemont-57
368 0 51 elvange
271 0 25 haboudange
603 0 46 hesse
461 0 63 leyviller
2625 0 54 dabo
2908 0 712 gandrange
321 0 52 haselbourg
507 0 93 moyeuvre-petite
303 0 31 metairies-saint-quirin
578 0 54 epping
239 0 46 pagny-les-goin
666 0 106 grundviller
245 0 28 berig-vintrange
187 0 5 sturzelbronn
566 0 25 grostenquin
210 0 35 fouligny
112 0 65 hazembourg
308 0 45 biding
335 0 84 dalstein
733 0 115 lixing-les-saint-avold
822 0 51 louvigny-57
3999 0 382 crehange
853 0 63 kalhausen
326 0 58 sorbey-57
316 0 29 saint-jure
469 0 48 herny
79 0 16 xocourt
57 0 23 lindre-haute
338 0 47 vittersbourg
1083 0 73 freistroff
6242 0 404 audun-le-tiche
643 0 78 marieulles
560 0 88 buding
134 0 21 torcheville
266 0 29 craincourt
104 0 15 prevocourt
872 0 379 semecourt
107 0 21 desseling
222 0 26 mulcey
2470 0 212 reding
5842 0 383 marange-silvange
698 0 161 pommerieux-57
272 0 53 cherisey
828 0 86 metzeresche
126 0 15 bidestroff
137 0 25 lhor
385 0 71 guntzviller
117 0 24 dalhain
180 0 36 gueblange-les-dieuze
1707 0 355 sierck-les-bains
88 0 9 vannecourt
382 0 108 fixem
1529 0 292 merten
1613 0 203 distroff
61 0 13 oriocourt
360 0 69 metting
1987 0 153 volmerange-les-mines
1087 0 144 tremery
299 0 70 lemud
3304 0 1359 knutange
497 0 83 anzeling
1510 0 36 abreschviller
43 0 16 thonville
573 0 96 volmerange-les-boulay
1012 0 105 piblange
3795 0 372 sainte-marie-aux-chenes
688 0 112 imling
609 0 46 escherange
544 0 81 boucheporn
445 0 91 holling
240 0 20 hayes-57
1414 0 155 ancy-sur-moselle
2544 0 579 oeting
2452 0 301 theding
375 0 35 basse-rentgen
297 0 33 kirsch-les-sierck
302 0 13 loudrefing
22540 0 3364 montigny-les-metz
1516 0 248 lorry-les-metz
184 0 35 guinkirchen
4217 0 445 folschviller
1034 0 106 fleury-57
865 0 130 vaux-57
2224 0 271 corny-sur-moselle
258 0 19 niederstinzel
611 0 53 lorry-mardigny
501 0 155 marsilly-57
286 0 26 halstroff
6544 0 940 algrange
793 0 100 lachambre
711 0 125 gravelotte
1044 0 122 kanfen
485 0 152 contz-les-bains
2559 0 421 falck
2292 0 177 chatel-saint-germain
645 0 170 hunting
2991 0 657 saint-julien-les-metz
1446 0 84 vigy
277 0 10 haspelschiedt
412 0 66 baronville
373 0 112 eblange
13483 0 504 creutzwald
651 0 68 hoste
933 0 92 guessling-hemering
347 0 148 schmittviller
547 0 86 vahl-ebersing
2538 0 151 neufchef
42 0 13 vulmont
161 0 21 thimonville
574 0 122 vaudreching
905 0 70 luttange
