411
644



1 2 342
1 214 214
2 194 429
2 207 544
3 4 314
3 166 417
4 5 481
5 162 674
5 164 275
6 7 167
6 178 855
7 109 233
7 178 1047
8 27 992
8 37 125
9 99 233
9 100 944
10 13 2043
10 19 644
11 12 1286
11 14 743
11 19 371
12 14 1887
13 14 1933
13 19 990
14 19 571
14 271 659
15 17 879
15 18 9696
16 17 381
16 18 4933
17 18 6282
18 29 12121
18 270 3782
20 126 1402
20 153 208
21 283 318
21 284 402
22 87 523
22 262 616
23 87 1616
23 184 1378
24 25 140
24 41 123
24 261 277
25 261 158
26 34 653
26 36 716
27 29 54224
27 33 2698
27 37 1713
27 270 4518
28 33 733
28 34 650
29 31 21688
29 36 15196
29 66 10423
29 90 13230
29 184 2244
29 197 5248
29 270 36529
30 34 541
30 66 3124
31 35 889
32 33 889
32 36 928
33 36 739
33 37 381
34 274 188
35 267 585
38 39 154
38 223 1280
39 40 1451
39 125 67
40 125 349
40 223 5098
40 409 305
41 48 199
42 43 219
42 53 215
43 45 252
43 258 284
44 45 811
44 258 1009
45 258 313
46 47 772
46 94 310
46 142 119
47 94 642
47 142 519
48 53 278
48 119 136
49 50 1306
49 103 144
49 208 440
50 56 2546
50 129 400
50 132 546
51 52 220
51 93 464
52 65 351
53 54 265
53 75 95
54 121 159
55 191 830
55 285 733
56 103 908
56 191 1041
57 58 1142
57 98 199
58 59 717
59 275 281
60 61 587
60 242 303
60 252 546
61 63 581
62 63 471
62 239 401
62 295 250
63 239 299
64 65 2297
64 134 762
65 92 669
65 114 638
66 67 1933
66 90 10999
66 275 1156
66 276 4369
67 91 273
68 70 553
68 71 472
69 70 345
69 72 5737
70 71 335
71 72 5919
71 263 382
72 184 2067
72 262 3461
72 280 976
73 120 150
73 183 190
74 77 3393
74 80 379
74 84 946
75 77 2471
75 85 245
76 82 574
76 83 829
77 78 3678
77 85 3304
77 114 903
77 280 1010
78 81 438
78 85 340
79 80 209
79 83 422
80 84 1073
81 83 1006
82 83 1468
82 84 1668
83 84 2377
86 87 920
86 88 541
87 88 1131
88 89 582
88 90 4917
89 90 2989
89 91 193
90 91 3217
90 184 1805
92 93 1726
92 114 5874
92 123 2487
92 131 1857
92 135 1154
95 96 3004
95 106 1534
95 209 2761
95 278 1267
95 279 810
95 280 599
96 106 384
96 124 220
97 99 795
97 100 3487
98 99 483
98 100 2138
99 100 3448
100 197 7323
100 200 2265
101 198 461
101 201 332
102 108 451
102 193 919
102 196 307
104 105 179
104 180 283
104 182 223
105 179 470
105 180 154
105 181 78
105 182 122
105 183 163
107 108 3676
107 178 1851
107 197 22744
107 200 6386
109 194 339
109 207 240
110 112 646
110 115 1011
110 116 923
111 113 329
111 114 4417
111 115 590
112 114 4226
112 116 500
113 115 499
113 122 333
113 277 262
114 115 6822
114 123 5687
114 209 1610
115 277 426
116 134 358
117 118 1506
117 295 108
118 215 20536
118 319 1130
119 121 107
119 261 134
119 263 325
120 121 385
120 263 394
122 123 2051
123 124 1299
123 209 2787
123 280 399
126 127 2098
126 128 2624
126 342 1197
126 345 1187
127 128 430
128 130 257
129 130 124
131 169 206
132 133 2023
132 138 3334
132 185 2069
132 191 584
132 281 726
133 141 183
134 136 794
135 136 343
137 138 639
137 140 257
138 139 2251
138 140 493
138 141 1686
138 185 1741
139 141 389
142 284 138
143 144 2441
143 154 5425
143 156 1213
144 154 2350
145 149 748
145 154 3622
145 156 820
145 160 795
146 147 3096
146 148 3043
146 151 3185
146 161 4031
146 163 5490
146 220 683
146 260 3033
147 151 305
147 156 280
147 160 272
148 161 381
149 154 1123
150 153 539
150 158 712
150 164 517
151 159 322
151 161 398
151 163 545
152 175 274
152 176 229
153 164 201
155 157 1285
155 165 283
156 160 259
157 165 1175
158 171 646
158 177 776
159 161 421
162 164 333
162 172 507
165 173 617
166 167 571
166 397 324
167 168 691
167 397 457
167 410 373
168 394 507
169 209 1033
170 171 484
170 172 735
170 177 687
171 177 557
172 177 784
173 174 1333
173 176 270
174 259 173
175 176 361
175 177 472
176 177 410
178 197 3565
178 280 944
179 180 393
179 183 1245
180 182 1055
181 182 599
185 186 5246
185 187 4461
185 188 4243
185 191 3045
185 282 1097
186 187 501
186 188 502
189 191 2647
189 282 487
190 191 989
190 285 247
191 285 2002
192 196 317
192 197 7477
192 205 341
193 198 1555
193 202 1418
194 195 697
194 203 506
194 207 441
195 197 12318
195 203 763
196 205 272
197 200 43647
197 205 6513
197 215 6769
198 202 1001
199 200 3718
199 203 763
199 204 653
200 202 3467
201 202 709
201 204 480
202 204 612
206 207 146
206 208 411
210 211 881
210 212 634
210 213 121
210 214 190
211 212 992
212 214 618
213 214 509
215 319 155073
215 342 140561
215 345 144057
215 409 132945
216 217 340
216 220 1506
217 220 1712
218 220 1452
218 221 172
218 222 375
219 220 1911
219 222 502
220 221 825
220 222 1993
220 223 3351
220 260 1369
221 259 177
224 229 270
224 230 576
224 234 294
225 348 957
225 374 413
226 227 727
226 348 2053
226 356 829
227 234 324
228 236 360
228 237 266
229 232 493
229 233 280
230 234 644
231 286 334
231 298 379
232 233 442
232 374 596
235 236 686
235 237 508
235 283 207
236 237 362
238 355 515
238 356 375
239 254 450
239 255 377
240 243 727
240 404 323
241 333 1755
241 401 550
242 251 617
242 252 738
242 392 1021
243 401 889
244 248 676
244 252 750
244 253 942
245 254 619
245 255 515
246 250 1552
246 257 1072
247 250 489
247 254 581
248 253 751
248 315 1486
248 333 1665
249 254 609
249 255 489
250 256 377
251 392 1232
251 395 566
254 255 546
254 299 397
256 334 386
257 313 559
257 330 288
259 260 1062
261 262 722
261 263 520
264 265 847
264 266 335
264 270 2605
265 266 661
266 270 2110
267 270 3462
267 272 1344
268 269 873
268 271 530
269 271 1082
270 272 6312
273 274 348
273 276 1095
274 276 1313
275 276 1321
278 279 1231
281 282 248
283 284 239
286 298 460
286 303 360
287 290 890
287 296 1387
288 293 486
288 294 567
289 290 456
289 294 532
289 302 347
290 294 547
290 296 716
291 297 795
291 307 400
292 304 291
292 305 427
293 301 518
293 303 389
294 302 418
295 304 258
295 305 363
297 307 559
297 316 1627
297 373 689
298 303 411
299 300 319
300 307 313
301 389 403
302 304 299
302 305 444
302 306 482
302 307 275
303 390 457
304 305 497
305 306 780
308 324 3368
308 331 1063
309 312 1070
309 336 776
310 318 1172
310 321 1562
310 331 504
311 329 1307
311 334 831
312 314 2109
312 317 909
313 314 1808
313 319 3200
315 329 2306
315 333 4418
316 326 1233
316 373 1013
317 322 404
317 326 555
318 320 3303
318 327 2364
318 331 1105
319 328 1912
319 334 2123
319 409 6710
320 327 3026
321 324 4655
321 331 1471
322 326 467
323 332 649
323 345 1677
323 361 737
324 331 1510
325 335 940
325 336 1153
327 332 1511
327 361 1731
328 335 522
329 334 868
330 334 427
331 333 1528
332 363 1406
335 336 736
337 342 2174
337 346 469
338 350 1807
338 358 1282
339 341 380
339 367 529
340 343 1298
340 347 924
340 355 1064
341 359 358
341 360 716
341 367 681
342 345 6524
342 346 1425
342 349 1652
342 382 3107
343 347 777
343 356 658
344 352 1825
344 355 1750
345 357 2249
345 409 6621
346 349 358
346 351 550
347 356 468
348 364 1313
348 374 1073
349 353 763
349 362 857
350 358 2566
351 360 1016
351 362 1326
352 355 763
353 362 1587
354 357 588
354 400 373
359 364 428
359 367 499
359 376 416
360 368 1361
362 365 2201
362 366 1705
363 402 684
364 374 571
365 366 2135
368 376 1079
368 377 1049
369 373 491
369 378 533
369 384 1042
370 385 2353
370 388 1461
371 385 2177
371 388 1341
371 389 545
372 375 361
372 382 676
372 383 410
372 387 804
375 384 901
375 387 939
376 377 641
377 386 1484
378 384 974
379 381 1193
379 386 3520
379 391 4184
380 385 1578
380 389 395
381 391 1428
383 388 968
384 387 1996
388 391 2960
389 390 427
392 394 1047
392 406 833
393 400 284
393 408 316
394 395 465
394 406 436
395 398 529
395 403 418
395 404 372
395 406 374
396 402 345
396 405 446
396 408 412
397 399 506
397 410 506
398 404 475
398 405 538
398 409 2113
399 407 655
399 410 433
400 402 268
400 410 356
400 411 780
401 409 1794
402 405 327
402 408 301
403 404 369
404 405 372
405 409 1678
407 410 661
410 411 979



22650 0 626 oyonnax
40088 0 1680 bourg-en-bresse
28646 0 2325 soissons
25986 0 618 laon
55978 0 2481 saint-quentin
38402 0 1857 montlucon
24774 0 4234 vichy
22105 0 389 manosque
39744 0 359 gap
51036 0 1148 grasse
28252 0 2166 vallauris
74120 0 2799 antibes
73234 0 3732 cannes
42320 0 5488 cannet-06
47141 0 2626 cagnes-sur-mer
28858 0 2053 menton
29963 0 2963 saint-laurent-du-var
343304 0 4773 nice
22203 0 707 mandelieu-la-napoule
49810 0 1584 charleville-mezieres
60280 0 4566 troyes
47419 0 728 carcassonne
51039 0 295 narbonne
23917 0 2139 rodez
21887 0 130 millau
42544 0 374 istres
141438 0 760 aix-en-provence
43152 0 613 salon-de-provence
850726 0 3535 marseille
52661 0 69 arles
46423 0 845 aubagne
47544 0 665 martigues
35021 0 957 vitrolles-13
25368 0 985 miramas
33829 0 1075 ciotat
34485 0 1488 marignane
20474 0 757 gardanne
21640 0 1655 lisieux
21434 0 2014 herouville-saint-clair
108954 0 4239 caen
27924 0 970 aurillac
41613 0 1904 angouleme
26011 0 571 saintes
75170 0 2644 rochelle-17
25140 0 1145 rochefort-17
26946 0 361 vierzon
66381 0 965 bourges
48949 0 1007 brive-la-gaillarde
22394 0 715 beaune
151212 0 3741 dijon
46209 0 2111 saint-brieuc
20079 0 457 lannion
29573 0 3011 perigueux
27648 0 492 bergerac
25875 0 1723 montbeliard
116914 0 1797 besancon
33536 0 1013 romans-sur-isere
63405 0 1728 valence-26
35314 0 754 montelimar
25147 0 720 vernon-27
50537 0 1909 evreux
38931 0 2310 chartres
31031 0 1278 dreux
63550 0 752 quimper
141303 0 2854 brest
142205 0 878 nîmes
41205 0 1779 ales
35186 0 1689 colomiers
23864 0 412 muret
25340 0 1394 tournefeuille
21710 0 1286 blagnac
441802 0 3734 toulouse
21576 0 297 auch
23095 0 4374 bouscat
23624 0 1145 libourne
23063 0 1462 gradignan
239157 0 4845 bordeaux
24913 0 2501 begles
24591 0 136 teste-de-buch
27719 0 325 saint-medard-en-jalles
28420 0 1336 villenave-d-ornon
40600 0 4862 talence
58025 0 1494 pessac
66142 0 1373 merignac-33
22242 0 4029 cenon
24567 0 483 agde
70955 0 743 beziers
42774 0 1766 sete
22526 0 710 frontignan
257351 0 4524 montpellier
25277 0 1057 lunel
207178 0 4111 rennes
46342 0 1266 saint-malo
46140 0 1806 chateauroux
134817 0 3888 tours
35976 0 1110 joue-les-tours
36177 0 3906 saint-martin-d-heres
22243 0 3300 fontaine-38
35748 0 4548 echirolles
155637 0 8584 grenoble
26173 0 1073 bourgoin-jallieu
29328 0 1294 vienne
24629 0 641 dole
20665 0 1048 dax
31225 0 846 mont-de-marsan
46492 0 1241 blois
171260 0 2141 saint-etienne
35793 0 652 saint-chamond
36806 0 2283 roanne
43153 0 1437 saint-herblain
25017 0 2145 saint-sebastien-sur-loire
24504 0 885 orvault
21443 0 600 vertou
284970 0 4371 nantes
38425 0 2788 reze
67031 0 1432 saint-nazaire-44
21171 0 2091 fleury-les-aubrais
114167 0 4154 orleans
20194 0 312 cahors
33981 0 2957 agen
23513 0 289 villeneuve-sur-lot
54098 0 618 cholet
147571 0 3455 angers
27283 0 411 saumur
38433 0 2695 cherbourg-octeville
179992 0 3837 reims
24035 0 1059 epernay
45299 0 1738 chalons-en-champagne
23011 0 416 chaumont-52
25526 0 535 saint-dizier
50940 0 1488 laval-53
105421 0 7023 nancy
30974 0 3274 vandoeuvre-les-nancy
57204 0 3272 lorient
52515 0 1625 vannes
22219 0 1209 lanester
21510 0 1318 forbach
120738 0 2878 metz
41015 0 822 thionville
21540 0 725 sarreguemines
22540 0 3364 montigny-les-metz
36762 0 2121 nevers
94713 0 7158 roubaix
41541 0 3090 wattrelos
63572 0 2315 villeneuve-d-ascq
227560 0 6533 lille
21887 0 7599 mons-en-baroeul
21592 0 3106 loos
20199 0 1608 halluin
43335 0 3135 valenciennes
22442 0 7902 madeleine
21598 0 824 hazebrouck
31046 0 1647 maubeuge
91923 0 6051 tourcoing
22474 0 2458 coudekerque-branche
20676 0 4656 croix-59
92005 0 2096 dunkerque
42197 0 2499 douai
25375 0 4040 armentieres
20046 0 2922 wasquehal
28504 0 4627 lambersart
32584 0 1792 cambrai
38947 0 2774 marcq-en-baroeul
20351 0 1766 denain
20991 0 979 grande-synthe
40517 0 763 compiegne
33601 0 3029 creil
54711 0 1642 beauvais
26704 0 2500 alencon
31873 0 2484 lievin
26278 0 1268 henin-beaumont
41611 0 3577 arras
73636 0 2198 calais
43070 0 5115 boulogne-sur-mer
25655 0 2711 bethune
23408 0 1431 bruay-la-buissiere
35032 0 2994 lens
139860 0 3277 clermont-ferrand
81166 0 2575 pau
44820 0 2067 bayonne
25306 0 2170 biarritz
38032 0 1412 anglet
43034 0 2807 tarbes
117419 0 1724 perpignan
271782 0 3472 strasbourg
30952 0 4056 schiltigheim
26805 0 1206 illkirch-graffenstaden
34280 0 187 haguenau
67615 0 1015 colmar
20127 0 1194 saint-louis-68
109588 0 4940 mulhouse
25152 0 5716 oullins
59855 0 3904 venissieux
35326 0 3726 villefranche-sur-saone
41209 0 3943 caluire-et-cuire
20357 0 1575 saint-genis-laval
484344 0 10117 lyon
41964 0 1412 saint-priest-69
41421 0 1977 vaulx-en-velin
145150 0 9996 villeurbanne
30272 0 1315 meyzieu
38717 0 3758 bron
29952 0 2068 rillieux-la-pape
25562 0 1502 decines-charpieu
21742 0 3183 sainte-foy-les-lyon
22783 0 1258 creusot
34040 0 1258 macon
44985 0 2955 chalon-sur-saone
142626 0 2700 le-mans
27750 0 2198 aix-les-bains
57342 0 2731 chambery
50379 0 3690 annecy
33925 0 2092 thonon-les-bains
32196 0 6465 annemasse
2243833 0 21288 paris
21898 0 5034 petit-quevilly
24930 0 2243 grand-quevilly
21270 0 2403 bois-guillaume
28102 0 1539 saint-etienne-du-rouvray
110933 0 5188 rouen
31963 0 2738 dieppe
28835 0 3875 sotteville-les-rouen
175497 0 3737 havre
20236 0 3537 lagny-sur-marne
24418 0 3322 champs-sur-marne
52779 0 3319 chelles-77
22425 0 3737 torcy-77
20722 0 2023 dammarie-les-lys
22321 0 1635 roissy-en-brie
50755 0 3394 meaux
21554 0 1488 combs-la-ville
35561 0 2607 pontault-combault
20268 0 1300 ozoir-la-ferriere
23341 0 1743 bussy-saint-georges
39589 0 4924 melun
28599 0 2389 savigny-le-temple
20609 0 3859 mee-sur-seine
24122 0 2909 villeparisis
26159 0 743 rambouillet
22817 0 3380 maisons-laffitte
31557 0 7123 houilles
30859 0 2573 mureaux
51150 0 6046 sartrouville
37680 0 2837 poissy
30958 0 1657 plaisir
86110 0 3289 versailles
27966 0 2151 guyancourt
30173 0 5939 chatou
29380 0 2181 trappes
28975 0 6833 chesnay
35380 0 3573 conflans-sainte-honorine
42969 0 4580 mantes-la-jolie
40481 0 838 saint-germain-en-laye
33337 0 2861 montigny-le-bretonneux
26829 0 3152 elancourt
20971 0 3603 celle-saint-cloud
20089 0 2249 velizy-villacoublay
57325 0 840 niort
24155 0 914 abbeville
133448 0 2698 amiens
48916 0 1105 albi
42314 0 431 castres-81
56271 0 416 montauban
25930 0 1668 garde-83
54600 0 412 hyeres
20754 0 1338 valette-du-var
34897 0 1312 six-fours-les-plages
36391 0 677 draguignan
51839 0 506 frejus
164532 0 3840 toulon
33603 0 375 saint-raphael-83
62082 0 2800 seyne-sur-mer
24951 0 542 cavaillon
29278 0 772 carpentras
29135 0 392 orange
89683 0 1381 avignon
52664 0 601 roche-sur-yon
87697 0 2082 poitiers
32459 0 625 chatellerault
139150 0 1783 limoges
32842 0 554 epinal
21447 0 464 saint-die-des-vosges
24883 0 1135 sens
36200 0 724 auxerre
50078 0 2928 belfort
25377 0 3833 brunoy
52135 0 6258 evry-91
28491 0 1808 draveil
26638 0 5469 grigny-91
27463 0 3153 ris-orangis
30285 0 2631 palaiseau
20046 0 3789 saint-michel-sur-orge
27331 0 3116 vigneux-sur-seine
32045 0 5279 viry-chatillon
23158 0 565 etampes
43086 0 3913 corbeil-essonnes
42258 0 4481 massy-91
29050 0 2952 yerres
20654 0 1780 gif-sur-yvette
24792 0 4786 ulis
30393 0 3550 athis-mons
20944 0 4770 morsang-sur-orge
22880 0 2039 montgeron
23334 0 1602 bretigny-sur-orge
34195 0 3688 sainte-genevieve-des-bois-91
36842 0 5285 savigny-sur-orge
21361 0 4413 longjumeau
61754 0 16556 neuilly-sur-seine
32619 0 11170 chatillon-92
29284 0 15252 bois-colombes
44753 0 14029 puteaux
52546 0 5991 clamart
45058 0 4551 meudon
64355 0 15142 issy-les-moulineaux
79426 0 5403 rueil-malmaison
61793 0 6463 antony
27727 0 8083 plessis-robinson
64253 0 26660 levallois-perret
114205 0 18509 boulogne-billancourt
82327 0 17080 asnieres-sur-seine
85398 0 10934 colombes
23351 0 9303 fontenay-aux-roses
25183 0 7869 villeneuve-la-garenne
87469 0 20975 courbevoie
48597 0 23476 montrouge
32111 0 5033 chatenay-malabry
58916 0 19128 clichy
27002 0 17308 vanves
46723 0 12327 suresnes
22978 0 5876 sevres
27628 0 15521 garenne-colombes
41364 0 3553 gennevilliers
89185 0 7316 nanterre
29873 0 3951 saint-cloud
30982 0 14967 malakoff
38080 0 9088 bagneux-92
33883 0 13184 bagnolet
38007 0 5054 courneuve
21746 0 7447 pavillons-sous-bois
49832 0 6845 sevran
28006 0 6932 villemomble
102770 0 11521 montreuil-93
41808 0 5665 livry-gargan
82120 0 5069 aulnay-sous-bois
106785 0 8639 saint-denis-93
22228 0 17641 lilas
29750 0 7531 clichy-sous-bois
62964 0 4862 noisy-le-grand
25771 0 7491 romainville
76087 0 13209 aubervilliers
39733 0 7883 noisy-le-sec
35658 0 3438 villepinte-93
47492 0 7015 bobigny
27883 0 8176 pierrefitte-sur-seine
34493 0 1537 tremblay-en-france
25269 0 4636 montfermeil
33829 0 6276 stains
54136 0 10805 pantin
20508 0 5996 neuilly-plaisance
41050 0 6945 rosny-sous-bois
47189 0 10948 saint-ouen-93
53530 0 9786 bondy
54518 0 11929 epinay-sur-seine
33498 0 4883 neuilly-sur-marne
66410 0 8557 drancy
51438 0 6389 blanc-mesnil
39056 0 5718 gagny
53145 0 9524 fontenay-sous-bois
30201 0 7743 haÿ-les-roses
44201 0 12043 alfortville
40905 0 7533 choisy-le-roi
22396 0 24343 saint-mande
26248 0 7373 fresnes-94
27338 0 6313 villiers-sur-marne
26046 0 16912 kremlin-bicetre
32520 0 8212 perreux-sur-marne
31637 0 11298 nogent-sur-marne
28248 0 10309 cachan
74816 0 6650 saint-maur-des-fosses
29653 0 4611 thiais
25820 0 2475 sucy-en-brie
48471 0 25377 vincennes
29348 0 15863 charenton-le-pont
55490 0 10391 villejuif
85413 0 7319 vitry-sur-seine
75510 0 6682 champigny-sur-marne
57732 0 9464 ivry-sur-seine
52943 0 9895 maisons-alfort
21395 0 3198 orly
32239 0 3684 villeneuve-saint-georges
89985 0 7852 creteil
56988 0 4891 cergy
21194 0 3946 montmorency
29548 0 4132 pontoise
26016 0 2042 herblay
27446 0 6597 ermont
30996 0 2690 goussainville-95
33097 0 5346 franconville-95
26356 0 1311 gonesse
21509 0 5720 deuil-la-barre
27987 0 6727 bezons
20156 0 8328 saint-gratien-95
26144 0 2494 taverny
23038 0 2716 cormeilles-en-parisis
26090 0 5458 sannois
23608 0 1933 saint-ouen-l-aumone
40012 0 7314 garges-les-gonesse
24062 0 5443 eaubonne
103125 0 5988 argenteuil
26736 0 3662 villiers-le-bel
58614 0 6936 sarcelles
