166
252



1 88 439
1 89 1428
2 70 495
2 71 511
3 6 1209
3 7 1255
4 6 1887
4 7 2075
5 6 1933
5 7 1879
5 109 1758
6 7 1108
6 109 998
7 8 9696
8 16 12121
8 110 3782
9 55 1402
9 56 244
10 25 503
10 55 915
10 56 414
11 39 523
11 106 616
12 39 1616
12 80 1378
13 15 1008
13 17 866
13 19 1131
14 15 2569
14 16 54224
14 18 2716
15 19 932
16 18 21688
16 41 13230
16 46 3044
16 48 2245
16 86 5248
16 94 4222
16 110 36529
17 32 3124
17 112 1807
20 95 996
20 96 5098
21 114 315
21 115 678
22 103 1009
22 113 845
23 44 642
23 47 295
24 107 167
24 115 910
25 90 1433
26 42 1012
26 43 464
27 90 488
27 116 930
28 46 1754
28 84 484
29 95 1604
29 101 699
29 163 521
30 31 2297
30 59 762
31 59 668
32 33 1933
32 112 4369
33 41 2195
34 35 2373
34 41 2913
34 48 809
34 77 1597
34 79 1359
34 106 3461
34 107 7068
35 50 903
36 37 1468
36 38 1668
37 38 2377
39 40 1131
39 80 1167
40 41 4917
41 110 1341
42 43 1726
42 50 5874
42 57 1857
42 60 1154
42 96 845
44 47 241
45 47 1534
45 91 2761
46 86 7323
46 92 2561
46 93 967
47 52 1232
48 76 1851
48 86 22744
49 50 7435
49 51 923
50 51 5123
50 53 3819
50 96 621
51 59 358
52 118 594
53 54 2051
53 113 580
53 114 395
54 57 1311
54 91 2787
55 56 2624
55 66 1379
55 81 594
55 94 23764
56 61 310
56 62 99
57 91 1170
58 61 3334
58 62 637
59 60 859
61 62 2251
63 64 2441
63 65 3749
63 66 12724
63 68 5425
64 68 2350
65 68 3622
66 67 2822
66 70 4045
66 73 2943
66 74 1730
66 94 12457
67 70 712
69 74 2335
69 75 771
70 73 867
71 98 519
71 166 550
72 104 1771
72 163 939
72 166 783
73 75 178
73 104 1343
74 75 1333
76 85 302
77 78 393
77 79 1245
78 79 112
81 83 3045
81 86 965
81 116 924
82 83 2647
82 116 716
83 116 2002
84 86 17260
84 87 1555
85 86 12318
85 89 3690
86 88 12137
86 89 43647
87 89 3618
88 89 3718
92 93 992
94 96 12525
95 101 830
97 98 1353
97 142 2053
97 146 1297
98 139 1019
99 131 2698
99 163 1666
99 165 3250
100 123 2337
100 128 5855
101 136 1380
101 163 1114
102 121 1049
102 136 2164
102 163 1279
103 114 884
105 106 722
105 107 520
108 110 4984
108 111 1764
110 111 6312
114 115 990
117 118 1387
117 154 1179
118 154 910
119 123 1136
119 126 1627
120 131 3368
120 134 1793
121 125 2209
121 134 1307
122 124 2109
122 126 1985
122 128 3716
123 124 1808
123 128 3200
124 128 4579
124 132 1939
125 134 2306
125 136 4418
127 129 3303
127 131 3501
127 133 2364
128 134 3304
129 133 3026
129 147 2408
130 131 4655
130 165 5459
131 136 4832
132 157 1668
133 135 1511
133 147 1731
135 149 1406
135 165 2639
137 139 1298
137 140 2550
138 152 3378
138 156 3107
139 140 2120
141 143 5057
141 147 3118
141 149 3601
142 159 2925
143 145 2566
143 147 2222
144 145 1594
144 148 1587
144 150 1955
146 148 1361
146 152 1361
148 150 2201
148 151 1705
149 166 1930
150 151 2135
151 164 1271
152 156 1597
153 158 2353
153 160 1586
153 161 1461
154 158 2177
154 161 1341
155 159 3520
155 162 4184
157 160 1996
157 161 1810
158 160 3053
158 161 2811
159 162 4181
161 162 2960
164 166 1448



40088 0 1680 bourg-en-bresse
55978 0 2481 saint-quentin
51036 0 1148 grasse
74120 0 2799 antibes
73234 0 3732 cannes
42320 0 5488 cannet-06
47141 0 2626 cagnes-sur-mer
343304 0 4773 nice
49810 0 1584 charleville-mezieres
60280 0 4566 troyes
47419 0 728 carcassonne
51039 0 295 narbonne
42544 0 374 istres
141438 0 760 aix-en-provence
43152 0 613 salon-de-provence
850726 0 3535 marseille
52661 0 69 arles
46423 0 845 aubagne
47544 0 665 martigues
108954 0 4239 caen
41613 0 1904 angouleme
75170 0 2644 rochelle-17
66381 0 965 bourges
48949 0 1007 brive-la-gaillarde
151212 0 3741 dijon
46209 0 2111 saint-brieuc
116914 0 1797 besancon
63405 0 1728 valence-26
50537 0 1909 evreux
63550 0 752 quimper
141303 0 2854 brest
142205 0 878 nîmes
41205 0 1779 ales
441802 0 3734 toulouse
239157 0 4845 bordeaux
40600 0 4862 talence
58025 0 1494 pessac
66142 0 1373 merignac-33
70955 0 743 beziers
42774 0 1766 sete
257351 0 4524 montpellier
207178 0 4111 rennes
46342 0 1266 saint-malo
46140 0 1806 chateauroux
134817 0 3888 tours
155637 0 8584 grenoble
46492 0 1241 blois
171260 0 2141 saint-etienne
43153 0 1437 saint-herblain
284970 0 4371 nantes
67031 0 1432 saint-nazaire-44
114167 0 4154 orleans
54098 0 618 cholet
147571 0 3455 angers
179992 0 3837 reims
45299 0 1738 chalons-en-champagne
50940 0 1488 laval-53
105421 0 7023 nancy
57204 0 3272 lorient
52515 0 1625 vannes
120738 0 2878 metz
41015 0 822 thionville
94713 0 7158 roubaix
41541 0 3090 wattrelos
63572 0 2315 villeneuve-d-ascq
227560 0 6533 lille
43335 0 3135 valenciennes
91923 0 6051 tourcoing
92005 0 2096 dunkerque
42197 0 2499 douai
40517 0 763 compiegne
54711 0 1642 beauvais
41611 0 3577 arras
73636 0 2198 calais
43070 0 5115 boulogne-sur-mer
139860 0 3277 clermont-ferrand
81166 0 2575 pau
44820 0 2067 bayonne
43034 0 2807 tarbes
117419 0 1724 perpignan
271782 0 3472 strasbourg
67615 0 1015 colmar
109588 0 4940 mulhouse
59855 0 3904 venissieux
41209 0 3943 caluire-et-cuire
484344 0 10117 lyon
41964 0 1412 saint-priest-69
41421 0 1977 vaulx-en-velin
145150 0 9996 villeurbanne
44985 0 2955 chalon-sur-saone
142626 0 2700 le-mans
57342 0 2731 chambery
50379 0 3690 annecy
2243833 0 21288 paris
110933 0 5188 rouen
175497 0 3737 havre
52779 0 3319 chelles-77
50755 0 3394 meaux
51150 0 6046 sartrouville
86110 0 3289 versailles
42969 0 4580 mantes-la-jolie
40481 0 838 saint-germain-en-laye
57325 0 840 niort
133448 0 2698 amiens
48916 0 1105 albi
42314 0 431 castres-81
56271 0 416 montauban
54600 0 412 hyeres
51839 0 506 frejus
164532 0 3840 toulon
62082 0 2800 seyne-sur-mer
89683 0 1381 avignon
52664 0 601 roche-sur-yon
87697 0 2082 poitiers
139150 0 1783 limoges
50078 0 2928 belfort
52135 0 6258 evry-91
43086 0 3913 corbeil-essonnes
42258 0 4481 massy-91
61754 0 16556 neuilly-sur-seine
44753 0 14029 puteaux
52546 0 5991 clamart
45058 0 4551 meudon
64355 0 15142 issy-les-moulineaux
79426 0 5403 rueil-malmaison
61793 0 6463 antony
64253 0 26660 levallois-perret
114205 0 18509 boulogne-billancourt
82327 0 17080 asnieres-sur-seine
85398 0 10934 colombes
87469 0 20975 courbevoie
48597 0 23476 montrouge
58916 0 19128 clichy
46723 0 12327 suresnes
41364 0 3553 gennevilliers
89185 0 7316 nanterre
49832 0 6845 sevran
102770 0 11521 montreuil-93
41808 0 5665 livry-gargan
82120 0 5069 aulnay-sous-bois
106785 0 8639 saint-denis-93
62964 0 4862 noisy-le-grand
76087 0 13209 aubervilliers
47492 0 7015 bobigny
54136 0 10805 pantin
41050 0 6945 rosny-sous-bois
47189 0 10948 saint-ouen-93
53530 0 9786 bondy
54518 0 11929 epinay-sur-seine
66410 0 8557 drancy
51438 0 6389 blanc-mesnil
53145 0 9524 fontenay-sous-bois
44201 0 12043 alfortville
40905 0 7533 choisy-le-roi
74816 0 6650 saint-maur-des-fosses
48471 0 25377 vincennes
55490 0 10391 villejuif
85413 0 7319 vitry-sur-seine
75510 0 6682 champigny-sur-marne
57732 0 9464 ivry-sur-seine
52943 0 9895 maisons-alfort
89985 0 7852 creteil
56988 0 4891 cergy
40012 0 7314 garges-les-gonesse
103125 0 5988 argenteuil
58614 0 6936 sarcelles
