62
94



1 2 3252
1 3 13851
2 3 11891
3 5 12121
3 15 1208
4 5 54224
4 44 4518
5 12 3637
5 15 13230
5 36 5248
5 39 4222
5 44 36529
6 41 5098
6 42 268
7 20 1435
7 46 422
8 9 2546
8 24 546
9 35 1041
10 16 669
10 20 638
11 15 10999
11 45 4369
12 13 2373
12 15 2913
12 32 1597
13 20 903
13 47 1010
14 15 4102
14 33 1167
15 33 1805
15 36 2023
15 45 3001
16 20 5874
16 22 2487
17 38 2761
17 46 1267
18 36 7323
18 37 2265
19 31 1851
19 36 22744
19 37 6386
20 22 5687
20 39 5481
21 42 933
21 59 878
22 38 2787
23 55 1093
23 60 932
24 25 3334
24 34 2069
25 34 1741
26 27 12724
26 28 5425
27 28 12247
27 29 3629
27 30 1730
27 34 349
27 39 12457
27 43 3033
29 30 2335
31 36 3565
32 33 127
34 35 3045
34 36 965
34 39 3816
36 37 43647
39 54 140561
39 57 103816
40 41 3351
40 43 1369
42 49 5855
42 53 4430
46 47 990
48 49 5520
48 50 3974
48 53 4418
49 52 6061
50 51 4375
50 52 4478
51 52 4655
51 56 5488
51 62 5459
52 53 4832
52 62 5524
54 57 4758
55 56 5081
55 57 3677
56 57 5057
58 60 3520
58 61 4184
59 60 3840
59 61 4736
60 61 4181



74120 0 2799 antibes
73234 0 3732 cannes
343304 0 4773 nice
141438 0 760 aix-en-provence
850726 0 3535 marseille
108954 0 4239 caen
75170 0 2644 rochelle-17
151212 0 3741 dijon
116914 0 1797 besancon
141303 0 2854 brest
142205 0 878 nîmes
441802 0 3734 toulouse
239157 0 4845 bordeaux
70955 0 743 beziers
257351 0 4524 montpellier
207178 0 4111 rennes
134817 0 3888 tours
155637 0 8584 grenoble
171260 0 2141 saint-etienne
284970 0 4371 nantes
114167 0 4154 orleans
147571 0 3455 angers
179992 0 3837 reims
105421 0 7023 nancy
120738 0 2878 metz
94713 0 7158 roubaix
227560 0 6533 lille
91923 0 6051 tourcoing
92005 0 2096 dunkerque
73636 0 2198 calais
139860 0 3277 clermont-ferrand
81166 0 2575 pau
117419 0 1724 perpignan
271782 0 3472 strasbourg
109588 0 4940 mulhouse
484344 0 10117 lyon
145150 0 9996 villeurbanne
142626 0 2700 le-mans
2243833 0 21288 paris
110933 0 5188 rouen
175497 0 3737 havre
86110 0 3289 versailles
133448 0 2698 amiens
164532 0 3840 toulon
89683 0 1381 avignon
87697 0 2082 poitiers
139150 0 1783 limoges
79426 0 5403 rueil-malmaison
114205 0 18509 boulogne-billancourt
82327 0 17080 asnieres-sur-seine
85398 0 10934 colombes
87469 0 20975 courbevoie
89185 0 7316 nanterre
102770 0 11521 montreuil-93
82120 0 5069 aulnay-sous-bois
106785 0 8639 saint-denis-93
76087 0 13209 aubervilliers
74816 0 6650 saint-maur-des-fosses
85413 0 7319 vitry-sur-seine
75510 0 6682 champigny-sur-marne
89985 0 7852 creteil
103125 0 5988 argenteuil
