474
707



1 57 7
1 145 2
2 266 1
2 276 1
2 448 1
2 455 1
3 205 1
3 350 1
4 158 1
4 229 1
4 466 1
5 273 1
5 459 1
6 240 1
6 321 1
6 361 1
7 49 1
7 165 1
7 327 1
8 9 1
8 75 1
8 154 1
8 329 1
9 75 1
10 96 1
10 197 1
10 306 1
11 139 1
11 346 1
12 215 1
12 232 1
12 256 1
13 283 1
13 406 1
14 60 1
14 208 1
14 211 1
14 271 1
15 32 1
15 242 1
16 58 1
16 137 1
16 139 1
16 205 1
17 128 1
17 419 1
18 202 1
18 428 1
19 146 1
19 180 1
19 397 1
20 151 1
20 220 1
20 444 1
21 168 1
21 373 1
22 354 1
22 411 1
23 144 1
23 467 1
24 138 1
24 417 1
25 286 1
25 357 1
26 126 1
26 278 1
26 382 1
27 30 1
27 32 1
27 45 1
27 364 1
28 85 1
28 306 1
29 193 1
29 213 1
30 304 1
31 125 1
31 423 1
32 150 1
32 260 1
32 304 1
33 184 1
33 445 1
34 74 1
34 140 1
34 282 1
35 122 1
35 163 1
35 305 1
36 81 1
36 160 1
36 192 1
37 90 1
37 406 1
38 287 1
38 298 1
39 192 1
39 464 1
40 150 1
40 304 1
41 274 1
41 387 1
42 177 1
42 348 1
42 433 1
42 462 1
43 240 1
43 398 1
44 334 1
44 395 1
45 438 1
46 319 1
46 456 1
47 174 1
47 334 1
47 438 1
48 183 1
48 270 1
49 114 1
49 165 1
49 388 1
50 260 1
50 438 1
51 152 1
51 217 1
51 295 1
52 77 1
52 154 1
52 320 1
53 159 1
53 181 1
53 310 1
53 461 1
54 107 1
54 191 1
54 308 1
55 109 1
55 312 1
56 151 1
56 430 1
57 145 2
57 194 1
57 277 8
57 330 2
58 139 1
58 249 1
58 254 1
59 84 1
59 178 1
59 182 1
59 187 1
60 68 1
60 372 1
60 471 1
61 183 1
61 322 1
61 458 1
62 76 1
62 311 1
62 329 1
62 395 1
63 90 1
63 283 1
64 191 1
64 291 1
64 301 1
65 67 1
65 207 1
65 425 1
66 125 1
66 343 1
67 128 1
68 96 1
68 424 1
69 308 1
69 315 1
70 293 1
70 416 1
71 207 1
71 289 1
72 105 1
72 175 1
72 244 1
72 415 1
73 156 1
73 198 1
74 81 1
74 140 1
74 149 1
75 223 1
75 316 1
75 319 1
76 154 1
77 265 1
77 309 1
77 316 1
78 345 1
78 373 1
78 392 1
79 130 1
79 421 1
80 159 1
80 218 1
80 380 1
81 192 1
81 464 1
82 118 2
82 331 1
83 116 1
83 247 1
83 279 1
84 183 1
84 187 1
84 391 1
85 92 1
85 306 1
86 225 1
86 364 1
86 462 1
87 212 1
87 344 1
87 439 1
88 348 1
88 433 1
89 119 1
89 406 1
89 460 1
90 283 1
91 227 1
91 455 1
92 306 1
92 342 1
92 435 1
93 360 1
93 390 1
93 474 1
94 129 1
94 164 1
95 245 1
95 414 1
97 317 1
97 333 1
98 250 1
98 383 1
99 231 1
99 289 1
99 341 1
100 297 1
100 389 1
101 171 1
101 289 1
102 106 1
102 444 1
103 260 1
103 304 1
103 377 1
104 375 1
104 400 1
104 408 1
105 116 1
105 175 1
105 244 1
106 151 1
106 401 1
106 444 1
107 206 1
108 151 1
108 444 1
109 193 1
109 213 1
109 275 1
109 279 1
110 148 1
110 188 1
110 278 1
111 315 1
111 350 1
112 171 1
112 294 2
112 362 1
113 336 1
113 449 1
114 360 1
115 179 1
115 436 1
116 143 1
116 175 1
116 443 1
117 172 1
117 227 1
117 276 1
117 369 1
118 196 23
118 331 1
119 346 1
119 402 1
119 460 1
120 208 1
120 372 1
121 200 1
121 251 1
122 185 1
123 244 1
123 314 1
124 171 1
124 294 1
124 425 1
125 343 1
125 451 1
126 212 1
126 381 1
126 382 1
127 131 1
127 346 1
127 402 1
128 419 1
129 153 1
129 342 1
129 435 1
130 265 1
130 292 3
130 316 1
131 259 1
131 346 1
132 136 1
132 281 1
133 224 1
133 257 1
133 295 1
134 181 1
134 396 1
135 396 1
135 436 1
136 236 1
136 416 1
137 427 1
138 417 1
138 423 1
139 254 1
140 157 1
140 199 1
141 224 1
141 257 1
141 428 1
142 189 1
142 270 1
142 322 1
143 264 1
143 443 1
144 162 1
144 187 1
144 327 1
144 368 1
145 222 1
146 397 1
146 399 1
147 283 1
147 408 1
148 352 1
149 358 1
152 217 1
152 295 1
153 342 1
153 379 1
155 385 1
155 432 1
156 198 1
156 252 1
157 257 1
158 229 1
158 466 1
159 181 1
159 310 1
159 380 1
160 199 1
160 403 1
161 191 1
161 449 1
162 178 1
162 182 1
162 467 1
163 185 1
163 442 1
164 195 1
164 394 1
164 413 1
165 360 1
165 468 1
166 234 1
166 268 1
167 337 1
167 360 1
167 474 1
168 404 1
168 468 1
169 263 1
169 396 1
169 463 1
170 240 1
170 290 1
172 276 1
173 237 1
173 298 1
173 353 1
173 384 1
173 474 1
174 320 1
174 334 1
176 282 1
176 354 1
176 358 1
177 225 1
178 182 1
179 436 1
180 198 1
181 228 1
181 463 1
182 368 1
184 226 1
184 321 1
184 359 1
184 371 1
185 290 1
185 442 1
186 333 1
186 335 1
186 445 1
188 307 1
189 305 1
189 322 1
189 367 1
190 386 1
190 410 1
190 457 1
191 291 1
191 370 1
192 464 1
193 275 1
193 279 1
194 284 1
194 330 1
194 472 1
195 394 1
196 292 21
196 313 212
197 238 1
197 251 1
197 424 1
198 252 1
200 262 1
200 374 1
200 399 1
201 211 1
201 284 1
201 372 1
202 248 1
202 428 1
203 237 1
203 366 1
204 254 1
204 427 1
205 258 1
205 350 1
206 409 24
207 425 1
209 318 1
209 377 1
210 388 1
210 456 1
211 376 1
212 261 1
214 235 1
214 354 1
215 253 1
215 423 1
216 347 1
216 441 1
218 380 1
219 296 1
219 447 1
219 469 1
220 278 1
220 382 1
220 414 1
221 243 1
221 311 1
222 330 1
222 389 1
223 319 1
223 450 1
225 364 1
225 378 1
225 433 1
226 359 1
226 449 1
227 365 1
227 455 1
228 326 1
228 352 1
229 287 1
230 410 1
230 434 4
231 262 1
231 372 1
232 256 1
232 427 1
233 332 1
233 400 1
233 418 1
234 268 1
234 297 1
234 309 1
235 259 1
235 411 1
236 293 1
236 416 1
237 353 1
237 357 1
238 306 1
239 280 1
239 405 1
240 371 1
241 274 1
241 328 1
241 387 1
242 260 1
242 303 1
243 334 1
243 395 1
244 314 1
245 414 1
246 300 1
246 400 1
247 347 1
248 428 1
249 258 1
250 344 1
250 383 1
250 430 1
250 434 28
251 374 1
251 424 1
253 254 1
255 434 3
255 471 1
257 295 1
257 356 1
257 407 1
257 428 1
259 281 1
259 346 1
259 412 1
259 431 1
259 473 1
261 381 1
261 439 1
262 372 1
263 461 1
264 415 1
264 443 1
265 309 1
265 316 1
266 317 1
266 371 1
266 447 1
266 452 1
266 455 1
266 469 1
267 286 1
267 345 1
267 468 1
269 390 1
269 468 1
271 471 1
272 305 1
272 324 1
273 349 1
273 409 2
273 459 1
276 369 1
277 362 4
280 405 1
281 346 1
281 411 1
283 375 1
283 400 1
283 402 1
284 372 1
284 376 1
285 296 1
285 371 1
285 393 1
285 469 1
286 345 1
287 298 1
288 371 1
288 398 1
290 442 1
291 301 1
291 402 1
292 334 13
293 416 1
293 422 1
294 465 7
295 385 1
295 432 1
298 384 1
299 302 1
299 340 1
299 341 1
299 397 1
299 399 1
300 408 1
300 418 1
301 402 1
302 426 1
303 318 1
304 318 1
304 377 1
305 324 1
307 352 1
309 421 1
311 391 1
312 332 1
312 441 1
314 415 1
315 321 1
315 350 1
322 325 1
323 448 1
323 452 1
325 458 1
326 352 1
326 437 1
328 351 1
328 387 1
328 420 1
330 472 1
332 441 1
333 335 1
334 378 2
336 363 1
336 454 1
337 353 1
338 457 1
338 470 1
339 419 1
339 474 1
340 399 1
340 409 6
340 429 1
341 399 1
342 435 1
343 451 1
344 430 1
345 392 1
347 441 1
349 459 1
351 356 1
354 358 1
354 411 1
355 361 1
355 392 1
356 428 1
363 453 1
363 454 1
365 455 1
366 384 1
367 393 1
370 455 1
371 398 1
371 469 1
379 439 1
379 440 1
384 419 1
385 403 1
385 432 1
386 389 1
386 470 1
387 405 1
387 420 1
396 463 1
397 426 1
401 444 1
404 446 1
404 468 1
407 428 1
409 429 1
409 465 15
410 457 1
412 431 1
413 434 2
414 444 1
416 422 1
419 425 1
419 474 1
431 473 1
434 457 8
435 440 1
437 463 1
446 458 1
447 452 1
450 456 1
450 467 1
453 454 1
456 467 1
461 463 1



2780 0 84 ibos
196 0 18 thermes-magnoac
223 0 62 grange-65
84 0 28 artiguemy
1175 0 169 gerde
266 0 21 montastruc-65
147 0 68 collongues-65
241 0 155 marsac-65
247 0 119 sarniguet
55 0 12 sere-lanso
569 0 31 avezac-prat-lahitte
25 0 6 escots
48 0 35 hautaget
64 0 26 pareac
89 0 28 villefranque-65
1284 0 58 capvern
132 0 44 frechou-frechet
127 0 48 sailhan
593 0 31 cieutat
527 0 21 arras-en-lavedan
76 0 15 osmets
15 0 2 ardengost
179 0 35 louit
120 0 7 asque
172 0 24 mouledous
234 0 147 prechac-65
2462 0 111 maubourguet
138 0 3 gazost
47 0 29 gaudent
290 0 17 auriebat
72 0 19 lies
209 0 21 sombrun
111 0 23 tournous-devant
248 0 40 cadeac
105 0 14 luby-betmont
18 0 12 cazaux-debat
64 0 8 seich
42 0 48 castera-lanusse
60 0 2 bareilles
86 0 13 caussade-riviere
106 0 11 adervielle-pouchergues
56 0 25 ansost
146 0 16 libaros
415 0 37 saint-lezer
432 0 42 larreule-65
785 0 167 bours-65
205 0 45 nouilhan
39 0 7 frechede
104 0 60 lizos
252 0 15 vidouze
161 0 6 azet
71 0 44 talazac
40 0 15 vizos
445 0 39 clarens
108 0 59 sarp
73 0 39 sere-en-lavedan
3975 0 484 juillan
233 0 23 mauvezin-65
246 0 27 senac
277 0 143 arcizac-ez-angles
157 0 16 saint-sever-de-rustan
329 0 32 bazillac
217 0 16 bize-65
284 0 33 uglas
659 0 168 bernac-debat
67 0 19 bettes
133 0 31 barbazan-dessus
126 0 40 angles-65
109 0 13 castelbajac
38 0 12 lomne
497 0 85 vielle-adour
120 0 21 mauleon-barousse
98 0 26 oleac-dessus
797 0 71 arreau
1414 0 228 andrest
75 0 47 ugnouas
419 0 67 siarrouy
15 0 28 thuy
31 0 20 pintac
47 0 4 cheze-65
112 0 9 jezeau
559 0 132 sarrouilles
20 0 7 samuran
44 0 21 mansan
47 0 9 ourdis-cotdoussan
218 0 21 monfaucon-65
388 0 63 agos-vidalos
84 0 19 buzon
51 0 22 montserie
243 0 7 nistos
35 0 18 pouy
179 0 50 juncalas
291 0 48 souyeaux
133 0 39 viger
111 0 6 ferrieres-65
24 0 16 artigues-65
16 0 11 barthe
304 0 78 gez
218 0 71 hiis
365 0 44 luquet
376 0 46 saint-martin-65
78 0 1 estaing-65
449 0 29 madiran
282 0 41 saint-paul-65
81 0 10 thebe
147 0 52 bun
298 0 29 campistrous
113 0 13 gaillagos
42 0 43 crechets
257 0 244 adast
229 0 30 houeydets
1067 0 237 horgues
23 0 9 lassales
114 0 57 hourc
111 0 6 betpouey
58 0 20 troubat
60 0 11 deveze
4679 0 743 semeac
233 0 29 montousse
179 0 53 layrisse
103 0 21 arrayou-lahitte
88 0 17 vidou
99 0 3 sost
458 0 184 salles-adour
85 0 25 castillon-65
291 0 106 ayros-arbouix
402 0 103 escala
114 0 106 montignac-65
173 0 89 ger-65
1219 0 107 oursbelille
1163 0 152 barthe-de-neste
163 0 29 labastide
152 0 80 bourisp
201 0 4 bareges
78 0 24 viella-65
165 0 5 esparros
39 0 22 molere
54 0 10 banios
213 0 32 tilhouse
312 0 7 ancizan
212 0 33 vignec
118 0 18 mazerolles-65
34 0 9 bramevaque
35 0 15 soreac
992 0 65 azereix
228 0 23 orignac
163 0 32 nestier
1266 0 719 pierrefitte-nestalas
67 0 67 pailhac
107 0 20 estirac
101 0 20 arcizans-dessus
41 0 26 estensan
158 0 210 lugagnan
69 0 61 villenave-pres-marsac
19 0 3 grailhen
160 0 36 oueilloux
376 0 67 guchen
48 0 31 gourgue
119 0 4 sazos
35 0 12 lancon-65
146 0 29 tajan
204 0 42 castera-lou
57 0 20 lamarque-rustaing
257 0 23 segus
650 0 56 pouyastruc
113 0 18 escaunets
205 0 69 lespouey
212 0 24 chelle-debat
251 0 1 gedre
107 0 21 lustar
661 0 282 momeres
85 0 12 lalanne-65
726 0 64 bordes-65
404 0 47 caixon
40 0 13 cazarilh
55 0 4 aspin-aure
93 0 27 gensac-65
209 0 31 cassagne-65
92 0 3 sers-65
133 0 23 poumarous
379 0 249 esquieze-sere
253 0 66 escondeaux
47 0 13 moumoulous
727 0 51 galan
102 0 19 villembits
51 0 10 vieuzos
82 0 20 peyrun
36 0 14 uz
121 0 16 antin
405 0 61 loubajac
184 0 27 rejaumont-65
158 0 9 borderes-louron
37 0 31 antichan
575 0 100 lanne
249 0 45 omex
7911 0 838 aureilhan-65
104 0 21 arrodets-ez-angles
180 0 36 luc-65
96 0 48 grezian
284 0 35 astugue
340 0 58 julos
45 0 9 cadeilhan-trachere
173 0 27 clarac-65
83 0 16 bonnemazon
217 0 56 lutilhous
5817 0 305 lannemezan
306 0 66 bernac-dessus
100 0 36 escoubes-pouts
120 0 9 saint-lanne
147 0 66 sabalos
72 0 16 averan
278 0 89 boo-silhen
51 0 16 aveux
130 0 16 ilhet
34 0 16 frechendets
192 0 46 salechan
27 0 7 ens
44 0 6 viscos
124 0 17 guizerix
364 0 24 arcizans-avant
285 0 26 sarriac-bigorre
2322 0 84 ossun
755 0 106 aurensan-65
81 0 2 aulon-65
196 0 47 liac
180 0 13 recurt
64 0 17 villemur
369 0 18 villelongue
72 0 21 ricaud-65
477 0 65 bartres
332 0 79 visker
70 0 20 sarlabous
273 0 42 tibiran-jaunac
299 0 32 seron
590 0 18 sarrancolin
96 0 52 laborde
143 0 34 sinzos
104 0 8 germs-sur-l-oussouet
73 0 22 avajan
351 0 22 bonnefont
60 0 84 armenteule
48 0 21 hagedet
440 0 94 camales
74 0 8 esbareich
90 0 6 arbeost
179 0 34 aventignan
32 0 114 sainte-marie-65
33 0 0 tramezaïgues
52 0 11 pere-65
3208 0 1051 argeles-gazost
38 0 17 ossun-ez-angles
158 0 54 hitte
32 0 15 espieilh
190 0 23 bourg-de-bigorre
311 0 70 jarret
47 0 20 batsere
356 0 66 vielle-aure
26 0 21 caharet
211 0 58 lortet
303 0 32 lascazeres
120 0 14 saint-pastous
210 0 58 loucrup
140 0 1 gavarnie
86 0 6 sacoue
495 0 100 garde-65
771 0 61 castelnau-magnoac
270 0 48 cabanac
70 0 22 villenave-pres-bearn
72 0 20 marquerie
78 0 14 estampures
84 0 66 bourreac
135 0 27 lalanne-trie
400 0 23 beaudean
157 0 6 genos-65
80 0 28 anla
43 0 12 betbeze
3250 0 370 odos
382 0 98 saint-savin-65
37 0 18 ilheu
80 0 27 vielle-louron
619 0 17 heches
32 0 8 barrancoueu
187 0 70 aneres
508 0 64 benac-65
1069 0 95 trie-sur-baïse
222 0 29 goudon
154 0 34 lanespede
81 0 14 tournous-darre
519 0 101 arcizac-adour
86 0 16 bugard
459 0 77 pinas
4243 0 266 borderes-sur-l-echez
25 0 25 arrodets
3005 0 770 soues-65
61 0 25 camparan
182 0 14 sadournin
420 0 27 garderes
285 0 31 ozon-65
476 0 80 ordizan
80 0 56 lombres
441 0 77 cantaous
135 0 55 antist
180 0 29 soublecause
337 0 26 labatut-riviere
72 0 12 lubret-saint-luc
83 0 27 cheust
107 0 27 artalens-souin
129 0 17 galez
284 0 28 tarasteix
49 0 5 grust
1439 0 161 rabastens-de-bigorre
231 0 95 izaourt
43034 0 2807 tarbes
57 0 0 ferrere
269 0 21 burg
255 0 91 gayan
32 0 11 organ
125 0 21 heres
1650 0 580 bazet
83 0 50 sanous
192 0 21 bonrepos
20 0 6 bouilh-devant
153 0 13 sariac-magnoac
81 0 22 lapeyre
97 0 22 trouley-labarthe
241 0 82 soulom
105 0 13 bouilh-pereuilh
64 0 11 loudervielle
455 0 72 tostat
996 0 164 louey
275 0 109 boulin
735 0 340 loures-barousse
41 0 22 hachan
5280 0 165 vic-en-bigorre
76 0 18 betpouy
111 0 14 gaussan
150 0 38 lansac-65
286 0 59 peyrouse
225 0 75 angos
1109 0 146 pouzac
772 0 80 montgaillard-65
93 0 42 saint-creac-65
120 0 45 argeles-bagneres
201 0 42 ouzous
257 0 52 aubarede
184 0 34 izaux
292 0 106 siradan
51 0 16 barbachen
1457 0 15 campan
186 0 18 begole
46 0 3 germ
422 0 11 beaucens
78 0 88 lhez
26 0 7 camous
107 0 13 orieux
284 0 6 loudenvielle
33 0 30 gonez
13 0 3 frechet-aure
32 0 8 sabarros
350 0 66 laslades
148 0 18 bernadets-dessus
1936 0 478 laloubere
47 0 13 laran
485 0 55 lafitole
124 0 13 bazordan
141 0 40 peyraube
104 0 11 bernadets-debat
178 0 35 lescurry
64 0 11 aries-espenan
203 0 24 arne
212 0 15 puydarrieux
321 0 54 orincles
109 0 22 mun
109 0 45 neuilh
941 0 90 saint-laurent-de-neste
133 0 52 barry
675 0 36 castelnau-riviere-basse
495 0 100 artagnan
56 0 9 berberust-lias
89 0 19 saligos
94 0 10 vier-bordes
500 0 172 lau-balagnas
386 0 125 ayzac-ost
1310 0 91 tournay
134 0 68 bazus-aure
267 0 66 barlest
31 0 37 estarvielle
108 0 55 oleac-debat
808 0 74 lamarque-pontacq
119 0 38 coussan
100 0 57 mingot
23 0 5 peyriguere
145 0 16 fontrailles
191 0 27 ossen
616 0 116 pujo
200 0 114 esterre
246 0 72 merilheu
77 0 10 sentous
698 0 68 trebons
327 0 97 mazeres-de-neste
68 0 39 sireix
459 0 59 tuzaguet
73 0 12 gouaux
211 0 47 marseillan-65
61 0 4 cazaux-frechet-aneran-camors
71 0 9 gazave
242 0 2 aragnouet
131 0 18 montegut-65
8047 0 63 bagneres-de-bigorre
741 0 102 ade
223 0 14 beyrede-jumet
103 0 24 saint-arroman-65
246 0 138 aspin-en-lavedan
725 0 7 arrens-marsous
31 0 5 ourde
57 0 21 espeche
68 0 24 marsas-65
94 0 7 generest
392 0 82 mascaras-65
32 0 3 mont-65
120 0 13 oroix
63 0 18 bulan
28 0 12 esconnets
22 0 9 gez-ez-angles
379 0 102 allier
90 0 42 hauban
77 0 37 benque-65
885 0 9 saint-lary-soulan
259 0 25 labassere
200 0 7 salles-65
16 0 11 mazouau
141 0 54 guchan
94 0 15 segalas-65
14743 0 399 lourdes
41 0 17 ouste
26 0 4 viey
1139 0 7 cauterets
240 0 42 lahitte-toupiere
174 0 65 geu
11 0 4 ourdon
217 0 81 bertren
132 0 24 sere-rustaing
71 0 71 gembrie
260 0 20 aucun
153 0 23 campuzan
71 0 37 jacque
89 0 12 larroque-65
13 0 6 casterets
108 0 14 monlong
295 0 78 chis
104 0 29 uzer-65
56 0 8 peyret-saint-andre
112 0 14 cizos
40 0 10 caubous-65
447 0 22 monleon-magnoac
1832 0 221 orleix
842 0 135 poueyferre
128 0 24 lameac
535 0 20 aste
101 0 31 bizous
92 0 173 sassis
170 0 16 sauveterre-65
1001 0 19 luz-saint-sauveur
12 0 6 ris-65
3470 0 354 barbazan-debat
110 0 24 chelle-spou
228 0 45 dours
223 0 41 castelvieilh
208 0 23 puntous
1257 0 28 saint-pe-de-bigorre
373 0 145 lezignan
233 0 152 hibarette
47 0 18 bazus-neste
270 0 131 calavante
