185
247



1 107 7
1 127 2
1 129 1
1 148 4
2 36 298
2 45 5
2 82 18
3 20 1
3 106 1
4 101 1
4 144 1
5 10 72
5 41 574
5 154 598
6 33 1
6 110 1
7 35 5
7 83 7
7 113 12
8 16 1
8 67 4
9 29 83
9 51 4
9 111 41
9 172 5
10 121 1
11 47 1
11 158 1
12 140 1
12 156 1
13 147 2
13 161 12
13 162 6
14 21 1
14 57 1
14 179 1
15 41 167
15 49 54
16 67 1
16 169 1
16 172 1
16 173 1
17 24 1
17 176 1
18 42 1
18 78 1
18 123 1
18 150 1
19 37 1
19 104 1
19 141 1
20 52 3
20 106 1
20 144 3
20 175 2
21 57 1
21 185 3
22 53 1
22 66 1
22 108 1
23 43 13
23 50 6
24 94 1
24 176 1
25 34 1
25 98 1
25 180 1
26 69 1
26 166 1
27 143 1
27 158 1
28 50 4
28 110 1
29 116 17
29 181 12
30 125 2
30 132 18
31 85 284
32 90 5
32 159 2
33 110 1
34 98 1
35 58 4
35 146 43
36 114 41
36 126 436
37 100 1
37 105 1
38 52 1
38 74 1
38 164 1
38 165 1
39 44 1
39 73 1
40 66 1
40 135 1
41 87 65
42 150 1
43 67 11
43 185 33
44 69 1
44 73 1
44 142 1
44 166 1
45 82 1
45 114 1
46 59 1
46 150 1
47 49 2
47 158 1
48 85 114
48 133 75
49 121 2
50 110 1
51 116 1
52 144 1
53 66 1
54 70 129
55 93 8
55 128 1
55 159 1
56 99 21
56 159 2
57 179 1
58 146 38
59 136 1
59 150 1
60 138 9
60 185 19
61 79 1
61 117 1
61 127 1
62 109 446
62 146 412
63 161 39
64 153 239
65 78 1
65 184 1
66 100 1
66 135 1
68 72 180
68 125 80
68 168 6
69 73 1
71 152 160
72 81 16
72 110 5
72 185 54
74 165 1
75 178 222
76 144 1
76 145 1
77 104 1
77 118 1
78 139 1
78 175 1
78 182 1
78 184 1
79 117 3
79 127 3
80 93 3
80 138 3
81 125 7
82 180 1
83 134 54
84 140 1
84 156 1
85 174 158
86 151 1794
87 121 3
88 91 1
88 130 6
89 163 219
90 130 16
91 104 1
91 149 6
92 166 1
92 176 4
93 128 2
94 176 1
95 96 114
95 167 46
95 171 142
97 140 1
97 158 1
98 119 1
98 142 1
99 130 59
99 131 65
99 159 5
99 177 8
100 108 1
101 144 1
101 145 1
102 112 1
102 182 1
103 134 274
104 118 1
104 141 1
105 141 1
107 122 1
107 148 13
109 151 1678
111 153 123
112 139 1
113 115 67
114 141 1
116 181 1
119 135 1
119 142 1
120 131 34
120 177 4
122 124 1
123 137 1
124 183 1
125 155 1
127 129 1
127 148 4
128 159 1
131 149 41
132 178 338
135 142 1
135 176 2
136 182 1
137 175 1
139 182 1
140 143 1
140 156 1
140 158 1
142 176 1
143 158 1
144 175 1
147 149 4
147 162 3
150 182 1
153 157 979
155 168 1
160 168 1
160 172 1
161 162 26
161 183 5
164 165 1
166 176 1
167 183 1
169 170 1
170 172 1
173 179 1



1955 0 247 baillet-en-france
16236 0 1296 osny
250 0 57 hodent
443 0 61 montreuil-sur-epte
56988 0 4891 cergy
344 0 75 chennevieres-les-louvres
2561 0 901 montlignon
1912 0 176 fontenay-en-parisis
8979 0 1730 ezanville
2014 0 473 neuville-sur-oise
1160 0 110 sagy-95
264 0 34 themericourt
2026 0 779 butry-sur-oise
131 0 145 plessis-luzarches
16589 0 2407 jouy-le-moutier
694 0 99 mareil-en-france
371 0 34 breancon
633 0 43 chaussy-95
634 0 83 vallangoujard
5752 0 410 magny-en-vexin
432 0 57 bellefontaine-95
539 0 49 haravilliers
3833 0 712 survilliers
191 0 97 heaulme
306 0 84 courcelles-sur-viosne
204 0 66 brignancourt
1332 0 118 seraincourt-95
2205 0 269 vemars
14827 0 1779 domont
713 0 151 bonneuil-en-france
21194 0 3946 montmorency
3700 0 415 bruyeres-sur-oise
88 0 25 epiais-les-louvres
426 0 85 montgeroult
2852 0 3961 margency
29548 0 4132 pontoise
90 0 32 menouville
405 0 79 clery-en-vexin
379 0 80 commeny
645 0 61 epiais-rhus
16180 0 4676 vaureal
977 0 263 bray-et-lû
5472 0 634 marly-la-ville
548 0 100 perchay
489 0 75 genicourt
198 0 22 amenucourt
545 0 78 condecourt
8460 0 2867 groslay
5287 0 1436 menucourt
2566 0 334 saint-witz
714 0 175 piscop
735 0 96 nucourt
664 0 41 arronville
26016 0 2042 herblay
2527 0 179 asnieres-sur-oise
3788 0 380 presles-95
187 0 97 lassy-95
2524 0 934 andilly-95
319 0 124 haute-isle
3289 0 777 chaumontel
671 0 355 villaines-sous-bois
27446 0 6597 ermont
6792 0 535 auvers-sur-oise
14320 0 2386 saint-brice-sous-foret
301 0 40 arthies
607 0 84 grisy-les-platres
3294 0 644 puiseux-en-france
30996 0 2690 goussainville-95
151 0 31 moussy-95
7958 0 864 pierrelaye
33097 0 5346 franconville-95
9339 0 824 louvres
173 0 224 gouzangrez
244 0 48 bellay-en-vexin
26356 0 1311 gonesse
331 0 91 chapelle-en-vexin
250 0 47 hedouville
461 0 55 villers-en-arthies
2586 0 195 saint-martin-du-tertre-95
1035 0 608 seugy
2750 0 195 roissy-en-france
1774 0 271 boissy-l-aillerie
4569 0 2261 frette-sur-seine
327 0 39 wy-dit-joli-village
21509 0 5720 deuil-la-barre
27987 0 6727 bezons
6495 0 1166 courdimanche
858 0 181 ronquerolles
20156 0 8328 saint-gratien-95
2378 0 436 bernes-sur-oise
1820 0 135 nesles-la-vallee
1811 0 108 chars
4985 0 608 viarmes
203 0 68 neuilly-en-vexin
26144 0 2494 taverny
6994 0 1094 bessancourt
1077 0 164 vigny-95
943 0 117 ableiges
8954 0 1598 beaumont-sur-oise
28 0 5 theuville-95
934 0 76 saint-clair-sur-epte
417 0 110 vienne-en-arthies
23038 0 2716 cormeilles-en-parisis
569 0 70 labbeville
381 0 58 livilliers
28 0 7 charmont-95
5940 0 1317 bouffemont
332 0 39 berville-95
26090 0 5458 sannois
811 0 144 villeron
7374 0 971 ecouen
228 0 58 saint-cyr-en-arthies
7308 0 921 saint-prix-95
2244 0 302 ennery-95
14766 0 2817 saint-leu-la-foret
1831 0 255 attainville
1937 0 204 belloy-en-france
369 0 48 frouville
1318 0 120 us
4657 0 492 champagne-sur-oise
747 0 269 boisemont-95
301 0 60 chauvry
420 0 52 ambleville-95
420 0 110 bethemont-la-foret
4118 0 1045 thillay
23608 0 1933 saint-ouen-l-aumone
1664 0 245 maffliers
688 0 181 noisy-sur-oise
653 0 97 nerville-la-foret
10498 0 2042 persan
11744 0 786 isle-adam
40012 0 7314 garges-les-gonesse
14250 0 4896 montmagny
19041 0 4678 montigny-les-cormeilles
1112 0 116 cormeilles-en-vexin
149 0 17 cherence
301 0 25 omerville
4289 0 209 luzarches
972 0 96 aincourt
805 0 64 avernes
610 0 72 herouville
543 0 126 fremecourt
490 0 87 fremainville
958 0 72 saint-gervais-95
307 0 44 buhy
24062 0 5443 eaubonne
1204 0 262 valmondois
3396 0 884 montsoult
5531 0 601 parmain
454 0 98 roche-guyon
103125 0 5988 argenteuil
7730 0 2873 plessis-bouchard
26736 0 3662 villiers-le-bel
16886 0 3577 eragny
90 0 999 vaudherland
99 0 21 gadancourt
58614 0 6936 sarcelles
530 0 62 longuesse
833 0 260 nointel-95
73 0 17 plessis-gassot
9260 0 829 mery-sur-oise
4443 0 836 meriel
17428 0 4378 soisy-sous-montmorency
124 0 15 banthelu
154 0 25 guiry-en-vexin
603 0 112 santeuil-95
2795 0 834 frepillon
329 0 117 bouqueval
67 0 18 epinay-champlatreux
176 0 53 villiers-le-sec-95
8737 0 2893 beauchamp
912 0 137 mesnil-aubry
69 0 22 chatenay-en-france
11809 0 6671 enghien-les-bains
557 0 53 genainville
3254 0 393 marines
1352 0 551 mours
13538 0 4766 arnouville
254 0 60 jagny-sous-bois
433 0 76 puiseux-pontoise
1255 0 859 moisselles
887 0 206 vetheuil
828 0 84 villiers-adam
197 0 30 maudetour-en-vexin
9565 0 2649 fosses-95
