305
-60.81900
12.84272
5114.96663
5235.42409
55
57325
1;allonne-79;648;28;-29,2959141747069;5179,82662636147;
2;frontenay-rohan-rohan;2982;88;-41,0094375751997;5142,76535731084;
3;chenay-79;485;22;-2,55994721372073;5150,18205891803;
4;louzy;1287;69;-13,8986674563321;5228,01850756922;
5;echire;3336;107;-30,6822646875646;5157,58764103256;
6;saint-clementin;516;37;-39,2179683816905;5220,60180596203;
7;absie;1041;79;-44,5396194203037;5185,3863726937;
8;fosses-79;445;36;-28,236820646662;5133,50281992135;
9;courlay;2415;81;-43,147038499063;5202,06561169038;
10;ensigne;283;13;-17,9960678390345;5124,22916303919;
11;boisme;1154;30;-32,9947493570553;5202,06561169038;
12;prin-deyrancon;605;37;-48,7282698488884;5139,06256625358;
13;beugnon-79;316;19;-38,2120951949179;5179,82662636147;
14;montalembert;274;23;11,5654148145498;5126,08611831416;
15;bouille-loretz;1045;39;-21,4529676746928;5235,42408968375;
16;lezay;2066;45;-1,28118109713319;5144,62231258581;
17;groseillers;67;15;-30,5978582626818;5174,26688002925;
18;menigoute;878;45;-3,82707682748567;5170,56408897198;
19;loubille;378;17;-5,14486941578122;5120,52637198193;
20;mougon;2044;96;-21,7696824472605;5147,40218575192;
21;fors;1684;89;-30,7664608196407;5140,90840203588;
22;chiche;1633;34;-27,9100192898331;5203,92256696535;
23;saint-remy-79;1027;75;-40,9220980927871;5155,74180525026;
24;magne-79;2820;190;-42,2395514219062;5150,18205891803;
25;limalonges;873;35;12,8427233770572;5129,78890937142;
26;avon-79;79;6;1,51280440155272;5157,58764103256;
27;bretignolles;634;48;-45,6142510193596;5211,33926857254;
28;clave;338;17;-16,5840250996167;5170,56408897198;
29;cerizay;4660;251;-50,729716121014;5205,77952224031;
30;availles-thouarsais;211;19;-11,4071100213357;5209,48231329758;
31;fomperron;431;24;-7,65650426695728;5168,70713369702;
32;vitre-79;532;53;-15,3692094219004;5146,46814836811;
33;chapelle-pouilloux;192;24;2,56851385293698;5129,78890937142;
34;parthenay;10478;920;-19,0825281170304;5187,24332796867;
35;chef-boutonne;2126;107;-3,8551382715166;5126,08611831416;
36;juscorps;372;57;-29,493416363878;5139,06256625358;
37;saint-maurice-la-fougereuse;541;15;-37,8937402128237;5229,86434335152;
38;auge-79;926;39;-21,7133325110748;5163,14738736479;
39;misse;863;69;-15,1811392566936;5220,60180596203;
40;saint-germier-79;201;17;-2,55370428722418;5165,00434263975;
41;pompaire;1958;152;-17,8212964379363;5183,5405369114;
42;marigny-79;891;28;-32,0678629234581;5137,20561097861;
43;saint-genard;366;33;-10,2648007930946;5135,34865570365;
44;seligne;119;12;-21,8325603904297;5129,78890937142;
45;niort;57325;840;-35,8396449880122;5150,18205891803;
46;petite-boissiere;645;49;-57,0001788467886;5213,18510435484;
47;assais-les-jumeaux;771;14;-4,50463152588857;5202,63270581627;
48;saint-leger-de-la-martiniere;986;38;-9,61553505395885;5140,26347146134;
49;saint-paul-en-gatine;451;29;-45,812206153573;5185,3863726937;
50;faye-l-abbesse;1044;44;-26,6248647437344;5207,62535802261;
51;aigonnay;610;43;-19,1997961008665;5150,18205891803;
52;saint-georges-de-noisne;706;28;-19,1412606673932;5168,70713369702;
53;saint-georges-de-rex;408;23;-49,9499306211762;5146,46814836811;
54;celles-sur-belle;3753;100;-15,3738656882845;5144,62231258581;
55;vasles;1706;19;-1,27376198122739;5179,82662636147;
56;villefollet;199;15;-20,5545347880216;5127,94307358912;
57;sainte-neomaye;1339;125;-19,1822454698974;5155,74180525026;
58;beauvoir-sur-niort;1738;74;-35,937764731257;5133,50281992135;
59;saint-germain-de-longue-chaume;407;27;-26,6825758860967;5194,66002957586;
60;sansais;776;51;-44,8404159677203;5144,62231258581;
61;saint-loup-lamaire;942;43;-12,5833701953263;5202,63270581627;
62;saint-jean-de-thouars;1344;270;-16,4411272864827;5222,458761237;
63;neuvy-bouin;486;19;-35,5988079051236;5190,94611902593;
64;tourtenay;142;18;-10,1049721275928;5229,86434335152;
65;saint-andre-sur-sevre;646;32;-50,7612172846748;5202,06561169038;
66;lhoumois;140;14;-10,1679107728597;5192,80307430089;
67;ulcot;58;8;-31,5781421065132;5229,86434335152;
68;oroux;105;16;-7,62831053087611;5190,94611902593;
69;fontenille-saint-martin-d-entraigues;591;39;-10,1475805305636;5128,68807959764;
70;saint-generoux;372;18;-11,4000357693577;5213,18510435484;
71;fressines;1357;141;-22,3963899217215;5151,10497680918;
72;gourge;935;18;-12,7021046711581;5196,50586535816;
73;saint-christophe-sur-roc;593;54;-26,8141631574855;5165,00434263975;
74;tillou;301;29;-8,98718763411871;5131,64586464639;
75;foye-monjault;765;40;-41,059280158577;5135,34865570365;
76;xaintray;240;21;-35,7194092370451;5170,56408897198;
77;chauray;5985;412;-29,4217415584585;5153,8848499753;
78;saint-maixent-l-ecole;7483;1433;-15,3317441846511;5161,30155158249;
79;saint-martin-du-fouilloux-79;216;9;-8,91343409248232;5181,68358163644;
80;fenioux-79;688;20;-36,9610158787479;5176,12383530421;
81;chey;617;28;-3,84113095098536;5148,32510364307;
82;aiffres;5229;203;-32,0192119109748;5146,46814836811;
83;belleville-79;120;10;-38,469073248271;5128,96606691425;
84;beaussais;423;26;-11,5269070664253;5146,46814836811;
85;amure;460;30;-47,4027781619867;5144,62231258581;
86;saint-medard-79;109;26;-20,5172026971491;5139,06256625358;
87;chapelle-gaudin;213;12;-29,1062358437662;5218,74485068707;
88;melleran;516;25;0,107022566381833;5129,78890937142;
89;louin;756;36;-12,686386244136;5203,92256696535;
90;massais;572;27;-26,5338679327575;5228,01850756922;
91;creche;5449;157;-23,0211385107984;5155,09687467572;
92;chillou;182;35;-10,1584909167011;5198,36282063312;
93;sainte-ouenne;788;68;-34,4753526310528;5165,00434263975;
94;saint-hilaire-la-palud;1597;46;-55,089711006129;5144,62231258581;
95;gournay-loize;614;26;-4,47170698501819;5132,30191471359;
96;chail;541;42;-7,69628094460519;5137,20561097861;
97;thorigne;1267;69;-19,2115117773755;5146,46814836811;
98;epannes;775;96;-44,8677297232587;5140,90840203588;
99;saint-martin-de-saint-maixent;1113;88;-15,3364389156684;5159,44459630753;
100;sauze-vaussais;1616;84;7,70561861499709;5129,78890937142;
101;mothe-saint-heray;1801;120;-7,67289818795894;5155,74180525026;
102;lusseray;166;20;-12,8388284726243;5131,64586464639;
103;mauze-thouarsais;2059;41;-20,2289473018178;5224,3045970193;
104;sepvret;583;34;-6,40381164377612;5146,46814836811;
105;coutieres;156;21;-8,9298714446454;5170,56408897198;
106;coulon;2224;74;-44,799498635627;5150,18205891803;
107;saint-romans-les-melle;682;76;-14,109822744173;5137,20561097861;
108;prailles;658;34;-16,6398488871457;5150,18205891803;
109;juille-79;106;21;-16,7005643327306;5127,94307358912;
110;mauze-sur-le-mignon;2800;118;-51,3085652849711;5137,20561097861;
111;saint-leger-de-montbrun;1214;39;-10,1112757375953;5226,16155229426;
112;saint-jouin-de-milly;209;30;-45,7133234084633;5198,36282063312;
113;brûlain;683;27;-24,3715819788529;5137,20561097861;
114;lorigne;279;25;5,14021006294394;5126,08611831416;
115;boussais;416;21;-19,0177605312389;5207,62535802261;
116;prisse-la-charriere;620;31;-37,3161874191469;5131,95721044099;
117;vernoux-sur-boutonne;170;20;-19,2582041925281;5131,64586464639;
118;mazieres-sur-beronne;404;42;-14,109822744173;5137,20561097861;
119;villiers-en-bois;144;7;-30,813126708045;5131,64586464639;
120;sainte-eanne;671;48;-11,5058492578367;5157,58764103256;
121;airvault;3074;62;-11,4106563187433;5207,62535802261;
122;brion-pres-thouet;757;93;-13,8899976325898;5231,72129862649;
123;busseau;744;26;-45,8545142339015;5179,82662636147;
124;saint-marc-la-lande;359;35;-29,011347598459;5172,78798750487;
125;saint-etienne-la-cigogne;135;28;-38,5397045529097;5127,94307358912;
126;romans-79;740;64;-17,9088761548309;5153,8848499753;
127;azay-sur-thouet;1098;54;-26,7319828454514;5183,5405369114;
128;alleuds-79;296;32;-0,556347949933441;5131,64586464639;
129;amailloux;857;23;-24,1265016396464;5198,36282063312;
130;bougon;184;15;-5,11529103496659;5155,74180525026;
131;saint-maixent-de-beugne;356;32;-45,924921929828;5170,56408897198;
132;nanteuil;1670;80;-12,7764790401162;5161,30155158249;
133;coulonges-sur-l-autize;2373;125;-45,9390256017437;5168,70713369702;
134;villemain;167;10;-6,43490504980598;5116,82358092467;
135;ferriere-en-parthenay;805;27;-6,35885302523746;5189,10028324363;
136;chapelle-thireuil;434;25;-42,0461733971393;5177,98079057917;
137;hanc;257;14;-1,28546096211504;5124,22916303919;
138;cirieres;963;57;-46,9105013340699;5207,62535802261;
139;retail;263;18;-33,1272626485501;5177,98079057917;
140;saint-varent;2496;72;-17,7333636411436;5213,18510435484;
141;thenezay;1476;30;-2,54117229146075;5194,66002957586;
142;vausseroux;350;18;-10,1961238528325;5176,12383530421;
143;pioussay;325;23;2,57161823910597;5122,38332725689;
144;ardilleux;165;15;-2,57006648008925;5126,08611831416;
145;pas-de-jeu;395;35;-2,52858996580564;5224,3045970193;
146;loubigne;162;14;-6,42908417242425;5122,38332725689;
147;mazieres-en-gatine;969;50;-24,2233299561716;5174,26688002925;
148;moncoutant;3170;120;-44,4709343981842;5194,66002957586;
149;saint-laurs;533;65;-43,3602390648038;5172,42104424695;
150;taize-79;777;36;-8,86119807726195;5216,89901490477;
151;sainte-radegonde-79;1955;259;-18,753458631193;5224,43803093127;
152;secondigny;1798;48;-31,8238145607591;5183,5405369114;
153;pugny;243;34;-39,3885898152627;5194,66002957586;
154;saint-pardoux-79;1578;46;-22,9342763984396;5177,98079057917;
155;vernoux-en-gatine;602;19;-39,4494251945802;5185,3863726937;
156;irais;199;14;-6,33332787178591;5213,18510435484;
157;surin-79;610;44;-35,5112041970392;5166,18300886219;
158;lageon;368;26;-19,0531189004994;5196,50586535816;
159;brioux-sur-boutonne;1514;97;-16,6955326845557;5129,78890937142;
160;scille;380;33;-43,2937245055129;5181,68358163644;
161;moutiers-sous-argenton;588;16;-29,0971582734306;5220,60180596203;
162;bressuire;18615;103;-36,7562180529484;5209,48231329758;
163;genneton;340;12;-31,56825908908;5231,72129862649;
164;breuil-bernard;472;57;-41,9297621067235;5194,66002957586;
165;saint-martin-les-melle;871;95;-11,5409120910063;5139,06256625358;
166;cherveux;1651;74;-26,8305523231394;5161,30155158249;
167;chapelle-baton-79;381;22;-25,2283445593574;5167,63966240123;
168;saint-jacques-de-thouars;464;83;-16,4360244238805;5224,3045970193;
169;usseau-79;913;56;-44,6596291391371;5134,30342339319;
170;sainte-blandine-79;697;42;-20,5047572339716;5142,76535731084;
171;vanzay;204;17;7,69161520491017;5140,90840203588;
172;pamplie;273;22;-33,1476542863567;5174,26688002925;
173;glenay;545;25;-19,0059379247332;5211,33926857254;
174;breuil-sous-argenton;439;22;-31,6077159356295;5224,3045970193;
175;saint-martin-de-macon;328;26;-8,84464791460293;5228,01850756922;
176;largeasse;726;23;-38,1415526543806;5190,94611902593;
177;chatillon-sur-thouet;2801;170;-17,8103341325242;5187,24332796867;
178;bouille-saint-paul;422;20;-26,5256181489766;5229,86434335152;
179;argenton-l-eglise;1632;63;-20,2036949086625;5231,72129862649;
180;saint-aubin-du-plain;550;39;-36,6991735359988;5218,74485068707;
181;villiers-sur-chize;165;14;-23,1308296290996;5126,08611831416;
182;reffannes;374;43;-14,0196798565347;5176,12383530421;
183;saurais;188;16;-11,456564076622;5183,5405369114;
184;villiers-en-plaine;1694;60;-40,8971448810508;5159,44459630753;
185;chanteloup-79;986;47;-39,3520777422289;5200,21977590809;
186;forges-79;126;11;-2,54901184542811;5176,12383530421;
187;marnes;241;14;-1,26748201817068;5209,48231329758;
188;geay-79;342;17;-24,7858996888348;5212,85151957491;
189;saint-martin-de-bernegoue;793;44;-26,9206532171856;5140,90840203588;
190;verruyes;911;34;-21,6800812733899;5172,42104424695;
191;peyratte;1145;24;-11,4459812293523;5189,10028324363;
192;thouars;9822;812;-16,4411272864827;5222,458761237;
193;tallud;2030;105;-22,9061030767865;5185,3863726937;
194;sciecq;582;134;-35,8068837868024;5155,74180525026;
195;souvigne-79;869;32;-14,0669544349308;5155,74180525026;
196;saint-lin;365;32;-17,8487251550158;5174,26688002925;
197;saint-martin-de-sanzay;977;39;-15,1432891154174;5235,42408968375;
198;bouin-79;151;18;-1,28546096211504;5124,22916303919;
199;pouffonds;374;52;-7,69628094460519;5137,20561097861;
200;boissiere-en-gatine;229;20;-28,0308077472888;5177,98079057917;
201;maisontiers;185;10;-19,0354469640296;5202,06561169038;
202;francois;925;98;-26,8551436578563;5155,74180525026;
203;voultegon;558;32;-39,2302033863277;5218,74485068707;
204;puihardy;67;56;-41,0808277541355;5173,16605025546;
205;moutiers-sous-chantemerle;609;23;-47,026730311079;5192,80307430089;
206;chapelle-saint-etienne;321;17;-43,2271184359997;5190,94611902593;
207;nueil-les-aubiers;5444;55;-44,7949862452539;5219,18963039365;
208;saivres;1393;65;-17,8815634423333;5163,14738736479;
209;cersay;999;27;-26,517316420974;5231,72129862649;
210;beaulieu-sous-parthenay;664;24;-17,8322856162316;5179,82662636147;
211;couture-d-argenson;413;17;-6,43684813135589;5114,9666256497;
212;saint-aubin-le-cloud;1760;42;-26,7155393638425;5187,24332796867;
213;maire-levescault;569;32;6,26913778764439;5132,11288333829;
214;luzay;567;27;-15,1858753844653;5218,74485068707;
215;cherigne;131;16;-12,8465938774396;5127,94307358912;
216;combrand;1141;46;-51,9495383196868;5211,33926857254;
217;boisserolles;62;7;-35,9813162350767;5126,08611831416;
218;saint-pierre-des-echaubrognes;1371;47;-56,4448135839966;5224,99400556449;
219;vouille-79;3248;145;-28,1597265476656;5150,18205891803;
220;adilly;309;23;-24,1563421088095;5190,94611902593;
221;saint-amand-sur-sevre;1287;39;-60,8190013591462;5211,33926857254;
222;vancais;266;15;3,84113095098536;5148,32510364307;
223;coudre;248;29;-35,4226835675171;5220,60180596203;
224;saint-jouin-de-marnes;585;25;-3,80001192311924;5213,18510435484;
225;priaires;120;17;-46,2337116899825;5129,78890937142;
226;sainte-gemme-79;380;42;-21,8641427401912;5215,10877658579;
227;etusson;341;16;-39,169068409183;5228,01850756922;
228;exoudun;589;22;-5,11841783518084;5152,02789470033;
229;coulonges-thouarsais;439;25;-24,0443280018624;5218,74485068707;
230;exireuil;1563;74;-14,0497943735918;5163,14738736479;
231;germond-rouvre;1152;64;-32,1953379989979;5165,56031727298;
232;vallans;762;84;-42,3166776670229;5139,06256625358;
233;pougne-herisson;372;31;-30,5320449872486;5187,24332796867;
234;saint-vincent-la-chatre;608;28;-2,56462148486341;5139,06256625358;
235;doux-79;238;24;1,26983993541476;5198,36282063312;
236;fenery;304;24;-27,9704973742475;5190,94611902593;
237;messe;178;14;8,96811394127544;5144,62231258581;
238;granzay-gript;902;41;-36,0776872579295;5138,78457893697;
239;ardin;1218;41;-42,110773468265;5168,70713369702;
240;pamproux;1678;46;-3,83528308594557;5157,58764103256;
241;clussais-la-pommeraie;600;19;3,8481404723026;5137,20561097861;
242;saint-pompain;937;38;-45,9812288248983;5163,14738736479;
243;bataille;77;12;-7,71261152045982;5124,22916303919;
244;saint-coutant-79;261;21;0,149610067615655;5138,81793741496;
245;mauleon;8172;67;-56,8307492423035;5217,66625989862;
246;viennay;1103;70;-19,0707763271903;5190,94611902593;
247;paizay-le-tort;476;42;-14,1183718186106;5133,50281992135;
248;salles-79;343;44;-7,62766905827183;5157,81003088585;
249;vanneau-irleau;919;64;-48,6542997716082;5148,32510364307;
250;arcais;608;40;-52,4954307225935;5148,32510364307;
251;bourdet;530;63;-47,4316527356634;5140,90840203588;
252;saint-romans-des-champs;177;43;-26,9369833061182;5137,20561097861;
253;chantecorps;331;17;-11,481230482457;5170,56408897198;
254;pliboux;201;13;10,2678997763131;5133,50281992135;
255;aubigne-79;210;7;-10,2896616589071;5120,52637198193;
256;asnieres-en-poitou;193;10;-14,135481294639;5126,08611831416;
257;chize;913;38;-26,9777931870368;5127,94307358912;
258;pers-79;75;15;5,12931990914076;5139,06256625358;
259;saint-cyr-la-lande;351;39;-11,3645641804174;5231,72129862649;
260;luche-thouarsais;421;31;-25,32550038867;5215,0420596298;
261;soudan-79;452;19;-8,94082003885734;5163,14738736479;
262;montravers;379;37;-54,5176055465654;5207,62535802261;
263;pin-79;1069;55;-49,7373249647575;5210,727696476;
264;pressigny-79;204;16;-7,61888723474389;5198,36282063312;
265;couarde;262;16;-11,5198776605199;5150,18205891803;
266;sompt;311;25;-7,70328167701124;5131,64586464639;
267;crezieres;55;12;-10,2834563185747;5124,22916303919;
268;azay-le-brûle;1806;81;-19,1705486445855;5159,44459630753;
269;bessines;1589;139;-38,4113095098536;5148,32510364307;
270;saint-gelais;1743;106;-29,4038114236955;5157,58764103256;
271;beceleuf;698;36;-38,2942007939854;5166,86129791472;
272;pierrefitte-79;333;20;-22,8071255096798;5211,33926857254;
273;brieuil-sur-chize;117;14;-24,4085052433125;5127,94307358912;
274;brie-79;199;16;-3,10122850730468;5217,24371917737;
275;oiron;961;26;-6,32544938839023;5220,60180596203;
276;trayes;133;18;-36,8701421381994;5190,94611902593;
277;chapelle-bertrand;512;26;-14,002441745729;5183,5405369114;
278;caunay;167;11;6,41354179956785;5137,20561097861;
279;sainte-verge;1438;112;-16,4257530382479;5228,01850756922;
280;secondigne-sur-belle;545;22;-23,102832253785;5133,50281992135;
281;clesse-79;934;32;-31,7649967049493;5194,66002957586;
282;rom;842;16;8,96266449317217;5148,32510364307;
283;chapelle-saint-laurent;1854;64;-36,8245962383047;5198,36282063312;
284;tessonniere;313;21;-13,950639593101;5205,77952224031;
285;cours-79;541;36;-31,8923324095594;5170,56408897198;
286;luche-sur-brioux;143;27;-11,5584279224956;5129,78890937142;
287;vert-79;128;10;-29,5649851197242;5124,22916303919;
288;faye-sur-ardin;632;42;-39,5828378173959;5165,00434263975;
289;saint-maxire;1131;78;-37,0630351521337;5159,44459630753;
290;champdeniers-saint-denis;1675;76;-31,0083292955937;5168,807209131;
291;saint-symphorien-79;1800;94;-38,4346642207113;5144,62231258581;
292;sainte-soline;348;13;2,56306581946763;5142,76535731084;
293;rochenard;561;65;-44,8949465225938;5137,20561097861;
294;thorigny-sur-le-mignon;85;16;-42,3680492235618;5131,64586464639;
295;maisonnay;258;49;-5,13243888964653;5135,34865570365;
296;argenton-les-vallees;1602;55;-34,1363059014351;5224,3045970193;
297;soutiers;265;48;-20,386048947809;5177,98079057917;
298;prahecq;2069;82;-26,9124602290124;5142,76535731084;
299;melle-79;3657;374;-10,2585628788676;5139,06256625358;
300;perigne;1020;48;-19,2465496034265;5135,34865570365;
301;foret-sur-sevre;2294;41;-49,5074207031778;5200,21977590809;
302;aubigny-79;178;14;-10,1616380094411;5196,50586535816;
303;vautebis;122;16;-11,4741968485057;5174,26688002925;
304;vouhe-79;368;26;-17,8432358602369;5176,12383530421;
305;paizay-le-chapt;265;13;-14,1397620788046;5124,22916303919;
