433
345.40793
437.06736
5294.73546
5411.49014
7
25526
1;doulevant-le-chateau;419;18;363,09342204418;5379,97749432168;
2;dammartin-sur-meuse;226;14;414,316175105439;5335,49952366386;
3;saudron;35;3;392,95968855771;5392,9539422611;
4;aizanville;29;8;363,872000880611;5348,47597160328;
5;loges-52;131;12;410,937603709474;5313,26053833494;
6;tornay;37;5;419,0792315953;5303,99800094545;
7;plesnoy;105;11;410,146456354706;5324,3800309994;
8;lafauche;87;16;406,83632268139;5370,71495693219;
9;pierremont-sur-amance;168;10;422,663777571169;5314,97294020527;
10;gillancourt;120;7;370,815968346817;5355,89267321047;
11;genevrieres;146;11;418,944973778485;5305,85495622042;
12;audeloncourt;95;8;409,532566769685;5350,33292687824;
13;lescheres-sur-le-blaiseron;96;6;372,476179638079;5374,86252769603;
14;aujeurres;77;5;387,649666539047;5307,70079200272;
15;guindrecourt-sur-blaise;44;7;367,385774322178;5370,71495693219;
16;breuvannes-en-bassigny;710;14;416,544870809597;5347,77544356541;
17;noidant-chatenoy;90;17;402,091262605216;5315,11749360991;
18;montcharvot;37;10;427,408506809788;5326,23698627436;
19;heuilley-le-grand;197;16;403,724400287044;5309,55774727768;
20;villeneuve-52;69;13;410,196906176133;5341,05926999608;
21;palaiseul;60;12;404,840746872456;5311,41470255264;
22;lariviere-arnoncourt;165;8;425,175516322744;5339,89172326632;
23;rivieres-le-bois;70;9;406,346607817098;5307,70079200272;
24;sailly-52;42;3;388,558517067369;5385,53724065391;
25;narcy-52;244;21;373,923819084083;5402,21647965059;
26;robert-magny-laneuville-a-remy;249;9;357,374429769511;5388,66181809262;
27;neuvelle-les-voisey;90;15;432,656666457504;5322,5341952171;
28;lamothe-en-blaisy;78;7;366,630855855349;5363,29825532499;
29;champigny-sous-varennes;125;21;421,467269911189;5322,5341952171;
30;manois;473;45;397,103719184649;5368,85800165722;
31;ambonville;73;5;370,962874539817;5372,57191220715;
32;sarcey-52;113;15;393,958479879567;5342,91622527105;
33;vals-des-tilles;165;4;379,429897194888;5304,43166115937;
34;bonnecourt;129;11;407,135780853804;5331,79673260659;
35;lezeville;110;4;397,165328696175;5385,53724065391;
36;villars-en-azois;75;3;352,961486041771;5344,77318054601;
37;lecey;220;28;405,304559579922;5322,5341952171;
38;romain-sur-meuse;124;7;410,369424426499;5355,89267321047;
39;charmes-en-l-angle;7;0;369,367705815802;5378,13165853938;
40;louze;312;15;347,981229257985;5385,53724065391;
41;reynel;126;6;394,507702699334;5370,71495693219;
42;aulnoy-sur-aube;56;6;375,708055062908;5318,82028466717;
43;arbot;69;5;374,34395853703;5320,67723994214;
44;coiffy-le-haut;120;12;424,923820679394;5326,23698627436;
45;rochetaillee;151;5;381,632589237828;5322,04493753986;
46;cusey;252;10;400,882286609758;5296,58129933826;
47;donjeux-52;376;29;380,448736990276;5378,13165853938;
48;sommevoire;752;23;356,704525723651;5383,69140487161;
49;courcelles-en-montagne;88;5;389,393292234966;5318,82028466717;
50;autigny-le-grand;160;44;378,472090233714;5389,25115120383;
51;pailly-52;306;42;404,581491273208;5315,11749360991;
52;leffonds;321;8;384,668617862165;5333,65368788156;
53;charmes-52;152;25;398,759055698992;5328,49424328525;
54;esnouveaux;334;19;398,268510904885;5352,17876266054;
55;vesaignes-sous-lafauche;128;9;402,036188280168;5368,85800165722;
56;rouecourt;58;7;374,538257309112;5374,41774798945;
57;valcourt;604;160;360,200029701473;5405,93039020052;
58;bourmont;516;32;413,808665623694;5359,59546426773;
59;chateauvillain;1665;15;365,58337234038;5341,05926999608;
60;darmannes;262;14;386,884907519158;5355,89267321047;
61;ozieres;58;6;405,425705936499;5355,89267321047;
62;clefmont;212;10;409,665663489396;5348,47597160328;
63;neuville-au-pont-52;179;43;357,632283595888;5407,77622598282;
64;pont-la-ville;149;14;362,751879256361;5346,61901632831;
65;longchamp-52;74;12;403,215448006834;5352,17876266054;
66;saint-broingt-le-bois;84;18;405,100643650329;5307,70079200272;
67;bourbonne-les-bains;2230;34;428,237069351062;5331,79673260659;
68;tremilly;88;8;353,36152565198;5378,13165853938;
69;chancenay;1058;107;365,962677815455;5411,49013653275;
70;montsaugeon;65;10;398,130133551229;5300,29520988819;
71;villegusien-le-lac;721;24;397,848752595733;5308,02325728998;
72;vaux-sur-saint-urbain;68;10;384,017189404564;5379,97749432168;
73;vaux-sous-aubigny;697;47;395,760087381336;5298,43825461322;
74;chamouilley;848;108;371,349347986891;5404,07343492555;
75;joinville;3635;191;378,596614680966;5387,39419592887;
76;poinson-les-fayl;227;18;419,711556283982;5309,90245155028;
77;vaux-sur-blaise;400;55;366,184518899248;5389,25115120383;
78;coiffy-le-bas;100;8;423,544417428031;5328,09394154933;
79;thilleux;87;8;354,129057245541;5385,53724065391;
80;vroncourt-la-cote;20;4;409,267066472793;5354,0357179355;
81;vivey;62;4;378,924925861057;5307,70079200272;
82;semoutiers-montsaon;911;33;375,827172706471;5343,90586011818;
83;brachay;60;8;371,708699989552;5379,97749432168;
84;sarrey;383;26;404,26109786762;5337,35647893882;
85;aigremont-52;23;4;425,205001178725;5339,21343421378;
86;bouzancourt;65;5;366,03289213205;5372,57191220715;
87;maizieres-52;170;14;373,312183049744;5392,9539422611;
88;is-en-bassigny;585;30;405,239599008083;5341,05926999608;
89;curel-52;428;56;378,223691026797;5392,9539422611;
90;germainvilliers;99;15;419,430381416456;5350,33292687824;
91;voillecomte;470;32;358,576185518832;5392,9539422611;
92;melay-52;291;20;432,518081246781;5324,3800309994;
93;verseilles-le-bas;102;64;394,874944047478;5311,41470255264;
94;mathons;60;4;372,231614181352;5383,8804362469;
95;nijon;75;9;417,514417080474;5359,59546426773;
96;giey-sur-aujon;157;5;377,710311319591;5326,23698627436;
97;chassigny;241;15;402,735543873381;5305,85495622042;
98;ormoy-les-sexfontaines;42;7;375,393963591752;5361,4524195427;
99;wassy;2980;88;364,715938890086;5392,9539422611;
100;ormancey;81;4;386,407085516162;5326,23698627436;
101;pansey;85;9;389,531346804995;5389,25115120383;
102;epizon;144;6;395,094608329695;5379,97749432168;
103;roches-sur-marne;580;73;368,776465918875;5405,93039020052;
104;orbigny-au-mont;155;16;406,417852206027;5324,3800309994;
105;longeville-sur-la-laines;462;29;345,40792885589;5387,39419592887;
106;celles-en-bassigny;73;8;413,608134091382;5328,09394154933;
107;autigny-le-petit;54;21;378,348279577034;5391,09698698613;
108;thonnance-les-moulins;119;5;391,145232445405;5383,69140487161;
109;condes-52;291;57;382,064794946024;5354,0357179355;
110;soulaucourt-sur-mouzon;106;11;421,220168537255;5359,59546426773;
111;perrancey-les-vieux-moulins;284;16;393,119617981209;5322,25620790049;
112;marcilly-en-bassigny;224;11;411,256928741648;5326,23698627436;
113;dommartin-le-franc;218;21;366,425450989523;5385,53724065391;
114;violot;84;19;406,085911677197;5311,41470255264;
115;roches-bettaincourt;629;15;388,399401031289;5371,40436547738;
116;mennouveaux;69;8;402,239704287751;5348,47597160328;
117;bugnieres;151;8;379,827661511377;5331,79673260659;
118;noidant-le-rocheux;206;12;390,761808302262;5316,97444888487;
119;noncourt-sur-le-rongeant;170;18;387,455183082713;5383,69140487161;
120;verseilles-le-haut;45;15;396,120856250061;5311,41470255264;
121;foulain;748;28;387,890139258256;5341,05926999608;
122;paroy-sur-saulx;45;6;387,920322833738;5394,81089753606;
123;balesmes-sur-marne;255;20;401,961994654993;5316,97444888487;
124;buxieres-les-clefmont;23;3;405,952683888573;5348,47597160328;
125;saint-thiebault;278;455;413,808665623694;5359,59546426773;
126;jonchery;1021;35;377,24143081988;5352,17876266054;
127;fresnes-sur-apance;165;10;434,583524101357;5329,93977733163;
128;maranville;457;36;361,162772066379;5352,17876266054;
129;neuilly-l-eveque;639;26;404,913420396888;5328,09394154933;
130;germaines;31;3;375,949090025823;5315,11749360991;
131;gilley-52;71;6;421,708522454962;5302,14104567049;
132;chantraines;224;21;388,977041894715;5361,4524195427;
133;bize-52;84;40;420,49447539254;5318,82028466717;
134;ville-aux-bois-52;219;16;388,624950687455;5348,47597160328;
135;attancourt;236;23;363,248849404941;5396,65673331836;
136;biesles;1404;58;393,703673529889;5346,61901632831;
137;cirfontaines-en-azois;202;17;361,279514040358;5350,33292687824;
138;neuilly-sur-suize;332;22;382,808711581089;5342,91622527105;
139;torcenay;536;63;408,184818192571;5316,97444888487;
140;colmier-le-bas;21;3;369,961931780717;5311,41470255264;
141;chatonrupt-sommermont;331;19;377,700808977402;5391,59736415604;
142;vraincourt;94;27;378,975576005937;5363,29825532499;
143;oudincourt;163;21;376,628317404698;5361,4524195427;
144;juzennecourt;207;17;369,460034015088;5357,73850899277;
145;rouvroy-sur-marne;366;43;380,573472438665;5376,27470326441;
146;chalvraines;205;7;406,132923401477;5363,29825532499;
147;semilly;94;6;404,634604897047;5367,01216587492;
148;vauxbons;60;4;384,046227313952;5324,3800309994;
149;lachapelle-en-blaisy;76;4;368,104891756932;5359,59546426773;
150;changey;283;42;401,058490227804;5329,93977733163;
151;andelot-blancheville;908;27;392,374566336289;5364,4213240841;
152;nully;177;9;355,048589318046;5378,07606107606;
153;thonnance-les-joinville;810;71;381,055527537428;5387,39419592887;
154;arnancourt;108;11;363,330907715536;5376,27470326441;
155;chanoy;150;71;393,734822178202;5328,09394154933;
156;doncourt-sur-meuse;52;8;412,976433414016;5354,0357179355;
157;germisay;21;3;394,964961845972;5381,83444959664;
158;vitry-les-nogent;184;23;398,18985799663;5335,49952366386;
159;latrecey-ormoy-sur-aube;320;6;361,492426949087;5335,51064315652;
160;aillianville;164;6;405,205813325651;5376,27470326441;
161;maizieres-sur-amance;107;13;419,250905788054;5318,82028466717;
162;celsoy;108;19;409,034358428694;5322,5341952171;
163;rouvres-sur-aube;100;4;370,612958107093;5320,67723994214;
164;saint-vallier-sur-marne;181;27;403,077782966685;5318,82028466717;
165;choilley-dardenay;173;9;400,938798640133;5299,98386409358;
166;riaucourt;456;42;381,816812287707;5357,73850899277;
167;rangecourt;78;11;407,585726693967;5342,91622527105;
168;blessonville;223;22;371,538406359759;5344,77318054601;
169;brethenay;385;43;380,82809200782;5354,0357179355;
170;valleroy-52;35;10;422,82101044883;5303,99800094545;
171;bassoncourt;66;10;413,646340106135;5344,77318054601;
172;peigney;341;41;400,203760531839;5324,3800309994;
173;thivet;278;18;393,227742513894;5335,49952366386;
174;magneux-52;157;27;368,66866256443;5394,47731275613;
175;rolampont;1604;32;392,240578441593;5331,79673260659;
176;coublanc-52;129;6;409,101404104479;5303,99800094545;
177;blumeray;106;7;358,286674641328;5378,13165853938;
178;serqueux-52;466;18;426,720347392115;5335,49952366386;
179;malaincourt-sur-meuse;58;15;415,449097417036;5354,0357179355;
180;marnay-sur-marne;300;28;389,38031212968;5337,35647893882;
181;dancevoir;229;8;362,683657286217;5328,09394154933;
182;vesaignes-sur-marne;118;13;391,860939112195;5337,35647893882;
183;flammerecourt;67;6;373,06138287396;5378,13165853938;
184;grenant;150;11;411,463813532441;5305,85495622042;
185;longeau-percey;720;96;396,926456691139;5311,48141950863;
186;mardor;67;9;387,774831462632;5324,3800309994;
187;saulles;56;3;412,710922945457;5305,85495622042;
188;arc-en-barrois;769;15;372,380060305271;5331,79673260659;
189;signeville;100;12;389,830908866482;5367,01216587492;
190;guindrecourt-aux-ormes;84;9;371,221351164282;5387,39419592887;
191;genevroye;27;9;373,671901175678;5368,85800165722;
192;chatenay-macheron;112;18;402,948046433184;5320,67723994214;
193;prez-sous-lafauche;347;15;406,969397320045;5368,85800165722;
194;riviere-les-fosses;221;12;391,889354016264;5300,29520988819;
195;guyonvelle;115;21;426,577964556146;5320,67723994214;
196;humberville;64;9;398,336466486349;5368,85800165722;
197;mirbel;50;8;373,671901175678;5368,85800165722;
198;vitry-en-montagne;35;3;379,440256757044;5318,82028466717;
199;blecourt-52;110;15;375,401172964596;5379,97749432168;
200;coupray;172;14;367,296001594442;5333,65368788156;
201;bologne;1877;60;380,456902512672;5359,59546426773;
202;allichamps;402;146;359,330015383925;5400,37064386829;
203;mandres-la-cote;542;47;396,307385758138;5344,77318054601;
204;pisseloup;44;13;427,958878780812;5318,82028466717;
205;nogent;3985;72;397,482359441034;5340,63672927483;
206;sommancourt;62;10;370,855692261341;5392,9539422611;
207;hallignicourt;294;24;357,51389376303;5409,63318125778;
208;aingoulaincourt;13;2;389,659509955991;5387,39419592887;
209;belmont-52;50;6;415,204393655463;5305,85495622042;
210;fayl-billot;1436;33;418,482422980331;5313,11598493031;
211;bayard-sur-marne;1453;94;373,648873912366;5398,98070728523;
212;puellemontier;218;14;346,295941976446;5392,9539422611;
213;aubepierre-sur-aube;188;4;366,409856692446;5328,09394154933;
214;prauthoy;505;41;395,633522203788;5300,29520988819;
215;fays-52;79;13;371,099252519526;5389,25115120383;
216;champigneulles-en-bassigny;56;8;418,854467528258;5352,00085077791;
217;mussey-sur-marne;338;34;380,32471642952;5379,97749432168;
218;hacourt;35;11;412,842025303435;5355,89267321047;
219;humbecourt;774;37;360,438278355332;5402,21647965059;
220;champsevraine;806;19;414,921762574482;5309,22416249775;
221;louvieres-52;102;11;392,846702867409;5341,05926999608;
222;perthes-52;558;42;354,287228484581;5410,32258980298;
223;poiseul;75;16;408,639619803117;5328,09394154933;
224;bourdons-sur-rognon;274;6;396,773086131094;5355,89267321047;
225;eclaron-braucourt-sainte-liviere;2015;37;357,892278374048;5403,06156109309;
226;val-d-esnoms;374;11;390,227861143855;5302,74149827437;
227;louvemont;739;35;360,675691755701;5398,51368859333;
228;dommarien;159;8;400,498567478569;5302,14104567049;
229;germay;47;3;394,835281808098;5383,69140487161;
230;parnoy-en-bassigny;298;7;419,909825365428;5338,16820190332;
231;pautaines-augeville;21;1;392,728924061954;5376,5304515957;
232;saint-loup-sur-aujon;167;8;379,074506542104;5324,3800309994;
233;saint-martin-les-langres;95;26;392,74655223448;5324,3800309994;
234;forcey;87;16;396,902262710918;5354,0357179355;
235;voisines-52;90;4;385,53695982684;5320,67723994214;
236;colombey-les-deux-eglises;672;9;361,810144380137;5361,4524195427;
237;perrogney-les-fontaines;107;7;388,207463662096;5316,41847425165;
238;ferriere-et-lafolie;45;5;375,277988691679;5381,83444959664;
239;bay-sur-aube;53;5;378,317654585287;5316,97444888487;
240;orquevaux;79;5;399,439298632637;5370,71495693219;
241;chalancey;121;8;385,52665841395;5302,14104567049;
242;damremont;217;44;420,789468144957;5331,79673260659;
243;cour-l-eveque;182;9;371,018598720464;5333,65368788156;
244;bettancourt-la-ferree;1794;333;364,860064630647;5409,63318125778;
245;chaumont-52;23011;416;381,0751433339;5350,33292687824;
246;maatz;83;7;407,853895034712;5303,99800094545;
247;vieville;338;30;380,209529553119;5363,29825532499;
248;montier-en-der;2088;75;351,323876277477;5391,09698698613;
249;villars-santenoge;97;4;373,290181144238;5308,42355902591;
250;saint-blin;396;17;400,6089037406;5367,53478203015;
251;orges;407;23;366,466064855699;5346,61901632831;
252;val-de-meuse;1918;20;409,099683248075;5337,33423995349;
253;sommerecourt;81;10;419,712337767642;5363,29825532499;
254;anneville-la-prairie;68;13;376,751151055892;5359,59546426773;
255;curmont;16;5;366,391476756486;5367,01216587492;
256;poulangy;385;22;390,368421062832;5341,05926999608;
257;saint-urbain-maconcourt;648;25;382,574791099757;5381,90116655263;
258;rennepont;165;13;359,808593298683;5354,0357179355;
259;orbigny-au-val;96;12;405,174735582858;5324,3800309994;
260;lavernoy;87;19;414,850448973418;5328,09394154933;
261;aprey;188;11;391,137954837572;5311,41470255264;
262;autreville-sur-la-renne;394;9;368,703060614101;5350,33292687824;
263;brousseval;734;122;366,064727910902;5391,09698698613;
264;daillancourt;80;10;366,152690413251;5370,71495693219;
265;mertrud;207;17;360,394575086343;5383,69140487161;
266;chaumont-la-ville;125;11;419,158464358259;5354,0357179355;
267;liffol-le-petit;335;13;409,301750796839;5370,71495693219;
268;dinteville;53;3;356,908270686018;5341,05926999608;
269;beurville;102;4;357,405607783556;5372,57191220715;
270;brennes;123;12;394,622070439676;5315,11749360991;
271;rachecourt-sur-marne;824;145;375,521023723367;5396,65673331836;
272;verbiesles;291;25;385,161233567345;5344,77318054601;
273;chatelet-sur-meuse;155;7;418,847688010298;5335,44392620053;
274;chauffourt;210;21;404,52197285467;5333,65368788156;
275;marac;226;10;387,524738247781;5328,09394154933;
276;millieres-52;127;9;401,979084788735;5352,17876266054;
277;ternat;56;7;382,679683580378;5326,23698627436;
278;richebourg-52;270;12;376,85810503706;5339,21343421378;
279;levecourt;97;14;413,110806440287;5352,17876266054;
280;luzy-sur-marne;265;16;385,286190097011;5342,91622527105;
281;bourg-sainte-marie;97;10;411,4724870285;5357,73850899277;
282;troisfontaines-la-ville;411;10;370,256694971591;5397,40173932688;
283;huilliecourt;127;14;411,605724864967;5355,89267321047;
284;busson;40;4;396,71485005992;5374,41774798945;
285;villiers-sur-suize;251;14;387,025656370556;5335,49952366386;
286;charmes-la-grande;163;14;368,016227014508;5379,97749432168;
287;outremecourt;88;9;421,082836478379;5361,4524195427;
288;humes-jorquenay;578;36;395,24717815229;5326,58169054696;
289;villiers-en-lieu;1580;122;359,843141292214;5411,49013653275;
290;bannes-52;398;43;402,559409064689;5326,23698627436;
291;gudmont-villiers;353;21;379,675239055183;5375,59641421188;
292;cohons;265;21;399,730214517397;5313,26053833494;
293;vecqueville;610;116;379,826071109197;5387,39419592887;
294;morionvilliers;29;4;400,148594212256;5378,13165853938;
295;faverolles-52;118;6;388,51677783854;5331,79673260659;
296;rimaucourt;728;35;394,893955884026;5365,15521059996;
297;dampierre-52;362;22;402,170465129693;5331,79673260659;
298;domremy-landeville;89;4;387,92391581447;5377,45336948685;
299;champigny-les-langres;414;65;398,832007128905;5326,23698627436;
300;valleret;50;10;368,521290835612;5391,09698698613;
301;echenay;87;9;391,989450898906;5389,25115120383;
302;rizaucourt-buchey;118;7;360,056789052401;5368,34650499466;
303;domblain;95;17;368,141028560487;5389,71816989574;
304;ville-en-blaisois;172;24;366,425450989523;5385,53724065391;
305;chambroncourt;39;3;399,047912848308;5376,27470326441;
306;terre-natale;300;12;419,096786175782;5325,78108707512;
307;morancourt;142;10;368,884434630772;5385,53724065391;
308;frampas;162;15;356,002357079899;5394,81089753606;
309;annonville;30;4;388,940732869487;5379,97749432168;
310;planrupt;315;37;352,4356953477;5392,9539422611;
311;droyes;416;16;346,18184114793;5394,81089753606;
312;effincourt;73;5;388,048180580657;5392,9539422611;
313;soncourt-sur-marne;411;30;378,851872517381;5365,15521059996;
314;leurville;93;8;397,946390177348;5374,41774798945;
315;vouecourt;220;16;379,961284722904;5367,01216587492;
316;haute-amance;990;21;414,352855364663;5319,75432205099;
317;suzannecourt;340;73;381,055527537428;5387,39419592887;
318;rachecourt-suzemont;111;31;366,109279177849;5388,20591889338;
319;montreuil-sur-blaise;154;113;366,064727910902;5391,09698698613;
320;buxieres-les-villiers;228;45;373,773032284164;5348,47597160328;
321;meures;112;13;375,516394670493;5359,59546426773;
322;cirey-sur-blaise;107;6;364,681501051137;5374,41774798945;
323;saint-ciergues;178;14;391,503435611311;5324,3800309994;
324;moeslains;440;271;360,200029701473;5405,93039020052;
325;mareilles;142;6;390,466631217728;5357,73850899277;
326;ranconnieres;113;13;413,475417773816;5329,93977733163;
327;velles-52;82;19;426,715309176326;5318,82028466717;
328;rougeux;126;12;416,895576458635;5316,97444888487;
329;chatenay-vaudin;62;16;406,679046863121;5320,67723994214;
330;bourg-52;148;20;397,112299107667;5315,11749360991;
331;chamarandes-choignes;1054;56;383,926204913329;5349,3432920311;
332;nomecourt;97;9;373,803139682139;5385,53724065391;
333;lanty-sur-aube;132;5;354,544152971676;5339,21343421378;
334;beauchemin;105;8;391,377203257337;5326,23698627436;
335;doulevant-le-petit;49;16;365,07554407583;5387,39419592887;
336;vicq-52;165;12;417,33433349761;5328,09394154933;
337;ceffonds;636;17;351,438843470873;5389,25115120383;
338;praslay;68;6;381,417602072247;5307,70079200272;
339;arbigny-sous-varennes;80;8;418,980985998598;5322,5341952171;
340;doulaincourt-saucourt;943;21;384,945883692762;5373,25020125968;
341;langres;8082;361;397,844961882379;5322,5341952171;
342;poinsenot;53;7;374,058012302219;5305,85495622042;
343;grandchamp-52;84;17;407,658280912842;5306,77787411157;
344;chalindrey;2587;129;405,825858687987;5315,11749360991;
345;saint-dizier;25526;535;363,755874920561;5407,77622598282;
346;fronville;332;29;380,199916543318;5381,83444959664;
347;cerisieres;95;9;375,73211097257;5371,58227736001;
348;cuves-52;24;4;403,476869090745;5348,47597160328;
349;noyers-52;72;9;407,453537948931;5344,77318054601;
350;lamancine;126;28;379,098506847892;5361,4524195427;
351;dommartin-le-saint-pere;288;19;362,974276440978;5381,83444959664;
352;chaudenay-52;303;65;410,542186354957;5318,82028466717;
353;eurville-bienville;2029;97;370,479102351559;5402,40551102589;
354;vignes-la-cote;51;16;392,297944809975;5367,01216587492;
355;villiers-les-aprey;38;5;390,017956897299;5309,55774727768;
356;leuchey;75;13;390,143090627888;5307,70079200272;
357;ninville;85;9;403,738153885333;5344,77318054601;
358;osne-le-val;277;10;381,907690409526;5392,9539422611;
359;enfonvelle;78;6;437,067356611011;5329,93977733163;
360;merrey;138;20;416,258016476524;5342,91622527105;
361;frecourt;96;15;405,894265732746;5331,79673260659;
362;thol-les-millieres;38;5;406,793660596385;5354,0357179355;
363;savigny-52;56;9;422,685553901508;5305,85495622042;
364;pressigny-52;201;8;423,661656921219;5309,55774727768;
365;andilly-en-bassigny;113;13;411,12424956719;5328,09394154933;
366;brainville-sur-meuse;82;13;413,943546126277;5357,73850899277;
367;voisey;337;10;431,274964623612;5324,3800309994;
368;isomes;147;13;397,008792394395;5298,43825461322;
369;illoud;255;18;412,439396153153;5361,4524195427;
370;auberive-52;196;2;377,315436133244;5313,26053833494;
371;poinson-les-nogent;151;14;399,301331981165;5337,35647893882;
372;courcelles-sur-blaise;120;21;364,084624449036;5383,69140487161;
373;blaisy;76;13;370,69593425991;5357,73850899277;
374;vaudrecourt;33;12;418,749914616165;5359,59546426773;
375;maisoncelles-52;54;12;410,636595774535;5352,17876266054;
376;bricon;459;48;368,942683813338;5346,61901632831;
377;treix;248;16;384,537458949044;5354,0357179355;
378;sexfontaines;125;6;373,045399599112;5359,59546426773;
379;fontaines-sur-marne;159;24;375,397148562056;5398,51368859333;
380;anrosey;153;13;422,98310748219;5318,82028466717;
381;vignory;278;14;377,371622969497;5368,85800165722;
382;montheries;72;4;364,635949418349;5355,89267321047;
383;vaudremont;116;11;363,636240617354;5352,17876266054;
384;chevillon-52;1406;38;377,975164060759;5396,65673331836;
385;froncles;1597;79;380,946738510756;5370,71495693219;
386;marbeville;113;6;371,205666627919;5368,85800165722;
387;clinchamp;95;5;403,926908789044;5359,59546426773;
388;baissey;203;20;392,509833612404;5309,55774727768;
389;cirey-les-mareilles;128;8;391,574156883013;5359,59546426773;
390;soyers;76;12;425,197068759961;5322,5341952171;
391;briaucourt-52;195;20;384,037403916978;5361,4524195427;
392;laneuvelle;64;5;422,302847785876;5328,09394154933;
393;orcevaux;120;28;393,504136241559;5313,26053833494;
394;rupt;331;50;378,844821899806;5383,69140487161;
395;lanques-sur-rognon;219;16;398,656168608047;5346,61901632831;
396;cirfontaines-en-ornois;78;5;397,034773472674;5387,39419592887;
397;ageville;312;15;397,159741695228;5350,33292687824;
398;saints-geosmes;972;65;398,101265227724;5318,82028466717;
399;villiers-le-sec-52;705;44;376,248847081993;5348,47597160328;
400;perrusse;43;7;407,189848691568;5348,47597160328;
401;saint-maurice-52;123;34;402,948046433184;5320,67723994214;
402;montot-sur-rognon;113;14;390,937022898712;5368,85800165722;
403;poissons;736;47;384,995396177542;5383,69140487161;
404;flagey-52;86;10;392,258621722679;5313,26053833494;
405;braux-le-chatel;141;13;367,584980481434;5348,47597160328;
406;heuilley-cotton;277;27;401,10375766255;5311,41470255264;
407;harreville-les-chanteurs;279;17;416,970524799317;5367,01216587492;
408;vesvres-sous-chalancey;55;7;386,650730983302;5303,99800094545;
409;occey;148;8;394,763608054996;5294,73546355596;
410;goncourt;292;15;415,293717264852;5364,07661981151;
411;laferte-sur-aube;367;11;355,208134280052;5348,47597160328;
412;voncourt;18;5;423,932663314523;5305,85495622042;
413;colmier-le-haut;68;3;371,089357857406;5313,26053833494;
414;saint-broingt-les-fosses;221;17;394,008022330346;5305,85495622042;
415;mouilleron;33;6;382,908952129772;5303,99800094545;
416;silvarouvres;47;2;355,438161058565;5344,77318054601;
417;vaillant;71;9;385,403221913535;5303,99800094545;
418;euffigneix;294;32;373,53085693603;5352,17876266054;
419;culmont;570;68;405,695390105903;5316,97444888487;
420;baudrecourt-52;118;13;365,434871240665;5381,83444959664;
421;bailly-aux-forges;132;12;362,498100042155;5389,25115120383;
422;ecot-la-combe;48;2;398,855576941538;5361,4524195427;
423;graffigny-chemin;211;12;417,785743793435;5355,89267321047;
424;choiseul;95;11;413,646340106135;5344,77318054601;
425;laferte-sur-amance;111;13;425,470993131501;5318,82028466717;
426;consigny;67;6;401,717546253031;5355,89267321047;
427;poinson-les-grancey;60;5;372,93037628318;5303,99800094545;
428;rouelles;37;5;379,683686108594;5315,11749360991;
429;gillaume;38;7;393,217765662089;5389,25115120383;
430;rochefort-sur-la-cote;65;12;385,272498638575;5361,4524195427;
431;montreuil-sur-thonnance;68;8;385,971878197649;5387,39419592887;
432;daillecourt;82;11;408,560415927243;5346,61901632831;
433;farincourt;51;10;425,315280232593;5303,99800094545;
