282
-172.57799
125.89910
5150.18206
5233.57825
115
52664
1;gaubretiere;2969;97;-80,9663290546867;5220,60180596203;
2;damvix;801;68;-56,3193762961468;5150,18205891803;
3;saint-hilaire-de-loulay;4235;104;-101,112757375953;5226,16155229426;
4;sainte-radegonde-des-noyers;804;25;-80,5654309735689;5155,74180525026;
5;bretignolles-sur-mer;4157;152;-142,52711810115;5185,3863726937;
6;mormaison;1053;68;41,7817374839762;5215,82042411632;
7;jonchere;387;33;-104,735276663539;5163,14738736479;
8;liez-85;268;31;-53,7102873157126;5155,74180525026;
9;vaire;1504;53;-133,701129384008;5181,68358163644;
10;saint-martin-de-fraigneau;835;61;-57,4765360311228;5163,14738736479;
11;vouvant;852;42;-59,8839184467296;5177,98079057917;
12;saint-vincent-sterlanges;718;160;-82,5632611939119;5196,50586535816;
13;breuil-barret;645;43;-52,1588847431789;5187,24332796867;
14;poiroux;902;35;35,6100254832434;5171,09782461988;
15;saint-jean-de-beugne;571;42;-82,8942708611475;5172,42104424695;
16;loge-fougereuse;363;35;-53,4639656909028;5183,5405369114;
17;lairoux;603;45;-95,7648684195911;5165,00434263975;
18;saint-vincent-sur-graon;1320;27;-105,849678039333;5172,42104424695;
19;saint-germain-de-princay;1495;61;-76,2359311031336;5194,66002957586;
20;guyonniere;2706;118;-94,8525114950747;5222,458761237;
21;poire-sur-velluire;627;36;-69,0139751205077;5159,44459630753;
22;saligny-85;1754;75;-107,834321134239;5203,92256696535;
23;saint-sulpice-en-pareds;392;29;-63,6671790016934;5181,68358163644;
24;landeronde;2172;120;-119,547169417263;5189,10028324363;
25;talmont-saint-hilaire;6991;78;29,2310198583876;5166,9280148707;
26;saint-valerien-85;493;34;-71,3949771147089;5174,26688002925;
27;fontaines-85;820;77;-62,6046476402323;5161,30155158249;
28;auzay;614;44;-66,4173560699802;5163,14738736479;
29;poire-sur-vie;7837;108;-115,51756885829;5200,21977590809;
30;saint-benoist-sur-mer;349;22;-103,489273246395;5161,30155158249;
31;reaumur;814;36;-60,9887448825068;5194,66002957586;
32;saint-georges-de-montaigu;3877;115;-98,6774051685083;5220,60180596203;
33;maillezais;968;47;-56,267894468705;5155,74180525026;
34;saint-laurent-sur-sevre;3446;218;-67,0500064151646;5220,60180596203;
35;rocheserviere;2970;105;-115,159808096785;5218,74485068707;
36;bois-de-cene;1669;39;-144,26581615242;5218,74485068707;
37;saint-georges-de-pointindoux;1545;100;-123,400602923838;5187,24332796867;
38;saint-andre-treize-voies;1333;70;-107,566870404552;5218,74485068707;
39;mallievre;241;1204;-65,8258801034258;5216,89901490477;
40;belleville-sur-vie;3859;254;-109,13630878781;5202,06561169038;
41;mesnard-la-barotiere;1248;105;-83,626126868826;5211,33926857254;
42;saint-juire-champgillon;418;20;74,3509780320066;5179,24841274292;
43;chapelle-themer;355;23;-71,3510566459494;5177,98079057917;
44;saint-paul-mont-penit;689;41;-126,86386244136;5203,92256696535;
45;moutiers-les-mauxfaits;1856;201;43,8908059600945;5169,60781260284;
46;couture-85;197;28;-96,9230853679762;5172,42104424695;
47;chateau-d-olonne;13353;427;-132,671741547715;5170,56408897198;
48;saint-mars-la-reorthe;895;96;-70,95547624442;5211,33926857254;
49;coex;3025;76;-134,767073655829;5190,94611902593;
50;cheffois;964;51;-59,7734320955484;5189,10028324363;
51;saint-sulpice-le-verdon;901;64;-107,633737540589;5215,0420596298;
52;givre;428;34;-105,947033568688;5166,86129791472;
53;velluire;555;58;-69,0139751205077;5159,44459630753;
54;saint-maixent-sur-vie;929;86;-139,72261789541;5196,50586535816;
55;île-d-elle;1447;75;-72,9370894658796;5152,02789470033;
56;saint-michel-le-cloucq;1260;71;-57,4237820021796;5168,70713369702;
57;mareuil-sur-lay-dissais;2737;106;59,8345490615194;5174,40031394122;
58;saint-jean-de-monts;8192;132;-157,359948708604;5202,06561169038;
59;saint-mathurin;1936;82;21,8095749207394;5177,79175920388;
60;rosnay-85;558;39;-99,4430393537158;5174,26688002925;
61;genetouze-85;1735;132;-115,589175371282;5196,50586535816;
62;copechagniere;901;93;-102,663990192021;5209,48231329758;
63;mervent;1068;48;-57,3709842425283;5174,26688002925;
64;saint-aubin-des-ormeaux;1299;102;-79,6513804366819;5224,3045970193;
65;chapelle-achard;1745;80;-126,099914143229;5179,82662636147;
66;pineaux;587;33;-90,4350372140044;5179,82662636147;
67;fenouiller;4328;243;-146,119122067443;5194,66002957586;
68;saint-hilaire-la-foret;636;58;-116,194962388753;5165,00434263975;
69;sainte-foy-85;1816;116;-127,452121693807;5176,12383530421;
70;beaulieu-sous-la-roche;2053;80;-123,362496493714;5189,10028324363;
71;tranche-sur-mer;2728;154;-110,04517730961;5152,02789470033;
72;monsireigne;913;44;-71,1316184910391;5196,50586535816;
73;sainte-pexine;240;15;-86,6403449021452;5177,98079057917;
74;saint-denis-du-payre;378;23;-97,10130203186;5161,30155158249;
75;reorthe;1029;43;-80,2206776304048;5181,68358163644;
76;vix-85;1760;61;-66,4984765386381;5155,74180525026;
77;saint-andre-goule-d-oie;1672;82;-91,2852505499465;5207,62535802261;
78;chavagnes-en-paillers;3335;82;-94,9707214282341;5215,0420596298;
79;grand-landes;517;25;-125,555984621517;5205,77952224031;
80;saint-denis-la-chevasse;2132;54;-102,727623781241;5205,77952224031;
81;grosbreuil;2052;56;-123,666598793824;5174,26688002925;
82;bazoges-en-paillers;1118;97;-86,1065341730085;5215,0420596298;
83;bernardiere;1672;116;-95,9676834027291;5231,72129862649;
84;herbergement;2733;163;-105,067938116338;5216,89901490477;
85;pommeraie-sur-sevre;1058;67;-58,3211576528132;5207,62535802261;
86;chaille-sous-les-ormeaux;1269;72;48,2533805639046;5179,83774585414;
87;longeves-85;1226;104;-65,7183027697024;5168,70713369702;
88;moreilles;360;18;-83,0466921377904;5161,30155158249;
89;nieul-le-dolent;2278;82;-115,910276838552;5179,82662636147;
90;bouin-85;2200;42;-151,76401839212;5222,458761237;
91;fontenay-le-comte;14339;421;-62,5472201596434;5166,86129791472;
92;notre-dame-de-riez;1927;131;-146,028925962166;5198,36282063312;
93;peault;531;58;-93,1257912739397;5170,56408897198;
94;saint-michel-en-l-herm;2186;39;-95,9405450302299;5153,8848499753;
95;girouard;873;34;-122,316140791678;5177,98079057917;
96;sainte-florence-85;1123;65;-87,5358900127583;5203,92256696535;
97;rabateliere;860;104;-95,0296896236659;5211,33926857254;
98;tardiere;1298;63;-55,9581050190976;5189,10028324363;
99;palluau;1020;137;-123,057954179936;5203,92256696535;
100;île-d-olonne;2710;140;-136,331277098764;5177,98079057917;
101;saint-martin-des-tilleuls;953;67;-79,6513804366819;5224,3045970193;
102;bretonniere-la-claye;619;37;-95,7063033369659;5168,70713369702;
103;saint-malo-du-bois;1476;103;-68,3364392300938;5218,74485068707;
104;olonne-sur-mer;13618;298;-136,415196438971;5174,26688002925;
105;saint-hilaire-de-voust;647;34;-50,933789041742;5181,68358163644;
106;aiguillon-sur-mer;2312;264;-99,8086487427826;5152,02789470033;
107;saint-martin-lars-en-sainte-hermine;396;21;-74,9481675724877;5180,72730526729;
108;bouille-courdault;481;49;-52,4155099393689;5157,58764103256;
109;caillere-saint-hilaire;1071;70;-69,5854401269836;5183,76292676469;
110;pouzauges;5460;148;-63,4514644995026;5202,06561169038;
111;essarts-85;5063;90;-93,936903347462;5200,21977590809;
112;mouilleron-le-captif;4647;235;-110,542100099544;5194,66002957586;
113;foussais-payre;1211;35;-52,3167364719148;5173,93329524931;
114;dompierre-sur-yon;4066;121;-104,157304030982;5196,50586535816;
115;challans;18686;288;-143,222350109881;5209,48231329758;
116;chapelle-hermier;847;47;21,3379810767145;5190,99059699659;
117;doix;883;66;-61,3645293751292;5157,58764103256;
118;saint-germain-l-aiguiller;408;48;-63,5692289962658;5190,94611902593;
119;taillee;551;47;-71,5919253690968;5157,58764103256;
120;chaize-giraud;939;346;-139,938285091181;5187,24332796867;
121;sallertaine;2770;56;-149,560140437735;5209,48231329758;
122;givrand;1957;167;-144,98242890513;5189,10028324363;
123;saint-martin-des-fontaines;162;28;-68,8345319175;5175,20091741306;
124;chateauneuf-85;892;56;-145,576662798783;5216,89901490477;
125;saint-urbain-85;1663;101;-153,314819338687;5211,33926857254;
126;apremont-85;1597;53;-133,330526608018;5198,36282063312;
127;sainte-hermine;2612;75;-80,2946760777463;5176,12383530421;
128;serigne;1021;54;-65,0603060672563;5170,56408897198;
129;garnache;4493;75;-139,333517180244;5213,18510435484;
130;saint-vincent-sur-jard;1229;83;-118,821017431046;5161,30155158249;
131;oie;1143;81;-86,2670001983995;5203,92256696535;
132;treize-vents;1144;59;-64,5599729629857;5216,89901490477;
133;verrie-85;3747;86;-75,8820091960598;5222,458761237;
134;saint-cyr-des-gats;521;24;-64,9804497955789;5177,98079057917;
135;commequiers;3021;75;-140,905735847506;5200,21977590809;
136;corpe;912;53;-90,5738964453723;5170,56408897198;
137;rochetrejoux;869;79;-74,8495037686223;5203,92256696535;
138;lucon;9636;305;-89,3807992312675;5165,00434263975;
139;epine-85;1743;194;-172,577990946144;5224,3045970193;
140;oulmes;738;79;-51,1214886129594;5159,44459630753;
141;sainte-cecile-85;1497;45;-85,0778280842146;5198,36282063312;
142;thouarsais-bouildroux;715;41;-66,1935067906252;5183,5405369114;
143;longeville-sur-mer;2377;62;39,1330478233926;5162,16887201032;
144;sables-d-olonne;14603;1653;-136,4988183752;5170,56408897198;
145;bournezeau;3071;50;-89,0795442553151;5185,3863726937;
146;saint-laurent-de-la-salle;371;19;-70,0769811444281;5177,98079057917;
147;saint-maurice-le-girard;603;52;-61,0829415380974;5185,3863726937;
148;faymoreau;232;21;-48,4316838898545;5176,12383530421;
149;clouzeaux;2529;95;-115,838846920602;5183,5405369114;
150;roche-sur-yon;52664;601;-109,372455169784;5189,10028324363;
151;antigny-85;1029;46;-58,5557974062105;5183,5405369114;
152;thorigny;1112;34;-95,4713673051836;5183,5405369114;
153;flocelliere;2445;83;-65,9282618653088;5207,62535802261;
154;saint-gilles-croix-de-vie;7250;707;-147,905422961842;5192,6140429256;
155;brouzils;2595;62;-100,067233976268;5213,18510435484;
156;angles-85;2433;70;-107,355072409679;5159,44459630753;
157;saint-aubin-la-plaine;480;41;-80,343925123651;5172,42104424695;
158;falleron;1511;52;-129,200405386054;5213,18510435484;
159;chaix;433;58;-66,4173560699802;5163,14738736479;
160;marillet;115;27;-49,6909321966191;5177,98079057917;
161;meilleraie-tillay;1539;76;-64,7806042616979;5196,50586535816;
162;mache;1354;74;-128,251014488614;5198,36282063312;
163;chasnais;651;60;-93,1828105600365;5166,86129791472;
164;saint-maurice-des-noues;640;29;-53,4804517536032;5181,68358163644;
165;marsais-sainte-radegonde;519;35;-67,5702448318737;5174,26688002925;
166;gue-de-velluire;556;43;-67,7772417506434;5155,74180525026;
167;soullans;4088;99;-145,893403748481;5203,92256696535;
168;brem-sur-mer;2582;162;12,8809243429037;5182,21731728433;
169;chauche;2249;53;-96,3866660851741;5205,77952224031;
170;saint-cyr-en-talmondais;349;25;-102,148937607915;5165,00434263975;
171;saint-gervais-85;2289;54;-153,219683826142;5215,0420596298;
172;mothe-achard;2631;301;-127,295410997224;5183,5405369114;
173;saint-fulgent;3590;97;-89,9891700103146;5209,48231329758;
174;landes-genusson;2290;73;-84,7351632089641;5222,458761237;
175;saint-pierre-le-vieux-85;966;41;-57,5292462891836;5157,58764103256;
176;xanton-chassenon;724;37;-53,628326314971;5165,00434263975;
177;moutiers-sur-le-lay;658;35;-87,9417880851507;5176,12383530421;
178;chantonnay;8248;99;-80,0972605741992;5190,94611902593;
179;lucs-sur-boulogne;3264;61;-114,106563187433;5207,62535802261;
180;mortagne-sur-sevre;6028;274;-72,0430197379159;5226,16155229426;
181;saint-reverend;1332;84;-139,808868451223;5192,80307430089;
182;montournais;1717;58;-58,4114941959939;5198,36282063312;
183;saint-florent-des-bois;2574;70;-100,625438760585;5179,82662636147;
184;froidfond;1514;70;-133,041565473132;5211,33926857254;
185;landevieille;1228;90;-138,709434255019;5185,3863726937;
186;chambretaud;1457;90;-73,4211710402477;5216,89901490477;
187;jaudonniere;592;71;-71,2634063432213;5185,3863726937;
188;saint-hilaire-de-riez;10488;214;-148,66006565111;5194,66002957586;
189;mazeau;422;51;-51,1839480241574;5152,02789470033;
190;magnils-reigniers;1504;83;59,7043529245787;5168,21787601978;
191;saint-julien-des-landes;1364;48;-131,074066562757;5185,3863726937;
192;saint-philbert-de-bouaine;2976;59;-115,052246825621;5224,3045970193;
193;saint-sigismond-85;415;39;-52,9588901773304;5153,91820845329;
194;champ-saint-pere;1674;67;-103,331074342113;5170,56408897198;
195;chaille-les-marais;1946;48;-77,9843450997657;5157,58764103256;
196;jard-sur-mer;2543;153;-121,376052599418;5161,30155158249;
197;epesses;2644;84;-68,4002146161463;5213,18510435484;
198;vouille-les-marais;690;75;-72,8703786329659;5157,58764103256;
199;chapelle-palluau;921;70;-123,096144173351;5202,06561169038;
200;saint-avaugourd-des-landes;941;45;-113,636931141262;5172,05410098902;
201;chataigneraie;2691;338;-55,975390366585;5187,24332796867;
202;île-d-yeu;4591;196;125,899098284028;5195,49399152569;
203;venansault;4490;100;-115,696297328639;5190,94611902593;
204;treize-septiers;2956;135;-93,5585114609265;5224,3045970193;
205;saint-christophe-du-ligneron;2478;58;-134,392427990895;5207,62535802261;
206;beauvoir-sur-mer;3904;110;-155,703464204848;5216,89901490477;
207;chapelle-aux-lys;250;23;-49,6298899997041;5185,3863726937;
208;tallud-sainte-gemme;472;25;-66,1120500286281;5190,94611902593;
209;chaize-le-vicomte;3414;68;-99,1985039877203;5189,10028324363;
210;nesmy;2615;106;-106,99386654577;5179,82662636147;
211;bazoges-en-pareds;1167;34;-68,6971012213094;5187,24332796867;
212;herbiers;15229;171;-77,2910676397539;5211,33926857254;
213;chatelliers-chateaumur;705;38;-62,3315753398667;5210,07164640879;
214;saint-mesmin-85;1788;68;-55,819962461501;5203,92256696535;
215;hermenault;849;74;-70,1415474393541;5172,42104424695;
216;sigournais;835;45;-73,7175628169171;5192,80307430089;
217;chavagnes-les-redoux;793;59;-68,6123379928202;5194,66002957586;
218;chateau-guibert;1461;41;-94,2562467334962;5179,82662636147;
219;pouille-85;647;37;-72,6921227309223;5172,42104424695;
220;nalliers-85;2209;65;-79,1410930128979;5166,86129791472;
221;avrille-85;1238;49;-114,882602381956;5166,86129791472;
222;bourneau;787;48;-62,4514402175093;5176,12383530421;
223;montreuil-85;807;67;-63,9018032545534;5159,44459630753;
224;mouilleron-en-pareds;1314;65;-64,8605602996633;5189,10028324363;
225;menomblet;639;30;-54,6189662522567;5196,50586535816;
226;boulogne;765;62;-100,22250461139;5203,92256696535;
227;faute-sur-mer;828;119;-101,119182128511;5150,18205891803;
228;grues;811;17;-99,7173602345849;5157,58764103256;
229;bernard;1055;38;-112,398814801023;5163,14738736479;
230;montaigu-85;5050;1666;-99,8805553138723;5224,3045970193;
231;boissiere-de-montaigu;2093;71;-89,8214875831161;5220,60180596203;
232;orbrie;833;86;-59,9759245694844;5168,70713369702;
233;sainte-flaive-des-loups;2135;59;-120,930143996253;5183,5405369114;
234;maille-85;764;43;-60,6427440888112;5153,05088802546;
235;puyravault-85;657;38;-83,1228079396156;5155,74180525026;
236;bruffiere;3640;90;-90,9732614837401;5228,01850756922;
237;gueriniere;1478;189;-169,469567597836;5222,458761237;
238;pissotte;1219;101;-61,2520341356582;5168,70713369702;
239;martinet-85;870;48;-128,409639659397;5190,94611902593;
240;cezais;318;26;-62,5545278415416;5180,51603490667;
241;aubigny-85;3046;118;-110,780935775321;5181,68358163644;
242;saint-etienne-de-brillouet;516;27;-75,2426980224906;5172,42104424695;
243;curzon;459;77;-99,5954631563747;5165,00434263975;
244;triaize;1039;17;-92,0467940626937;5157,58764103256;
245;champagne-les-marais;1700;34;-86,9592570335951;5155,74180525026;
246;mouchamps;2676;48;-81,2181608524857;5202,06561169038;
247;sainte-gemme-la-plaine;1951;54;-84,22154693653;5168,70713369702;
248;beaurepaire-85;2185;90;-82,2820653058722;5216,89901490477;
249;langon-85;1102;46;-72,8036123060889;5163,14738736479;
250;perrier-85;1859;55;-152,189072268506;5205,77952224031;
251;saint-paul-en-pareds;1204;97;-76,0945361342529;5205,77952224031;
252;mouzeuil-saint-martin;1141;44;-75,419392360717;5166,7723419734;
253;puy-de-serre;303;21;-50,9650841457285;5177,98079057917;
254;tiffauges;1489;150;-83,3921563600951;5228,01850756922;
255;noirmoutier-en-l-île;4567;233;-168,706122067268;5227,08447018541;
256;tablier;640;68;50,171938868659;5178,88146948499;
257;saint-hilaire-des-loges;1957;55;-51,0589599214477;5166,86129791472;
258;nieul-sur-l-autise;1243;54;-52,367485061007;5163,14738736479;
259;saint-prouant;1479;115;-73,626445921352;5200,21977590809;
260;vendrennes;1492;88;-84,9724856650362;5205,77952224031;
261;boupere;2956;67;-69,7750101655001;5203,92256696535;
262;aizenay;8107;100;-123,210422931481;5196,50586535816;
263;boissiere-des-landes;1300;54;-112,123383884331;5177,98079057917;
264;fougere-85;1072;39;-94,1402176103083;5187,24332796867;
265;benet;3696;73;-46,0373891277537;5155,74180525026;
266;cugand;3269;242;-94,6750444292838;5233,57825390145;
267;saint-etienne-du-bois-85;1940;65;-121,713667399929;5207,62535802261;
268;saint-martin-des-noyers;2228;53;-90,212264352271;5194,66002957586;
269;saint-hilaire-le-vouhis;980;33;-86,4539317395783;5190,94611902593;
270;saint-pierre-du-chemin;1355;45;-53,3981737161328;5190,94611902593;
271;beaufou;1177;40;35,7175490367536;5206,55788672682;
272;petosse;606;38;-70,1846479687893;5168,70713369702;
273;thire;563;48;-75,19657591577;5176,12383530421;
274;bessay;412;38;-87,9688425052101;5174,26688002925;
275;merlatiere;908;61;-99,0148414063557;5200,21977590809;
276;notre-dame-de-monts;1876;90;-163,552740568654;5207,62535802261;
277;bouffere;2922;176;-102,440712414681;5222,458761237;
278;barbatre;1793;143;-165,727183866584;5220,60180596203;
279;barre-de-monts;2157;77;-162,133588718959;5213,18510435484;
280;saint-michel-mont-mercure;1984;77;-67,1960618533633;5207,62535802261;
281;ferriere-85;4858;102;-100,377563405563;5194,66002957586;
282;aiguillon-sur-vie;1693;72;-139,89507178139;5189,10028324363;
