545
404.02367
508.76966
5253.96028
5333.65369
21
15761
1;ancier;475;107;423,591023582446;5276,19926928431;
2;theuley;109;14;434,73939447867;5294,73546355596;
3;betoncourt-saint-pancras;51;8;459,564841848162;5328,09394154933;
4;bouhans-les-montbozon;115;22;472,167716443326;5279,90206034158;
5;filain-70;221;13;464,357603743034;5283,6159708915;
6;soing-cubry-charentenay;467;16;440,922174309743;5290,91035807939;
7;vy-le-ferroux;175;30;448,76730906231;5291,02155300603;
8;fleurey-les-faverney;407;36;454,812732592256;5309,55774727768;
9;magnoray;101;28;457,95471647565;5285,4618066738;
10;arbecey;240;14;443,740490373201;5307,70079200272;
11;aynans;328;41;483,460188687486;5294,73546355596;
12;montureux-et-prantigny;209;17;423,188163079833;5281,75901561654;
13;montjustin-et-velotte;128;16;477,778200667563;5294,45747623935;
14;chenevrey-et-morogne;264;29;433,732448137069;5257,66307501266;
15;dampierre-sur-salon;1303;69;426,537511932413;5287,31876194877;
16;arsans;42;16;424,261472643447;5266,93673189482;
17;esprels;699;47;477,974845040005;5285,4618066738;
18;vellemoz;85;20;435,985060953084;5278,05622455928;
19;velle-le-chatel;139;46;453,622977367919;5292,878508281;
20;barre-70;106;54;465,076075981895;5271,17325859998;
21;mersuay;270;22;458,257442356259;5313,26053833494;
22;barges-70;103;13;436,386465306275;5322,5341952171;
23;noidans-les-vesoul;2076;240;459,724167299631;5294,73546355596;
24;montcey;223;27;466,922040735048;5298,43825461322;
25;lure-70;8325;342;486,58704460013;5302,14104567049;
26;villers-sur-saulnot;156;65;499,086706974704;5287,31876194877;
27;etrelles-et-la-montbleuse;85;13;440,69799608476;5277,31121855076;
28;saint-sauveur-70;2108;175;476,783184260626;5315,11749360991;
29;bucey-les-traves;103;36;448,480907097596;5294,73546355596;
30;tremblois;187;34;420,363485875017;5268,78256767712;
31;jussey;1766;52;440,540663207431;5316,97444888487;
32;plancher-bas;1923;66;503,73120719498;5305,85495622042;
33;autet;313;27;427,788605978318;5287,31876194877;
34;saint-valbert;224;57;477,568055031921;5320,67723994214;
35;chateney;51;19;472,57338295011;5303,14180001029;
36;betaucourt;159;22;441,359779091227;5322,5341952171;
37;lanterne-et-les-armonts;185;18;487,548636434244;5314,41696557205;
38;belverne;131;21;498,292935692503;5296,58129933826;
39;chargey-les-port;240;18;448,726590673232;5307,70079200272;
40;francourt;105;14;430,717086088259;5298,43825461322;
41;montigny-les-vesoul;658;101;454,583278823705;5296,58129933826;
42;vantoux-et-longevelle;157;16;440,022902399715;5274,34231400935;
43;citey;98;17;435,008145664161;5274,34231400935;
44;villeneuve-bellenoye-et-la-maize;127;13;467,694277525493;5304,86532137328;
45;cerre-les-noroy;213;21;473,617628504233;5292,878508281;
46;mollans;244;18;476,910182693137;5298,43825461322;
47;beaumotte-aubertans;495;36;464,899729759965;5272,86342148498;
48;combeaufontaine;556;45;440,141345103603;5305,85495622042;
49;rioz;1891;109;456,464220615134;5272,49647822705;
50;dampvalley-les-colombe;112;17;468,320428282428;5296,58129933826;
51;raze;331;33;451,267906904003;5291,02155300603;
52;magny-vernois;1304;204;485,493558704356;5300,29520988819;
53;cugney;183;16;430,538035729598;5266,93673189482;
54;conflandey;399;75;452,465978928842;5307,70079200272;
55;recologne-70;46;40;433,766722129538;5291,02155300603;
56;charmes-saint-valbert;48;9;427,53697318399;5307,70079200272;
57;adelans-et-le-val-de-bithaine;309;17;478,691553263338;5305,08771122657;
58;villargent;113;39;486,578018034633;5287,31876194877;
59;lambrey;85;13;443,455803776259;5311,41470255264;
60;cuve;163;20;463,440555842626;5326,23698627436;
61;sauvigney-les-gray;113;10;431,718315743615;5275,89904298237;
62;fontenois-la-ville;144;11;459,417379193379;5329,93977733163;
63;magny-70;131;11;484,230806765237;5285,4618066738;
64;gourgeon;253;18;437,647874393596;5305,85495622042;
65;villers-chemin-et-mont-les-etrelles;127;17;441,450811569713;5275,36530733448;
66;delain;221;18;422,516281929959;5291,02155300603;
67;fahy-les-autrey;109;17;411,788790074651;5283,6159708915;
68;demangevelle;335;22;449,483539156269;5329,93977733163;
69;mantoche;481;29;416,335018363672;5272,49647822705;
70;thienans;85;20;472,316898799714;5278,05622455928;
71;etuz;670;126;446,996748419052;5265,07977661986;
72;bouhans-et-feurg;281;28;413,303525429715;5279,90206034158;
73;brevilliers;641;99;508,769656793397;5291,02155300603;
74;membrey;222;20;431,266874317192;5291,02155300603;
75;vereux;255;28;424,305424609093;5283,6159708915;
76;fresne-saint-mames;500;50;440,297294918389;5287,31876194877;
77;confracourt;222;11;440,563540454072;5300,29520988819;
78;vars-70;202;12;415,412224805936;5285,4618066738;
79;echenoz-la-meline;3065;378;459,870977814872;5292,878508281;
80;resie-saint-martin;163;49;423,407573470242;5261,37698556259;
81;echavanne;198;61;504,375700394897;5298,43825461322;
82;baties;79;10;443,221001107873;5281,75901561654;
83;andelarrot;242;42;457,517901449542;5291,02155300603;
84;motey-sur-saone;25;8;431,678626186064;5285,4618066738;
85;villers-pater;40;8;463,54758548751;5278,05622455928;
86;georfans;64;21;490,642010577226;5283,6159708915;
87;noiron;64;11;424,12793724969;5268,78256767712;
88;frasne-le-chateau;291;23;443,50204476262;5278,05622455928;
89;oigney;50;6;437,227737559029;5311,41470255264;
90;velleguindry-et-levrecey;156;14;457,808859029428;5287,31876194877;
91;courcuire;132;18;438,207983817965;5265,07977661986;
92;authoison;288;17;462,148487525954;5279,90206034158;
93;cendrecourt;243;26;442,745135619149;5320,67723994214;
94;montagne-70;40;3;491,858321622184;5328,09394154933;
95;ronchamp;2919;124;497,656587519419;5303,99800094545;
96;attricourt;36;5;405,788915876448;5279,90206034158;
97;ray-sur-saone;216;27;437,516868862731;5291,02155300603;
98;vilory;86;20;466,325405964758;5305,85495622042;
99;bucey-les-gy;649;30;440,161685174657;5272,49647822705;
100;buffignecourt;115;18;449,252168152585;5316,97444888487;
101;velorcey;212;34;466,974549669857;5313,26053833494;
102;avrigney-virey;392;17;435,469262384538;5263,35625525687;
103;germigney-70;178;11;417,820455345818;5268,08203963926;
104;bourguignon-les-conflans;131;16;460,600432514765;5315,11749360991;
105;gezier-et-fontenelay;181;14;444,485780442417;5265,07977661986;
106;menoux-70;288;19;455,620722097999;5315,11749360991;
107;cenans;131;26;466,349058953544;5274,34231400935;
108;pisseure;46;20;464,981341160268;5322,5341952171;
109;igny-70;200;19;433,342734725414;5279,90206034158;
110;chapelle-saint-quillain;136;13;437,100039502047;5279,90206034158;
111;magnivray;171;35;483,163249778171;5313,26053833494;
112;chauvirey-le-vieil;32;9;429,616585696268;5313,26053833494;
113;saulx;866;57;469,947671004935;5303,47538479022;
114;roye-70;1345;129;490,4860325656;5300,29520988819;
115;tresilley;207;18;453,66851050989;5276,19926928431;
116;visoncourt;32;7;472,258112511326;5309,55774727768;
117;vy-les-lure;674;42;483,152209612047;5298,43825461322;
118;velloreille-les-choye;80;19;431,520078881701;5270,63952295208;
119;palante;183;52;493,139602496942;5298,43825461322;
120;magnoncourt;432;64;468,409928103414;5326,23698627436;
121;dampierre-sur-linotte;750;23;468,112519005062;5283,6159708915;
122;vallerois-le-bois;259;20;471,567891509078;5287,31876194877;
123;lavoncourt;337;60;433,352253199778;5296,58129933826;
124;betoncourt-les-brotte;99;32;473,50367704999;5309,55774727768;
125;demie;138;22;462,518347103582;5291,02155300603;
126;linexert;131;65;484,71824372463;5309,55774727768;
127;percey-le-grand;93;6;404,02366788269;5293,95709906945;
128;buthiers-70;309;54;454,530405714686;5265,07977661986;
129;clans-70;120;27;452,37307736251;5292,878508281;
130;pontcey;278;47;452,085070331075;5296,58129933826;
131;montot-70;126;12;421,400300434915;5289,17571722373;
132;vanne;93;9;437,377276457785;5292,878508281;
133;magny-jobert;102;27;494,388307510002;5298,43825461322;
134;breuches;735;80;473,048588177856;5315,11749360991;
135;vergenne;116;39;489,706194505057;5294,73546355596;
136;granges-la-ville;214;81;492,675679870268;5289,17571722373;
137;melincourt;249;16;457,375193664366;5324,3800309994;
138;oiselay-et-grachaux;397;17;446,4315438457;5272,49647822705;
139;marast;42;13;479,072954771855;5287,31876194877;
140;vougecourt;150;16;447,000451647368;5329,93977733163;
141;rosieres-sur-mance;77;14;432,935396519773;5318,82028466717;
142;longine;244;19;490,932631002478;5324,3800309994;
143;cemboing;209;19;436,667598213909;5318,82028466717;
144;onay;73;10;427,892388624363;5268,78256767712;
145;saint-bresson-70;453;17;486,117365276487;5322,5341952171;
146;autoreille;297;29;438,069308931122;5266,93673189482;
147;luze-70;737;68;504,858380529046;5292,878508281;
148;chaumercenne;152;30;424,797668366385;5259,52003028763;
149;corbiere;100;31;485,497490760163;5315,11749360991;
150;colombier-70;419;30;465,525160926655;5300,29520988819;
151;coisevaux;343;82;502,519662247858;5291,02155300603;
152;girefontaine;46;12;460,955124231845;5326,23698627436;
153;ranzevelle;21;8;446,045516488709;5326,23698627436;
154;dampvalley-saint-pancras;49;10;462,048726372354;5328,09394154933;
155;haut-du-them-chateau-lambert;449;17;501,703392377097;5319,87663647029;
156;echenans-sous-mont-vaudois;505;92;507,70590178075;5293,1898540756;
157;mailleroncourt-saint-pancras;211;14;457,080212084089;5328,09394154933;
158;bresilley;175;49;426,457474947811;5253,9602839554;
159;melecey;163;48;486,887095315199;5283,6159708915;
160;mandrevillars;218;71;508,444961508447;5294,73546355596;
161;ouge;122;9;425,743953435835;5315,11749360991;
162;hautevelle;256;32;468,862138628707;5320,67723994214;
163;flagy-70;156;16;462,733068767887;5303,99800094545;
164;chancey;161;20;428,432677107723;5261,37698556259;
165;briaucourt-70;241;24;466,674431363804;5316,97444888487;
166;savoyeux;223;36;431,541137609706;5287,31876194877;
167;anchenoncourt-et-chazel;239;17;456,278974486314;5322,5341952171;
168;chaux-les-port;140;33;451,36308547267;5305,85495622042;
169;coulevon;193;72;463,176674769064;5298,43825461322;
170;senoncourt;217;19;452,840721035278;5318,82028466717;
171;jonvelle;142;11;440,792360374739;5329,93977733163;
172;errevet;231;70;506,549839551441;5302,14104567049;
173;velleclaire;105;25;441,276779627579;5274,34231400935;
174;brotte-les-luxeuil;217;31;474,749989226431;5309,55774727768;
175;vauvillers-70;680;71;454,596327559897;5328,09394154933;
176;hurecourt;56;11;452,258350035274;5326,23698627436;
177;selles-70;242;16;452,915735492966;5333,65368788156;
178;auvet-et-la-chapelotte;246;17;414,292567571371;5283,6159708915;
179;courmont-70;101;15;497,201701306413;5294,73546355596;
180;villers-la-ville;164;27;485,327674495054;5287,31876194877;
181;vouhenans;397;47;485,648870564973;5298,43825461322;
182;creveney;52;21;471,615135535511;5302,14104567049;
183;vesoul;15761;1737;462,076405676224;5296,58129933826;
184;ternuay-melay-et-saint-hilaire;519;20;495,288389930687;5313,44956971024;
185;bouligney;432;30;465,92524197302;5326,23698627436;
186;malbouhans;379;48;492,509466825914;5305,85495622042;
187;roche-sur-linotte-et-sorans-les-cordiers;72;7;466,226239214275;5278,7678720898;
188;fondremand;173;10;453,524439275874;5278,05622455928;
189;montbozon;546;63;471,064569297046;5278,05622455928;
190;mailleroncourt-charette;317;29;468,670243995703;5307,70079200272;
191;echenoz-le-sec;309;19;459,206209118872;5285,4618066738;
192;renaucourt;107;17;432,103898266149;5296,58129933826;
193;boult;543;37;451,734164960714;5268,78256767712;
194;cote;523;75;492,825090511904;5302,14104567049;
195;charcenne;340;47;435,558382445734;5266,93673189482;
196;comberjon;173;48;464,425379782123;5298,43825461322;
197;champlitte;1822;14;413,318939694294;5294,67986609264;
198;faucogney-et-la-mer;589;41;490,004971865073;5320,67723994214;
199;froideconche;1994;124;479,119331759869;5316,97444888487;
200;chatenois-70;124;21;472,863044156047;5302,14104567049;
201;oyrieres;428;30;417,915210092379;5285,4618066738;
202;tartecourt;39;17;446,619887251492;5318,82028466717;
203;boursieres;72;31;453,478161482061;5294,73546355596;
204;montureux-les-baulay;170;26;446,762740065918;5316,97444888487;
205;basse-vaivre;44;12;450,579872969378;5331,79673260659;
206;lomont;378;33;495,952949873307;5294,73546355596;
207;marnay-70;1380;133;434,989895078016;5257,66307501266;
208;argillieres;73;7;421,842699516454;5300,29520988819;
209;aisey-et-richecourt;107;13;443,703893692819;5324,3800309994;
210;conflans-sur-lanterne;650;49;463,700964165403;5316,81877598757;
211;purgerot;367;26;448,582666985604;5309,55774727768;
212;saulnot;801;29;497,676960705174;5289,17571722373;
213;angirey;132;14;434,870081180238;5276,19926928431;
214;sauvigney-les-pesmes;172;27;419,770976769532;5259,52003028763;
215;lievans;131;31;475,813555134947;5296,58129933826;
216;vandelans;110;35;464,135489294602;5270,63952295208;
217;scey-sur-saone-et-saint-albin;1682;59;446,804319989037;5300,29520988819;
218;bard-les-pesmes;128;24;425,065148875141;5255,81723923036;
219;noidans-le-ferroux;624;44;446,4089554109;5289,17571722373;
220;cubry-les-faverney;128;22;457,96292641865;5316,97444888487;
221;quenoche;206;21;458,536012381692;5278,05622455928;
222;bourguignon-les-morey;54;5;426,42613402453;5305,85495622042;
223;bourguignon-les-la-charite;142;33;448,438225263528;5282,57073858105;
224;quarte;70;21;426,016769929311;5311,41470255264;
225;cirey;347;26;461,626148400233;5270,63952295208;
226;valay;685;39;424,530044366414;5263,22282134489;
227;vaux-le-moncelot;76;10;443,50204476262;5278,05622455928;
228;rochelle-70;36;8;428,645410351429;5309,55774727768;
229;colombe-les-vesoul;500;62;465,970922667881;5294,73546355596;
230;larret;57;10;422,112562921;5296,58129933826;
231;bougey;83;9;438,333693009865;5313,26053833494;
232;chauvirey-le-chatel;115;9;429,616585696268;5313,26053833494;
233;meurcourt;308;25;465,877739035697;5311,41470255264;
234;equevilley;129;13;462,14074982579;5311,41470255264;
235;genevrey;229;19;472,560204913812;5305,85495622042;
236;chapelle-les-luxeuil;438;56;475,843541860675;5311,41470255264;
237;creuse-70;74;14;475,358112801666;5302,14104567049;
238;bouhans-les-lure;310;34;480,195202321539;5303,99800094545;
239;bay;122;25;431,218308572476;5257,66307501266;
240;vezet;189;16;441,688315095523;5285,4618066738;
241;courchaton;455;33;490,642010577226;5283,6159708915;
242;beulotte-saint-laurent;71;5;498,549530799212;5322,5341952171;
243;granges-le-bourg;370;35;493,925624945419;5289,17571722373;
244;choye;390;27;432,911908087351;5268,78256767712;
245;andelarre;119;26;457,517901449542;5291,02155300603;
246;pomoy;193;25;475,509359815505;5300,29520988819;
247;saint-barthelemy-70;1149;85;492,194621507723;5309,55774727768;
248;fleurey-les-lavoncourt;107;11;433,075204079025;5300,29520988819;
249;motey-besuche;112;18;427,311768243959;5259,52003028763;
250;rignovelle;96;21;484,562685085228;5311,41470255264;
251;velleminfroy;281;46;473,013497301702;5300,29520988819;
252;neuvelle-les-scey;176;27;444,02417450024;5303,99800094545;
253;vitrey-sur-mance;291;21;430,211657168897;5316,69646156826;
254;dampierre-les-conflans;260;25;461,400137768833;5320,67723994214;
255;saint-germain-70;1316;93;488,768886702891;5305,85495622042;
256;bougnon;504;54;457,744529200362;5303,99800094545;
257;borey;233;16;476,116678725006;5292,878508281;
258;faverney;981;53;455,912683608561;5311,41470255264;
259;navenne;1751;447;462,37077782569;5292,878508281;
260;baignes;86;29;453,767754716349;5291,02155300603;
261;courtesoult-et-gatey;62;6;420,997881859743;5294,73546355596;
262;aillevans;142;24;481,269080769547;5291,02155300603;
263;vaivre-et-montoille;2293;270;457,08073800365;5296,58129933826;
264;auxon-70;432;34;461,634112357583;5302,14104567049;
265;amblans-et-velotte;389;39;480,348998688357;5302,14104567049;
266;villeparois;211;63;463,176674769064;5298,43825461322;
267;chargey-les-gray;714;43;419,565449570453;5279,90206034158;
268;val-saint-eloi;110;15;462,40532126311;5308,1122132313;
269;montcourt;67;13;443,27544788364;5329,93977733163;
270;quincey-70;1272;100;463,471920700309;5294,73546355596;
271;breurey-les-faverney;571;29;458,550921483803;5309,55774727768;
272;vauchoux;126;27;451,796045016643;5300,29520988819;
273;andornay;205;138;494,388307510002;5298,43825461322;
274;amage;332;50;485,186220237677;5318,82028466717;
275;grandecourt;35;10;438,347920872353;5296,58129933826;
276;brotte-les-ray;64;12;429,879376005423;5292,878508281;
277;loulans-verchamp;473;57;466,690512736065;5275,83232602639;
278;sainte-reine-70;35;5;434,456493616473;5281,75901561654;
279;pont-du-bois;116;14;456,638332618989;5333,65368788156;
280;vellechevreux-et-courbenans;155;16;490,821192469658;5286,20681268232;
281;gy;1048;42;437,792678465887;5270,63952295208;
282;besnans;81;27;471,214212509015;5276,19926928431;
283;ormenans;65;18;466,201047375383;5276,19926928431;
284;chavanne-70;243;104;499,617243058419;5288,1860823766;
285;vyans-le-val;414;124;507,884892637658;5287,31876194877;
286;nantilly;525;52;415,939520228195;5278,05622455928;
287;montarlot-les-rioz;288;29;451,447882230417;5272,49647822705;
288;malachere;271;49;457,428196375821;5276,19926928431;
289;achey;71;10;420,149605092612;5289,17571722373;
290;lieucourt;79;16;423,140669226697;5265,07977661986;
291;mont-saint-leger;65;13;433,352253199778;5296,58129933826;
292;mignavillers;349;45;491,269222048279;5291,02155300603;
293;sornay-70;306;48;429,960861631529;5257,66307501266;
294;proiseliere-et-langle;173;24;485,186220237677;5318,82028466717;
295;vernotte;71;12;440,576974405563;5283,6159708915;
296;amance-70;699;39;453,131240349224;5315,11749360991;
297;perrouse;233;53;455,64202869224;5266,93673189482;
298;fontaine-les-luxeuil;1452;52;472,593139058644;5320,67723994214;
299;fouvent-saint-andoche;235;6;424,769226442671;5297,82668251668;
300;saint-remy-70;568;62;455,328606684589;5318,82028466717;
301;villers-vaudey;61;10;431,827647238942;5300,29520988819;
302;pont-de-planches;214;31;444,191300381965;5285,4618066738;
303;voivre-70;144;12;487,674105886988;5318,82028466717;
304;larians-et-munans;230;92;469,003937957221;5272,49647822705;
305;ailloncourt;307;33;477,241865941536;5309,55774727768;
306;amoncourt;337;83;453,712690973262;5307,70079200272;
307;quers;353;35;481,134372929303;5307,70079200272;
308;baulay;329;40;449,541082201942;5313,26053833494;
309;polaincourt-et-clairefontaine;809;37;452,648046363847;5324,44674795539;
310;chalonvillars;1244;163;508,283521724967;5296,58129933826;
311;seveux;467;27;431,541137609706;5287,31876194877;
312;lavigney;122;12;435,15440368359;5305,85495622042;
313;villers-sur-port;211;20;455,103665595692;5305,85495622042;
314;cresancey;189;19;425,248231949253;5270,63952295208;
315;vellefaux;464;46;460,310296614911;5287,31876194877;
316;ovanches;122;18;445,841047724872;5296,58129933826;
317;vaite;214;22;430,016575396345;5291,02155300603;
318;saint-loup-nantouard;112;14;431,383281104686;5272,49647822705;
319;saint-gand;138;8;439,325085657203;5283,6159708915;
320;pierrecourt-70;121;7;419,480988190305;5298,43825461322;
321;beaumotte-les-pin;278;32;439,740291053448;5261,37698556259;
322;couthenans;777;473;505,019510060204;5291,02155300603;
323;villersexel;1464;110;482,825486403244;5287,31876194877;
324;grammont;74;12;489,390872811919;5283,6159708915;
325;grattery;199;32;455,540213204167;5300,29520988819;
326;bonboillon;182;40;429,554322734255;5263,22282134489;
327;cognieres;97;24;473,420401855856;5279,90206034158;
328;noroy-le-bourg;482;15;472,216928485452;5294,73546355596;
329;baudoncourt;546;72;474,446142464574;5313,26053833494;
330;athesans-etroitefontaine;662;51;488,165102086492;5292,51156502307;
331;ehuns;260;47;472,106552650768;5311,41470255264;
332;neurey-les-la-demie;347;35;465,165634209678;5289,17571722373;
333;preigney;119;9;432,24483614654;5311,41470255264;
334;cornot;148;13;436,540616793181;5303,99800094545;
335;luxeuil-les-bains;7248;332;476,629903673202;5316,97444888487;
336;melin;61;10;436,26171386198;5307,70079200272;
337;saint-marcel-70;118;16;435,423282169084;5318,82028466717;
338;tromarey;110;17;430,810580727234;5263,22282134489;
339;chagey;675;96;504,697208107769;5294,73546355596;
340;mailley-et-chazelot;605;24;454,200989291424;5285,4618066738;
341;autrey-les-cerre;226;41;475,96468188613;5294,73546355596;
342;lyoffans;396;88;493,139602496942;5298,43825461322;
343;pusey;1557;190;459,431308803079;5298,43825461322;
344;gray;6016;296;419,831337716516;5276,19926928431;
345;ferrieres-les-scey;149;24;449,443915918183;5298,43825461322;
346;cordonnet;122;11;449,297788065454;5272,46311974905;
347;greucourt;89;33;440,437573197738;5285,4618066738;
348;autrey-les-gray;441;13;413,303525429715;5279,90206034158;
349;traves;352;28;447,23215566449;5294,73546355596;
350;villefrancon;137;24;432,774749328886;5270,63952295208;
351;chevigney;31;5;421,234758476716;5263,35625525687;
352;bonnevent-velloreille;345;64;446,616356056398;5269,80556100225;
353;villars-le-pautel;161;13;442,318114552925;5326,23698627436;
354;villafans;196;30;485,01922750274;5291,02155300603;
355;bussieres-70;300;49;450,906186990448;5263,22282134489;
356;denevre;182;31;423,900940852368;5289,17571722373;
357;battrans;228;42;423,725507141092;5274,34231400935;
358;esmoulins;157;35;418,976385016805;5270,63952295208;
359;corravillers;201;17;493,760927980445;5325,46974128052;
360;ecuelle;86;15;416,531011084151;5287,31876194877;
361;betoncourt-sur-mance;42;11;429,203194825637;5318,82028466717;
362;vadans-70;137;10;420,916818293173;5264,86850625923;
363;rosey-70;263;17;452,660931588109;5289,17571722373;
364;rosiere;86;9;494,342206146376;5328,09394154933;
365;corre;588;64;447,14392874744;5328,09394154933;
366;bourbevelle;79;14;442,175414459175;5328,09394154933;
367;plainemont;58;17;463,887968855515;5320,67723994214;
368;raddon-et-chapendu;930;74;483,786140348454;5320,67723994214;
369;longevelle;114;27;483,520275503032;5291,76655901455;
370;chantes;129;19;444,591943478557;5296,58129933826;
371;dambenoît-les-colombe;276;31;477,61690494227;5306,53324527295;
372;sainte-marie-en-chaux;170;69;471,955860586095;5313,26053833494;
373;jasney;246;18;461,251542311496;5322,5341952171;
374;sainte-marie-en-chanois;212;44;486,430536282501;5318,82028466717;
375;chenebier;712;78;503,127744455031;5298,43825461322;
376;ormoy-70;224;11;446,189381218328;5324,3800309994;
377;verlans;157;95;503,929687149535;5289,17571722373;
378;magny-les-jussey;116;12;446,33234691641;5322,5341952171;
379;hericourt-70;10349;572;506,269808981051;5291,02155300603;
380;aulx-les-cromary;143;33;460,518135798375;5268,78256767712;
381;tavey;453;153;505,179632224685;5289,17571722373;
382;senargent-mignafans;285;26;489,649237672238;5288,98668584844;
383;volon;66;11;429,742140094206;5294,73546355596;
384;ambievillers;81;6;457,879446500805;5333,65368788156;
385;fontenois-les-montbozon;303;21;468,410411666692;5279,90206034158;
386;tremoins;355;88;502,678991807232;5289,17571722373;
387;fretigney-et-velloreille;683;31;446,786872564966;5280,43579598947;
388;belmont-70;113;25;485,889415686198;5313,67195956353;
389;blondefontaine;248;18;437,48980201863;5324,3800309994;
390;fouchecourt-70;116;25;448,295567683062;5313,26053833494;
391;cult;228;33;432,201881756298;5261,37698556259;
392;villers-les-luxeuil;342;37;469,614728245603;5311,41470255264;
393;abelcourt;340;45;470,710346067215;5313,26053833494;
394;esmoulieres;95;4;493,73597229501;5320,67723994214;
395;froideterre;341;120;488,925520742593;5303,99800094545;
396;champagney-70;3770;102;500,01194405272;5304,65405101265;
397;magny-danigon;454;60;494,361642563686;5301,19588879401;
398;passavant-la-rochere;659;22;449,193138366943;5333,65368788156;
399;moffans-et-vacheresse;624;44;490,799808839985;5296,58129933826;
400;montigny-les-cherlieu;177;8;434,458259935372;5315,11749360991;
401;semmadon;135;12;438,755137950821;5307,70079200272;
402;breuchotte;313;71;482,698334588365;5318,82028466717;
403;contreglise;113;11;450,352088945628;5318,82028466717;
404;port-sur-saone;2990;121;452,900249204737;5302,14104567049;
405;bassigney;125;20;461,69632186956;5316,97444888487;
406;pin-70;694;49;442,03520593489;5262,05527461512;
407;montdore;67;8;453,354012677861;5328,09394154933;
408;pusy-et-epenoux;545;54;460,532687065411;5300,29520988819;
409;lantenot;372;45;485,964555901071;5309,55774727768;
410;francalmont;119;17;467,769527811822;5318,82028466717;
411;roche-morey;267;9;429,561733869515;5305,05435274858;
412;val-de-gouhenans;64;16;485,958441104378;5294,73546355596;
413;thieffrans;177;18;474,522169672554;5281,75901561654;
414;belfahy;80;26;503,086999124566;5313,26053833494;
415;frotey-les-lure;634;87;490,642941544017;5298,43825461322;
416;broye-aubigney-montseugny;457;18;415,304681282371;5261,06563976799;
417;ruhans;146;29;461,04142308541;5278,05622455928;
418;raincourt;126;15;438,872749218867;5322,5341952171;
419;pennesieres;171;18;458,39118274932;5279,90206034158;
420;miellin;76;5;502,763671829575;5316,97444888487;
421;poyans;138;11;411,059238654127;5276,19926928431;
422;bruyere;205;32;483,941904192852;5318,82028466717;
423;chariez;220;28;455,976413898953;5294,73546355596;
424;belonchamp;234;34;494,528487910206;5311,41470255264;
425;tincey-et-pontrebeau;83;11;434,878226237013;5292,878508281;
426;crevans-et-la-chapelle-les-granges;260;66;494,210569610218;5287,54115180206;
427;chaux-la-lotiere;369;41;450,479096872398;5268,78256767712;
428;plancher-les-mines;1092;42;504,493543337342;5311,41470255264;
429;beveuge;86;16;486,578018034633;5287,31876194877;
430;aillevillers-et-lyaumont;1677;46;471,985009709004;5328,09394154933;
431;anjeux;164;18;462,346914436215;5324,3800309994;
432;oppenans;54;15;478,768482927854;5291,02155300603;
433;saint-ferjeux;80;45;489,080206126443;5287,31876194877;
434;malvillers;73;10;432,52232560637;5307,70079200272;
435;chassey-les-montbozon;221;14;475,622349529117;5283,6159708915;
436;molay-70;72;9;429,373779222526;5307,58959707607;
437;malans-70;134;19;422,113109669912;5255,48365445043;
438;grandvelle-et-le-perrenot;343;32;450,302292103939;5282,74865046368;
439;velesmes-echevanne;521;23;428,954817400918;5272,84118249965;
440;varogne;137;31;463,831935254752;5305,85495622042;
441;vellefrie;134;22;465,228086907421;5303,99800094545;
442;fleurey-les-saint-loup;146;41;469,501125184812;5328,09394154933;
443;montboillon;269;31;445,600582132647;5266,93673189482;
444;gevigney-et-mercey;470;24;443,171819515692;5315,11749360991;
445;genevreuille;174;27;478,005222329309;5300,29520988819;
446;chemilly-70;85;22;450,692620931243;5298,43825461322;
447;vaivre;211;69;474,526963408084;5327,90491017403;
448;saint-sulpice-70;140;39;483,922313008455;5289,17571722373;
449;vernois-sur-mance;170;21;431,552134329338;5320,67723994214;
450;corbenay;1344;85;472,137330039198;5326,23698627436;
451;montessaux;168;55;490,94905696906;5309,55774727768;
452;saint-loup-sur-semouse;3460;209;467,318635208063;5324,3800309994;
453;apremont-70;433;30;417,721714569621;5270,63952295208;
454;provenchere-70;292;50;458,844245718714;5305,85495622042;
455;arpenans;240;20;479,712435286808;5294,73546355596;
456;champey;857;75;501,269363327011;5291,02155300603;
457;gray-la-ville;977;246;418,711502581439;5274,34231400935;
458;rupt-sur-saone;119;11;444,449844939139;5298,43825461322;
459;neuvelle-les-cromary;324;51;457,862889710416;5270,63952295208;
460;velet;418;69;418,711502581439;5274,34231400935;
461;voray-sur-l-ognon;811;117;453,475359367443;5263,8455129341;
462;calmoutier;236;16;470,667406701033;5298,43825461322;
463;champvans-70;213;29;419,737822929638;5269,93899491422;
464;aroz;154;23;449,730408081383;5294,73546355596;
465;essertenne-et-cecey;404;35;412,703785432619;5270,63952295208;
466;pont-sur-l-ognon;57;13;479,377264791144;5283,6159708915;
467;villers-bouton;166;31;449,90882464396;5276,19926928431;
468;vy-les-filain;86;16;465,609492491394;5283,6159708915;
469;venere;192;24;426,772399128835;5266,93673189482;
470;mercey-sur-saone;138;17;430,427133542843;5285,4618066738;
471;vregille;173;40;444,766148531858;5261,37698556259;
472;gouhenans;431;51;484,864479182777;5292,878508281;
473;brussey;275;37;438,622955455601;5259,52003028763;
474;roche-et-raucourt;147;10;428,4933886611;5294,73546355596;
475;hugier;136;19;430,945982767393;5261,37698556259;
476;vy-les-rupt;105;12;442,094484298612;5296,58129933826;
477;vellefrey-et-vellefrange;110;15;438,54680077577;5273,97537075142;
478;boulot;629;88;449,508469761417;5265,07977661986;
479;recologne-les-rioz;215;21;449,765947371106;5278,05622455928;
480;faymont;255;31;493,453947905735;5294,73546355596;
481;broye-les-loups-et-verfontaine;104;14;407,727670506164;5277,84495419865;
482;ferrieres-les-ray;40;10;435,017021050385;5291,02155300603;
483;maussans;67;17;470,109938461234;5274,34231400935;
484;neuvelle-les-la-charite;227;17;446,693534922971;5285,4618066738;
485;lieffrans;60;13;448,086804929617;5283,6159708915;
486;fallon;314;55;487,042036120797;5281,75901561654;
487;bousseraucourt;57;7;441,747944114898;5333,65368788156;
488;villedieu-en-fontenette;184;19;463,150687420507;5312,03739414185;
489;sorans-les-breurey;417;29;455,354301467785;5270,63952295208;
490;cintrey;113;18;429,891722527871;5309,55774727768;
491;servance;846;21;499,030276378664;5316,97444888487;
492;vallerois-lorioz;359;56;461,414298449922;5289,17571722373;
493;pesmes;1112;59;419,903549055857;5257,66307501266;
494;melisey-70;1677;81;492,194621507723;5309,55774727768;
495;hyet;99;15;457,138497336791;5279,90206034158;
496;maizieres-70;304;26;451,985508599272;5281,75901561654;
497;chassey-les-scey;106;24;448,195210905124;5298,43825461322;
498;frahier-et-chatebier;1230;70;505,462705315695;5300,29520988819;
499;fessey;136;24;486,638072202864;5317,3413921428;
500;chambornay-les-pin;352;72;444,626404233703;5263,22282134489;
501;saint-broing;127;12;428,604188716078;5276,19926928431;
502;alaincourt-70;96;16;454,450459174824;5329,93977733163;
503;venisey;146;21;447,864203296317;5318,82028466717;
504;clairegoutte;408;38;495,478506426844;5300,29520988819;
505;mont-le-vernois;156;20;454,872877373328;5292,878508281;
506;cromary;239;44;458,152202050308;5266,93673189482;
507;champtonnay;85;16;426,638073426322;5268,78256767712;
508;villers-le-sec-70;528;47;466,119728051871;5292,878508281;
509;beaujeu-saint-vallier-pierrejux-et-quitteur;1009;28;426,363656707671;5282,29275126443;
510;charmoille-70;442;87;456,788518877887;5300,29520988819;
511;frotey-les-vesoul;1380;180;463,471920700309;5294,73546355596;
512;colombotte;59;13;470,516885954261;5300,29520988819;
513;augicourt;168;18;440,823974888345;5313,26053833494;
514;montagney;504;54;427,003051933645;5258,00777928526;
515;autrey-le-vay;71;25;480,47707958101;5285,4618066738;
516;etobon;307;25;500,630334428912;5298,43825461322;
517;saponcourt;62;12;450,062145765181;5322,5341952171;
518;vellexon-queutrey-et-vaudey;495;19;435,58601237484;5288,70869853182;
519;grande-resie;84;17;419,506519602648;5263,22282134489;
520;loeuilley;119;20;404,664044513891;5278,05622455928;
521;esboz-brest;502;51;481,762894677392;5315,11749360991;
522;scye;106;18;453,189281884168;5298,43825461322;
523;fedry;107;12;440,98540029624;5294,73546355596;
524;oricourt;34;9;479,865628951187;5292,878508281;
525;moimay;223;35;481,575142863665;5287,31876194877;
526;neuvelle-les-lure;335;68;490,015996115907;5305,85495622042;
527;servigney;104;17;471,313095500796;5305,85495622042;
528;vauconcourt-nervezain;228;12;436,267538070568;5299,61692083566;
529;ainvelle-70;161;23;466,375053742111;5320,67723994214;
530;franchevelle;419;40;483,627797018144;5307,70079200272;
531;fougerolles-70;3792;74;477,261331030931;5324,3800309994;
532;framont;196;16;418,511894709254;5290,51005634347;
533;neurey-en-vaux;164;31;463,535422551791;5309,55774727768;
534;arc-les-gray;2598;214;419,857267331645;5277,01099224882;
535;amont-et-effreney;175;10;490,367025437414;5323,49047158624;
536;chambornay-les-bellevaux;162;27;459,263067710059;5268,78256767712;
537;frederic-fontaine;264;75;496,884968462927;5298,43825461322;
538;fresse;728;26;498,425434752153;5309,55774727768;
539;aboncourt-gesincourt;232;21;446,379724140518;5312,00403566386;
540;citers;839;55;478,641696718114;5307,70079200272;
541;ecromagny;166;24;490,477201176929;5315,11749360991;
542;ormoiche;72;12;471,804220763077;5315,11749360991;
543;traitiefontaine;154;26;458,972013600924;5272,49647822705;
544;rigny;616;48;423,456504037731;5278,05622455928;
545;secenans;159;55;492,832737757831;5287,31876194877;
