650
147.53510
298.58732
5559.74633
5680.20380
43
227560
1;salesches;315;68;255,050504108839;5581,98531755685;
2;rexpoede;1849;138;177,530156615591;5663,5245572653;
3;bergues;3886;2943;170,399886758892;5667,23846781523;
4;busigny;2559;155;247,607607548665;5563,4491232852;
5;prouvy;2290;519;244,95966471913;5594,96176549627;
6;bermeries;404;76;267,631974901706;5591,24785494634;
7;wallon-cappel;889;163;174,773580929688;5641,28557193639;
8;arneke;1583;118;169,718767374846;5652,40506460085;
9;fressies;559;118;227,527593340483;5587,54506388908;
10;dimechaux;351;72;287,080132094254;5581,98531755685;
11;deheries;43;22;236,811432349646;5565,30607856016;
12;cerfontaine;586;151;286,678818458096;5589,40201916404;
13;ramillies;588;115;231,325091005776;5581,98531755685;
14;eclaibes;280;57;279,962436986384;5581,98531755685;
15;waziers;7615;1754;220,98213531459;5602,3673476108;
16;flaumont-waudrechies;371;65;282,910020803426;5573,77913197048;
17;dourlers;551;63;280,157683501369;5578,28252649958;
18;eswars;354;127;232,43026063766;5583,84227283181;
19;mazinghien;321;35;257,041296378212;5565,30607856016;
20;houtkerque;991;75;182,39805692146;5657,96481093308;
21;conde-sur-l-escaut;9731;528;253,712375074019;5609,78404921799;
22;landrecies;3581;165;263,722509614643;5574,56861594966;
23;watten;2608;356;155,673095655096;5652,40506460085;
24;eppe-sauvage;268;16;298,275938165926;5572,72278016736;
25;crespin-59;4465;449;258,614685341209;5606,08125816072;
26;ligny-en-cambresis;1787;203;241,023498862834;5570,84358590706;
27;haussy;1550;95;247,846063357175;5583,84227283181;
28;sainghin-en-weppes;5533;717;204,895929671518;5620,90354188244;
29;bas-lieu;313;41;281,541598102119;5574,56861594966;
30;roubaix;94713;7158;223,024577050441;5637,58278087913;
31;coutiches;2738;167;226,571261992856;5609,78404921799;
32;iwuy;3200;250;235,905742455077;5585,68810861411;
33;vendegies-sur-ecaillon;1121;170;249,955942238059;5589,40201916404;
34;gouzeaucourt;1432;118;222,531360328634;5565,30607856016;
35;fletre;923;102;186,437099882396;5643,14252721136;
36;hecq;353;259;258,699810798394;5580,12836228188;
37;viesly;1458;136;247,005350956654;5576,42557122462;
38;saint-aubert;1520;187;243,103067837546;5583,84227283181;
39;rieux-en-cambresis;1524;198;238,442786113646;5581,98531755685;
40;wattrelos;41541;3090;226,546014033936;5637,58278087913;
41;villeneuve-d-ascq;63572;2315;221,342642709053;5635,72582560416;
42;larouillies;271;50;280,938892654736;5563,4491232852;
43;wervicq-sud;4696;922;214,501990746245;5644,99948248632;
44;trith-saint-leger;6446;938;247,326188088721;5594,96176549627;
45;helesmes;1942;263;238,791496044765;5600,5215118285;
46;roncq;12848;1213;219,269024939798;5643,14252721136;
47;sebourg;1890;132;258,978647879232;5598,66455655353;
48;bauvin;5265;1367;203,861983122433;5617,20075082518;
49;dompierre-sur-helpe;925;70;275,553755155359;5575,50265333347;
50;anor;3280;147;293,046356539217;5559,74633222794;
51;fourmies;12687;552;289,47262048386;5559,74633222794;
52;thivencelle;820;203;257,534200805349;5608,86113132684;
53;groise;469;49;262,80856245332;5569,00886961743;
54;caestre;1812;177;182,919418752539;5643,14252721136;
55;montigny-en-cambresis;585;99;243,697215575564;5570,86582489239;
56;genech;2605;349;227,350350414339;5619,04658660748;
57;lille;227560;6533;216,28874626592;5630,16607927194;
58;mortagne-du-nord;1621;743;244,013915101757;5615,34379555022;
59;marquette-en-ostrevant;1676;224;232,105637991158;5591,24785494634;
60;bellaing;1194;349;243,519562985197;5600,5215118285;
61;hem-lenglet;580;117;229,89743542987;5587,54506388908;
62;englefontaine;1305;282;259,88674560641;5580,12836228188;
63;ruesnes;440;65;254,69396517157;5589,40201916404;
64;lourches;3908;1474;237,859384582344;5594,96176549627;
65;fretin;3309;251;221,381573557813;5620,90354188244;
66;frelinghien;2483;220;206,517157809438;5639,43973615409;
67;herlies;2147;301;201,291907662237;5622,76049715741;
68;aubry-du-hainaut;1468;339;245,453724702941;5600,88845508642;
69;boussieres-sur-sambre;523;159;276,210731501197;5585,68810861411;
70;bavay;3516;347;268,721381887902;5593,1048102213;
71;camphin-en-carembault;1636;221;210,93234909242;5617,20075082518;
72;marquette-lez-lille;9797;2015;216,053217159195;5634,90298314699;
73;artres;1034;157;252,148479171009;5593,1048102213;
74;flamengrie-59;423;208;263,893981759899;5594,96176549627;
75;maretz;1487;131;243,951468360152;5565,30607856016;
76;zuytpeene;557;47;171,010665476266;5648,70227354358;
77;avesnes-les-aubert;3672;407;240,815113893099;5581,98531755685;
78;aibes;361;39;291,621881002878;5585,68810861411;
79;wulverdinghe;287;98;158,013806847192;5652,40506460085;
80;wattignies-la-victoire;258;40;285,894324089283;5581,98531755685;
81;beaurieux-59;168;22;293,114512064532;5580,12836228188;
82;haveluy;3088;657;241,24038432586;5598,66455655353;
83;steenvoorde;4055;135;181,55243326832;5648,70227354358;
84;audignies;297;81;271,184608592761;5591,24785494634;
85;wargnies-le-grand;1067;187;259,160224992703;5594,96176549627;
86;frasnoy;342;58;261,801710346353;5589,40201916404;
87;broxeele;304;80;162,695931514971;5652,40506460085;
88;renescure;2071;109;166,563199727328;5641,28557193639;
89;thiennes;796;105;173,909616012644;5632,0230345469;
90;pommereuil;761;117;256,773401022642;5570,86582489239;
91;lannoy;1718;9544;226,706841804145;5633,87998982186;
92;quievelon;154;35;290,436189111093;5585,68810861411;
93;mons-en-baroeul;21887;7599;219,147618647411;5631,13347513374;
94;marcq-en-ostrevent;585;93;230,921189918561;5591,24785494634;
95;auberchicourt;4573;642;229,49531446837;5596,80760127857;
96;saint-jans-cappel;1632;205;191,059384655935;5644,99948248632;
97;wattignies;13223;2095;215,341755122987;5624,60633293971;
98;walincourt-selvigny;2087;138;238,086364681355;5567,40766267375;
99;courchelettes;2712;1623;216,406815351139;5598,66455655353;
100;roeulx;3686;916;236,758898612704;5593,1048102213;
101;montrecourt;233;65;245,389143770714;5585,68810861411;
102;elincourt;635;75;240,381450354899;5565,30607856016;
103;louvil;850;340;226,092060327192;5620,90354188244;
104;mastaing;909;152;234,391544018121;5593,1048102213;
105;jolimetz;890;223;261,9852738913;5585,68810861411;
106;radinghem-en-weppes;1343;196;205,782051438144;5628,32024348964;
107;sin-le-noble;16257;1409;221,059471815722;5600,5215118285;
108;flines-les-mortagne;1645;113;245,13681962641;5616,12216003673;
109;wylder;320;125;175,256988784977;5661,678721483;
110;bersee;2262;206;222,874080595003;5613,48684027525;
111;saint-georges-sur-l-aa;308;37;151,726367834979;5667,23846781523;
112;obrechies;259;47;286,979689756754;5583,84227283181;
113;villers-en-cauchies;1247;139;241,916963197398;5583,84227283181;
114;monchecourt;2575;380;228,47280239296;5593,1048102213;
115;aniche;10347;1586;230,678517819772;5596,80760127857;
116;beaumont-en-cambresis;466;140;245,988718717492;5572,72278016736;
117;attiches;2309;345;215,64616208461;5617,20075082518;
118;rousies;4222;729;284,30980699134;5589,40201916404;
119;louvignies-quesnoy;955;113;258,428909488826;5585,68810861411;
120;leffrinckoucke;4482;615;172,486830991278;5674,64404992976;
121;wannehain;1031;277;230,720784562456;5622,76049715741;
122;haulchin;2371;462;243,776048020328;5594,96176549627;
123;bassee;6235;1761;197,900618080235;5619,04658660748;
124;aubencheul-au-bac;465;145;225,157751251096;5587,54506388908;
125;loos;21592;3106;212,837427995593;5628,32024348964;
126;haut-lieu;389;43;279,054603486202;5571,0214977897;
127;catillon-sur-sambre;837;64;259,330786886296;5567,16303383513;
128;fressain;873;136;227,368556227506;5591,24785494634;
129;croix-caluyau;245;61;255,317548034138;5576,42557122462;
130;eth;328;115;260,343841691506;5594,96176549627;
131;hasnon;3721;292;239,720225576842;5606,08125816072;
132;thun-l-eveque;658;115;233,534358671507;5585,68810861411;
133;warlaing;566;145;236,17755865436;5606,08125816072;
134;socx;964;120;169,354882146503;5663,5245572653;
135;millonfosse;664;190;240,816922797738;5607,92709394302;
136;carnieres;1070;131;238,609076718604;5578,28252649958;
137;esquerchin;884;165;213,966662124105;5600,5215118285;
138;fresnes-sur-escaut;7676;652;253,801912932005;5607,92709394302;
139;crochte;713;91;167,018488774316;5663,5245572653;
140;neuvilly;1049;83;250,655415645007;5574,56861594966;
141;maresches;895;187;254,515833765592;5593,1048102213;
142;carnin;989;424;209,75442612182;5617,20075082518;
143;orsinval;524;156;258,247837758962;5589,40201916404;
144;rues-des-vignes;697;39;230,700699974532;5569,00886961743;
145;proville;3350;530;227,925088208815;5578,28252649958;
146;bugnicourt;952;151;223,737382926388;5593,1048102213;
147;quaedypre;1146;61;172,858771426928;5663,5245572653;
148;cateau-cambresis;7039;258;252,545072477566;5571,45515800361;
149;armbouts-cappel;2497;246;164,505684729382;5669,08430359753;
150;liessies;556;31;291,145830377013;5572,72278016736;
151;hoymille;3192;577;171,50592663276;5669,08430359753;
152;haucourt-en-cambresis;209;58;238,941914840514;5570,86582489239;
153;halluin;20199;1608;220,284269006888;5646,84531826862;
154;mons-en-pevele;2139;172;219,511826052726;5613,064299554;
155;goeulzin;1057;220;220,108684240378;5594,96176549627;
156;solrinnes;125;23;289,453171643218;5581,98531755685;
157;fromelles;861;100;201,149616635579;5626,46328821467;
158;berelles;165;28;291,723396796863;5583,84227283181;
159;solesmes-59;4605;198;249,206468389709;5580,12836228188;
160;ferin;1462;264;217,666120074572;5596,80760127857;
161;sameon;1514;171;235,845352085632;5613,48684027525;
162;noyelles-sur-escaut;766;159;226,773620824918;5575,13571007554;
163;roost-warendin;6193;864;218,464224041948;5606,08125816072;
164;bourbourg;6911;179;154,115762031713;5665,38151254027;
165;bavinchove;921;110;173,415694430915;5646,84531826862;
166;bousies;1699;171;257,693072211777;5576,42557122462;
167;odomez;898;184;251,352493773325;5609,78404921799;
168;rejet-de-beaulieu;246;38;258,321387958194;5563,4491232852;
169;morbecque;2658;59;177,245896265015;5637,58278087913;
170;clary;1146;115;242,59273872862;5569,00886961743;
171;rieulay;1382;189;231,617627778402;5602,3673476108;
172;haspres;2800;229;242,933344480821;5587,54506388908;
173;noyelles-sur-selle;768;152;240,394642919127;5591,24785494634;
174;vicq-59;1438;366;255,072018418727;5606,08125816072;
175;valenciennes;43335;3135;250,700555044145;5598,66455655353;
176;neuville-sur-escaut;2560;540;238,220230555379;5593,08257123598;
177;baisieux;4452;512;229,381141777415;5626,46328821467;
178;beaufort-59;961;75;282,236694237125;5583,84227283181;
179;madeleine;22442;7902;216,211897877501;5632,0230345469;
180;eecke;1166;113;182,78926873898;5646,84531826862;
181;mouchin;1368;148;232,143447002381;5617,20075082518;
182;rumegies;1580;204;237,024815870876;5613,48684027525;
183;arleux;2935;264;220,263288845396;5591,24785494634;
184;bissezeele;213;59;169,415322834796;5661,678721483;
185;peronne-en-melantois;871;764;223,657910609395;5622,76049715741;
186;volckerinckhove;503;50;161,52522477713;5652,40506460085;
187;ferriere-la-petite;1018;190;285,694844089715;5585,68810861411;
188;warhem;2064;74;175,006047584449;5669,08430359753;
189;sassegnies;270;65;270,567022823112;5580,12836228188;
190;hamel-59;780;217;219,078840772799;5591,24785494634;
191;taisnieres-sur-hon;926;57;273,360785266276;5594,96176549627;
192;loon-plage;6302;176;155,172262199608;5669,08430359753;
193;rubrouck;940;63;165,036642707067;5652,40506460085;
194;wormhout;5229;190;173,04454425633;5657,96481093308;
195;louvroil;6830;1157;281,940795524585;5589,40201916404;
196;lys-lez-lannoy;12950;3972;226,527699894117;5634,40260597709;
197;ennevelin;2157;217;221,459979874765;5619,04658660748;
198;quesnoy-sur-deûle;7126;496;211,210969590299;5639,43973615409;
199;spycker;1594;173;162,230484832605;5667,23846781523;
200;perenchies;8104;2674;209,087157331993;5633,87998982186;
201;saint-aybert;358;85;258,432845710601;5609,78404921799;
202;neuf-berquin;1241;193;188,010376634263;5632,0230345469;
203;petite-foret;4958;1089;247,065967831005;5600,5215118285;
204;colleret;1679;89;290,334452410936;5587,54506388908;
205;semousies;240;77;282,532378014144;5578,28252649958;
206;ramousies;241;25;287,580776482557;5572,72278016736;
207;bousbecque;4702;730;216,846040369711;5644,99948248632;
208;saint-saulve;10983;910;251,794744052406;5600,5215118285;
209;wargnies-le-petit;788;150;260,435285668159;5593,1048102213;
210;marpent;2669;552;290,029704071368;5593,1048102213;
211;holque;935;245;154,447101109027;5654,26201987581;
212;loffre;755;290;224,684908186227;5598,66455655353;
213;solre-le-chateau;1801;130;290,841672011157;5578,28252649958;
214;lezennes;3064;1431;219,892804553042;5628,32024348964;
215;favril-59;481;41;266,283289233295;5570,86582489239;
216;landas;2377;198;233,487132051908;5613,48684027525;
217;avesnelles;2505;197;281,639257662056;5572,72278016736;
218;limont-fontaine;575;84;279,962436986384;5581,98531755685;
219;wasnes-au-bac;573;110;232,1865793011;5589,40201916404;
220;pont-a-marcq;2634;1186;220,359975076801;5617,20075082518;
221;estrun;673;238;233,452554075815;5587,54506388908;
222;meteren;2146;116;190,022537685349;5641,28557193639;
223;amfroipret;222;144;265,263078756511;5591,24785494634;
224;bevillers;555;115;241,067253027307;5576,42557122462;
225;tilloy-lez-cambrai;589;177;229,270700737498;5581,49605987961;
226;leval-59;2326;394;272,940180420663;5580,12836228188;
227;aix-59;1101;168;232,307668266664;5613,48684027525;
228;tourmignies;687;338;218,079833290058;5615,34379555022;
229;elesmes;909;145;285,294994882202;5593,1048102213;
230;wignehies;3099;223;285,79956233429;5561,6032875029;
231;santes;5618;742;208,207497921038;5626,46328821467;
232;herrin;403;185;209,606416440897;5620,90354188244;
233;ohain;1292;108;293,931720433693;5565,30607856016;
234;deûlemont;1690;170;207,617217100659;5641,28557193639;
235;saint-vaast-en-cambresis;887;200;243,759759320357;5581,16247509968;
236;hondeghem;931;73;176,993680344705;5644,99948248632;
237;provin;4129;1217;206,219243136826;5617,20075082518;
238;saint-momelin;412;68;158,126516880817;5648,70227354358;
239;pradelles-59;365;111;182,984665919225;5641,28557193639;
240;borre;573;96;181,811452695812;5641,28557193639;
241;hazebrouck;21598;824;178,355695197398;5639,43973615409;
242;onnaing;8709;671;255,251819131485;5602,3673476108;
243;marquillies;1992;288;202,541039555673;5620,90354188244;
244;potelle;361;89;260,558521085121;5585,78818404809;
245;cantin;1450;155;221,370028331805;5593,1048102213;
246;rombies-et-marchipont;761;158;258,887553744023;5600,5215118285;
247;seranvillers-forenville;330;45;233,873264150603;5573,50114465387;
248;chereng;3014;721;226,948181110491;5628,32024348964;
249;esnes;660;45;236,564621102713;5570,86582489239;
250;emerchicourt;884;172;230,759104445558;5594,96176549627;
251;wambaix;306;49;235,211968034682;5574,56861594966;
252;emmerin;3199;651;211,736438563768;5626,46328821467;
253;salome;2981;567;200,256342223311;5619,04658660748;
254;cousolre;2395;114;295,074847613439;5587,54506388908;
255;templeuve;5786;365;223,816410805763;5619,04658660748;
256;lauwin-planque;1806;492;216,255013430841;5602,3673476108;
257;herin;3840;857;244,788037036535;5598,66455655353;
258;bruay-sur-l-escaut;12276;1832;250,524697247736;5602,3673476108;
259;saint-remy-du-nord;1193;201;278,582115284766;5585,68810861411;
260;nieurlet;980;95;160,526238842221;5646,84531826862;
261;monceau-saint-waast;512;86;274,222371751231;5578,28252649958;
262;ghyvelde;3266;198;177,084319498867;5676,50100520472;
263;villers-guislain;726;64;224,989388600096;5563,4491232852;
264;escautpont;4237;733;252,7104766482;5606,08125816072;
265;houplines;7611;672;205,417392132969;5637,58278087913;
266;vieux-conde;10494;948;235,845352085632;5613,48684027525;
267;forest-sur-marque;1446;1377;224,516643346265;5630,16607927194;
268;lesquin;6394;760;220,048914078413;5624,60633293971;
269;bambecque;729;61;178,82627286674;5659,82176620804;
270;saultain;2058;319;254,337616387423;5596,80760127857;
271;dimont;326;43;285,994327253397;5580,12836228188;
272;allennes-les-marais;3337;601;208,502436905962;5619,04658660748;
273;escarmain;434;67;252,501872575663;5585,68810861411;
274;capinghem;1620;870;209,161517566691;5632,0230345469;
275;saulzoir;1701;168;245,389143770714;5585,68810861411;
276;maing;3987;341;247,413059704437;5593,1048102213;
277;gravelines;11516;508;148,755140446781;5669,08430359753;
278;hautmont;14239;1160;279,669096473101;5587,54506388908;
279;thun-saint-amand;1136;306;244,185914787018;5611,64100449295;
280;masnieres;2626;239;229,352038213621;5572,72278016736;
281;raillencourt-sainte-olle;2358;332;225,55198853358;5581,0623996657;
282;abancourt-59;448;79;228,793013650129;5585,68810861411;
283;romeries;435;72;251,491656554904;5581,98531755685;
284;staple;681;68;172,366375362969;5643,14252721136;
285;aulnoye-aymeries;8642;997;272,844741878514;5581,98531755685;
286;noyelles-les-seclin;879;369;212,988528664544;5624,60633293971;
287;warneton;211;50;207,731051050454;5642,84230090942;
288;fontaine-au-bois;661;86;260,067883874665;5576,42557122462;
289;robersart;186;79;258,880121785846;5576,42557122462;
290;saint-remy-chaussee;492;95;275,409719007619;5578,28252649958;
291;baives;157;19;298,587318164067;5567,16303383513;
292;saint-andre-lez-lille;11336;3587;214,55876672387;5633,16834229134;
293;bazuel;566;47;255,584397524018;5570,86582489239;
294;raimbeaucourt;4126;372;218,387659579397;5607,92709394302;
295;wahagnies;2588;454;214,619249171822;5613,48684027525;
296;ribecourt-la-tour;373;42;222,299432157011;5570,86582489239;
297;lecluse;1442;290;215,601366710261;5589,40201916404;
298;longueville-59;2181;123;274,737242283816;5591,24785494634;
299;beaucamps-ligny;889;176;205,855106088595;5626,46328821467;
300;floursies;138;29;282,43423484783;5580,12836228188;
301;oost-cappel;528;132;182,267268336376;5661,678721483;
302;boeseghem;712;100;172,672907827087;5633,87998982186;
303;don;1365;588;206,073727998285;5620,90354188244;
304;houdain-lez-bavay;868;71;268,627028499081;5594,96176549627;
305;englos;563;417;209,235860032125;5630,16607927194;
306;villereau-59;944;171;260,708937710547;5587,54506388908;
307;hallennes-lez-haubourdin;3997;918;208,814990622808;5627,95330023171;
308;bruille-lez-marchiennes;1338;309;230,516314977555;5600,5215118285;
309;quievrechain;5998;1273;259,978941015234;5602,3673476108;
310;mairieux;774;119;282,827588772653;5594,96176549627;
311;wandignies-hamage;1254;199;235,079976969978;5604,22430288576;
312;chemy;645;185;210,858161049038;5619,04658660748;
313;preux-au-bois;837;209;259,97705373818;5578,28252649958;
314;tressin;1262;667;225,852201134686;5626,46328821467;
315;godewaersvelde;2026;170;186,237897659629;5648,70227354358;
316;maubeuge;31046;1647;281,842509665925;5591,24785494634;
317;faumont;2096;218;221,772478950611;5611,64100449295;
318;curgies;1091;179;255,520819738824;5596,80760127857;
319;sancourt-59;201;51;227,686553597551;5583,84227283181;
320;lieu-saint-amand;1260;246;238,109463355248;5589,40201916404;
321;fournes-en-weppes;2035;247;203,574210753692;5624,60633293971;
322;wavrechain-sous-faulx;440;115;233,370729647219;5589,40201916404;
323;cagnoncles;539;86;234,96609876744;5580,12836228188;
324;merville-59;8993;333;185,725769060393;5630,16607927194;
325;zegerscappel;1464;84;167,376842330101;5658,46518810298;
326;brunemont;635;325;222,709111885044;5589,40201916404;
327;tourcoing;91923;6051;221,771518069814;5639,43973615409;
328;wicres;382;137;202,469288750212;5622,76049715741;
329;montay;350;63;253,118826506404;5572,72278016736;
330;nomain;2464;128;229,868180892959;5615,34379555022;
331;bry;376;130;261,526748362294;5594,96176549627;
332;caudry;14393;1112;243,527780250017;5574,56861594966;
333;pont-sur-sambre;2586;228;272,749280156907;5583,84227283181;
334;sailly-lez-cambrai;450;137;225,393915672387;5581,98531755685;
335;bray-dunes;4666;544;175,793239968882;5680,20379626199;
336;neuville-en-ferrain;10132;1639;221,613911180961;5643,14252721136;
337;bersillies;264;93;284,011205471456;5594,96176549627;
338;jeumont;9772;957;291,213736507362;5593,1048102213;
339;bouvignies;1517;174;230,192646791955;5607,92709394302;
340;gruson;1145;365;227,028749944972;5626,46328821467;
341;moustier-en-fagne;61;8;298,379964361125;5570,86582489239;
342;bousignies;315;100;237,275497462477;5607,92709394302;
343;noordpeene;788;46;168,668284672871;5648,70227354358;
344;bollezeele;1403;79;163,74864505159;5656,11897515078;
345;terdeghem;554;62;178,038510670969;5648,70227354358;
346;lallaing;6525;1089;224,527299469194;5602,3673476108;
347;cassel;2287;180;174,524588073617;5648,70227354358;
348;coudekerque-branche;22474;2458;167,824797958003;5674,64404992976;
349;locquignol;346;3;264,541238765673;5581,98531755685;
350;caullery;466;186;240,214616381024;5569,00886961743;
351;premesques;2164;426;207,986219168879;5632,0230345469;
352;quievy;1742;253;243,357753478254;5578,28252649958;
353;annoeullin;9663;1072;207,324221440463;5619,04658660748;
354;beauvois-en-cambresis;2143;608;241,151426609327;5574,56861594966;
355;hondschoote;4106;173;180,839349162534;5669,08430359753;
356;blaringhem;2000;109;169,028975207729;5637,58278087913;
357;boussieres-en-cambresis;428;88;239,880203453238;5576,42557122462;
358;ecuelin;111;32;278,776628981413;5581,98531755685;
359;uxem;1324;160;173,714010565736;5672,79821414746;
360;willies;166;40;292,334419345425;5572,72278016736;
361;saint-pierre-brouck;984;111;153,112457387506;5659,82176620804;
362;estrees-59;967;166;217,818641301227;5593,1048102213;
363;hardifort;382;62;174,462209498399;5650,55922881855;
364;crevecur-sur-l-escaut;678;35;231,809320367663;5570,86582489239;
365;zermezeele;194;40;172,059478566942;5652,40506460085;
366;anneux;243;44;222,067334694699;5576,42557122462;
367;ebblinghem;657;71;168,908922386977;5641,28557193639;
368;nivelle;1283;216;245,375327231497;5612,28593506749;
369;fenain;5355;926;234,062719823364;5600,5215118285;
370;flesquieres;276;43;222,221930424709;5572,72278016736;
371;saint-waast;614;103;266,209254836992;5593,6385458692;
372;preux-au-sart;289;56;261,710445065456;5591,24785494634;
373;beugnies;581;65;286,093707517407;5578,28252649958;
374;estourmel;453;83;237,587608911832;5574,56861594966;
375;trelon;3090;78;292,639596797928;5567,16303383513;
376;ors;653;36;259,150694760444;5570,86582489239;
377;hestrud;291;47;294,197827202124;5581,98531755685;
378;erre;1448;246;235,245091198956;5600,5215118285;
379;buysscheure;513;83;163,982820281563;5648,70227354358;
380;fechain;1849;359;228,632706713709;5589,40201916404;
381;sailly-lez-lannoy;1776;400;227,291277750143;5631,68944976697;
382;croix-59;20676;4656;222,008024349111;5633,87998982186;
383;estreux;961;181;255,430995168558;5598,66455655353;
384;saint-sylvestre-cappel;1105;135;179,337729968172;5644,99948248632;
385;anzin;13412;3684;248,248339206598;5600,5215118285;
386;millam;783;62;157,957262497869;5654,26201987581;
387;escobecques;307;165;206,957477172615;5628,32024348964;
388;drincham;259;76;162,463318259683;5659,82176620804;
389;hantay;1046;500;202,61277315431;5619,04658660748;
390;lompret;2335;753;211,43621366582;5633,87998982186;
391;comines;12372;772;212,157941122778;5644,99948248632;
392;marly-59;11871;1476;251,883342457883;5598,66455655353;
393;pecquencourt;6154;641;228,072463623798;5602,3673476108;
394;cappelle-brouck;1148;65;155,833039560768;5660,04415606133;
395;boeschepe;2197;161;189,75182025698;5648,70227354358;
396;ronchin;18120;3343;218,794319849227;5626,46328821467;
397;thumeries;3916;557;215,798712957066;5613,48684027525;
398;oxelaere;510;108;174,586951822143;5646,84531826862;
399;raucourt-au-bois;176;169;259,704975197207;5583,84227283181;
400;bierne-59;1644;148;169,233229497689;5667,23846781523;
401;bondues;9930;760;218,32909297665;5637,58278087913;
402;avelin;2559;185;217,92604026619;5619,04658660748;
403;anstaing;1267;550;225,852201134686;5626,46328821467;
404;winnezeele;1215;78;179,082314426818;5652,40506460085;
405;oisy-59;564;219;243,605249622796;5598,66455655353;
406;sercus;411;82;172,550412191223;5637,58278087913;
407;assevent;1757;939;285,39514335698;5591,24785494634;
408;brouckerque;1281;107;159,95324678176;5665,38151254027;
409;villers-pol;1235;101;256,974073828542;5591,24785494634;
410;ochtezeele;341;61;168,607999257512;5650,55922881855;
411;sentinelle;3322;853;247,15290233347;5598,66455655353;
412;dunkerque;92005;2096;165,434486003949;5676,50100520472;
413;saint-martin-sur-ecaillon;526;99;251,22814730554;5587,54506388908;
414;clairfayts;368;48;293,318809728854;5576,42557122462;
415;douchy-les-mines;10425;1133;240,310285643281;5593,1048102213;
416;cauroir;572;101;235,047747215341;5578,28252649958;
417;bantigny;470;148;229,977994269033;5585,68810861411;
418;vendegies-au-bois;493;49;255,139718392827;5580,12836228188;
419;hordain;1472;260;235,740451888492;5589,40201916404;
420;roucourt;394;123;223,580717271471;5596,80760127857;
421;inchy;729;186;247,177307685903;5572,72278016736;
422;bouvines;709;261;224,755366995297;5624,60633293971;
423;ferriere-la-grande;5464;545;284,409491675604;5587,54506388908;
424;gussignies;350;101;266,167520561275;5596,80760127857;
425;wallers-en-fagne;299;38;297,398202143908;5567,16303383513;
426;escaudain;9149;917;237,776318368073;5596,80760127857;
427;rainsars;211;34;285,502045656515;5567,16303383513;
428;quarouble;3091;251;256,43377686063;5602,3673476108;
429;verchain-maugre;903;93;247,586219996786;5589,40201916404;
430;escaudoeuvres;3415;514;232,511610780257;5581,98531755685;
431;fontaine-au-pire;1192;157;239,963962552522;5574,56861594966;
432;steene;1272;123;166,958508692292;5665,38151254027;
433;honnechy;528;80;246,245514378744;5567,16303383513;
434;flines-lez-raches;5443;283;225,482814732691;5607,19320742717;
435;paillencourt;991;131;233,452554075815;5587,54506388908;
436;toufflers;3989;1669;227,881017577369;5633,87998982186;
437;cobrieux;527;185;228,446950443038;5620,90354188244;
438;briastre;720;104;248,105717972004;5578,28252649958;
439;moeuvres;447;60;218,504760942992;5576,42557122462;
440;abscon;4228;581;234,227418093922;5596,80760127857;
441;etroeungt;1390;55;280,841178412032;5565,30607856016;
442;saint-amand-les-eaux;16697;493;243,177636926223;5607,92709394302;
443;douai;42197;2499;217,513066969913;5600,5215118285;
444;bruille-saint-amand;1614;204;247,724841088279;5611,64100449295;
445;doignies;296;39;213,903233667384;5572,72278016736;
446;erquinghem-lys;4535;503;200,793377955292;5635,72582560416;
447;orchies;8178;748;228,850331553133;5611,64100449295;
448;villers-plouich;414;37;223,56561942369;5569,00886961743;
449;beuvry-la-foret;2737;218;232,680897318906;5610,84040102111;
450;maisnil-59;609;173;203,429788893891;5628,32024348964;
451;cantaing-sur-escaut;423;65;225,629908446407;5576,42557122462;
452;cartignies;1249;47;274,60488720477;5570,86582489239;
453;lynde;691;76;170,142404626596;5639,43973615409;
454;ledringhem;673;96;170,827620246195;5654,26201987581;
455;neuville-saint-remy;3744;1579;230,219071553856;5580,12836228188;
456;wallers;5577;266;241,155529514981;5600,5215118285;
457;grand-fort-philippe;5434;1736;147,535103274501;5670,9412588725;
458;monchaux-sur-ecaillon;551;121;246,316172755377;5591,24785494634;
459;bertry;2210;258;246,16027900404;5569,00886961743;
460;nieppe;7587;440;199,547860968881;5637,58278087913;
461;gorgue;5956;396;190,427928312464;5630,16607927194;
462;berthen;506;97;189,819625228941;5646,84531826862;
463;bachy;1448;225;230,802547096572;5620,90354188244;
464;tilloy-lez-marchiennes;556;101;234,914783333992;5607,92709394302;
465;chateau-l-abbaye;868;196;245,279647294057;5613,48684027525;
466;hon-hergies;830;75;272,082117758174;5596,80760127857;
467;bousignies-sur-roc;432;35;297,340436220271;5589,40201916404;
468;phalempin;4457;562;213,289609106814;5617,20075082518;
469;ghissignies;483;106;257,243928869922;5585,68810861411;
470;felleries;1606;82;287,380711799508;5576,42557122462;
471;blecourt-59;360;100;228,872658237699;5583,84227283181;
472;maulde;957;184;242,834868155453;5615,34379555022;
473;saint-aubin-59;374;36;279,096464425763;5578,90521808879;
474;preseau;1870;294;253,243561554719;5594,96176549627;
475;berlaimont;3193;243;271,658933873543;5581,98531755685;
476;taisnieres-en-thierache;466;54;271,943367218608;5576,42557122462;
477;gonnelieu;329;66;224,911134330936;5565,30607856016;
478;raches;2740;562;222,00689096443;5606,08125816072;
479;sainte-marie-cappel;834;110;176,930872675896;5646,84531826862;
480;thiant;2560;305;245,045705109854;5593,1048102213;
481;boursies;339;44;215,017238670055;5574,56861594966;
482;strazeele;773;164;185,396060850408;5639,43973615409;
483;armentieres;25375;4040;203,141603670116;5635,72582560416;
484;vertain;467;80;251,403665757136;5583,84227283181;
485;wasquehal;20046;2922;222,008024349111;5633,87998982186;
486;erquinghem-le-sec;534;305;206,957477172615;5628,32024348964;
487;illies;1419;179;200,114526574261;5622,76049715741;
488;mouvaux;13566;3253;220,676482869847;5637,58278087913;
489;vieux-reng;853;73;287,460922206177;5596,80760127857;
490;seclin;12295;705;214,316196672588;5620,90354188244;
491;vieux-mesnil;577;96;274,929412294327;5587,54506388908;
492;neuville-en-avesnois;291;91;255,050504108839;5581,98531755685;
493;merckeghem;574;53;160,23974050205;5656,11897515078;
494;sepmeries;587;97;253,421440137487;5591,24785494634;
495;saint-python;991;133;248,019533581692;5580,12836228188;
496;awoingt;693;109;233,942105523892;5576,42557122462;
497;merris;1065;105;187,743318759121;5639,43973615409;
498;hornaing;3426;382;236,426753293579;5600,5215118285;
499;anhiers;968;566;223,266688412001;5604,22430288576;
500;sars-et-rosieres;528;203;236,011495230827;5609,78404921799;
501;zuydcoote;1669;641;174,691472487811;5678,35796047969;
502;marcoing;1830;121;226,974860276798;5572,72278016736;
503;lambersart;28504;4627;213,861301081877;5632,0230345469;
504;querenaing;945;218;249,868806446432;5591,24785494634;
505;bailleul-59;14480;333;192,368260344998;5641,28557193639;
506;aubigny-au-bac;1217;235;225,078834126317;5589,40201916404;
507;willems;3015;519;228,043086463162;5630,16607927194;
508;villers-au-tertre;608;133;226,104737520971;5593,1048102213;
509;gondecourt;3967;482;210,783508229976;5620,90354188244;
510;boussois;3259;518;287,763328975437;5591,24785494634;
511;maroilles;1436;64;267,286327312138;5574,56861594966;
512;saint-souplet;1290;101;252,281034370008;5565,30607856016;
513;cambrai;32584;1792;230,29907045569;5578,28252649958;
514;sequedin;4385;1115;210,48516545134;5628,32024348964;
515;floyon;513;29;278,558290647738;5563,4491232852;
516;marcq-en-baroeul;38947;2774;217,309206894078;5633,87998982186;
517;ecaillon;2002;500;228,232560896901;5598,66455655353;
518;haverskerque;1472;160;178,672882826598;5630,16607927194;
519;montigny-en-ostrevent;4872;898;226,04429846699;5600,5215118285;
520;estaires;5992;467;191,603644447637;5630,16607927194;
521;neuf-mesnil;1254;1036;277,202061816557;5589,40201916404;
522;cysoing;4563;335;227,189347585925;5622,76049715741;
523;jenlain;1054;178;256,793701623112;5594,96176549627;
524;sains-du-nord;3004;187;285,303778914047;5570,86582489239;
525;famars;2519;532;249,693421486326;5594,96176549627;
526;troisvilles;823;97;247,26351281199;5570,86582489239;
527;thun-saint-martin;531;88;234,801758397475;5583,84227283181;
528;vieux-berquin;2504;96;185,462113034904;5637,58278087913;
529;naves-59;605;116;234,883938559711;5581,98531755685;
530;lambres-lez-douai;5092;577;217,654149666807;5599,00926082613;
531;gognies-chaussee;789;99;280,363121657877;5596,80760127857;
532;denain;20351;1766;240,142015290821;5596,80760127857;
533;villers-outreaux;2182;307;235,703169009625;5563,4491232852;
534;coudekerque-village;1167;97;169,111883827669;5670,9412588725;
535;guesnain;4660;1150;223,502120772488;5598,66455655353;
536;bettrechies;247;73;266,26050512949;5594,96176549627;
537;maurois;422;200;246,245514378744;5567,16303383513;
538;moncheaux;1448;291;218,310615387635;5609,78404921799;
539;cappelle-en-pevele;2119;261;223,895158061794;5617,20075082518;
540;sainghin-en-melantois;2493;237;223,579106785347;5624,60633293971;
541;brillon;735;256;236,094786255701;5607,92709394302;
542;lederzeele;592;68;160,411542893606;5650,55922881855;
543;bois-grenier;1521;209;203,285730615663;5632,0230345469;
544;capelle-59;161;31;252,501872575663;5585,68810861411;
545;hem;17369;1799;225,612169945903;5632,0230345469;
546;bourghelles;1563;238;229,54340347448;5622,76049715741;
547;herzeele;1518;88;177,720949823401;5657,96481093308;
548;semeries;540;40;285,204311556512;5572,72278016736;
549;chapelle-d-armentieres;8259;798;204,316068796613;5635,72582560416;
550;cattenieres;676;125;237,587608911832;5574,56861594966;
551;steenbecque;1743;145;175,021964160914;5633,87998982186;
552;aulnoy-lez-valenciennes;7280;1189;250,562378854717;5596,59633091794;
553;merignies;2485;288;220,437927182664;5615,34379555022;
554;vendeville;1634;635;216,595036656334;5622,76049715741;
555;raismes;12754;382;246,979533093132;5602,3673476108;
556;leers;9286;1719;228,974904685859;5635,72582560416;
557;cuincy;6626;945;216,255013430841;5602,3673476108;
558;haubourdin;14455;2722;210,559889753482;5626,46328821467;
559;noyelles-sur-sambre;314;48;270,755605129788;5576,42557122462;
560;flers-en-escrebieux;5624;790;216,178857033842;5604,22430288576;
561;forest-en-cambresis;549;61;254,515224631884;5575,41369739216;
562;petit-fayt;295;36;273,415883706146;5570,86582489239;
563;malincourt;508;49;237,400274305015;5565,00585225822;
564;marchiennes;4742;221;232,599170086711;5605,12498179158;
565;grande-synthe;20991;979;159,723601673987;5672,79821414746;
566;teteghem;7072;384;170,216408342799;5672,79821414746;
567;killem;964;80;179,737346495315;5667,23846781523;
568;bermerain;651;97;251,22814730554;5587,54506388908;
569;mecquignies;652;136;270,000160520163;5591,24785494634;
570;haynecourt;594;100;225,315055837737;5583,84227283181;
571;rouvignies;659;202;243,690915564972;5596,80760127857;
572;masny;4361;612;227,049773483163;5598,66455655353;
573;bouchain;4053;327;235,658271682213;5591,24785494634;
574;obies;704;129;268,909455521137;5589,40201916404;
575;doulieu;1402;119;191,399770557826;5635,72582560416;
576;lecelles;2653;163;240,646988485757;5611,64100449295;
577;grand-fayt;515;58;272,227593466969;5570,86582489239;
578;glageon;1833;155;290,36170242844;5565,30607856016;
579;prisches;996;43;268,754938584391;5569,00886961743;
580;wemaers-cappel;250;60;172,182207270223;5648,70227354358;
581;faches-thumesnil;17407;3767;216,518721371479;5624,60633293971;
582;saint-hilaire-lez-cambrai;1643;256;242,995734467879;5580,13948177455;
583;wambrechies;9745;629;214,884141320575;5635,72582560416;
584;beaurain;228;225;252,854394731655;5578,28252649958;
585;craywick;597;77;156,394397428724;5667,23846781523;
586;ennetieres-en-weppes;1190;113;208,060143896951;5630,16607927194;
587;west-cappel;586;77;175,19446402126;5663,5245572653;
588;oudezeele;668;71;176,741603234721;5652,40506460085;
589;somain;12506;1015;232,880348447771;5600,5215118285;
590;lez-fontaine;215;47;289,232920011889;5579,49455120001;
591;cappelle-la-grande;8173;1496;164,446501588972;5670,9412588725;
592;rosult;1863;228;237,191789898771;5609,78404921799;
593;feignies;7222;384;278,192220821046;5593,1048102213;
594;avesnes-le-sec;1358;130;240,562791367705;5587,54506388908;
595;quesnoy;4994;350;258,33838459743;5587,54506388908;
596;honnecourt-sur-escaut;743;47;228,247357609642;5563,82718603579;
597;verlinghem;2385;236;211,361450479255;5635,72582560416;
598;lewarde;2739;702;224,684908186227;5598,66455655353;
599;hergnies;4276;397;248,904719117119;5611,64100449295;
600;ostricourt;5225;687;214,770439418997;5609,78404921799;
601;beaudignies;571;72;254,872545086352;5585,68810861411;
602;saint-hilaire-sur-helpe;780;50;277,977780404624;5574,56861594966;
603;sommaing;338;93;248,771081117423;5589,40201916404;
604;steenwerck;3471;126;196,026423985387;5637,58278087913;
605;gommegnies;2265;143;264,171432587626;5589,40201916404;
606;rumilly-en-cambresis;1449;215;229,272509460036;5574,56861594966;
607;eccles;100;28;291,825499422671;5581,98531755685;
608;moeres;808;41;178,377713369801;5672,79821414746;
609;saint-benin;355;76;251,004119724724;5567,16303383513;
610;banteux;323;52;228,401636525212;5567,16303383513;
611;auchy-lez-orchies;1478;189;226,411764413971;5613,48684027525;
612;templemars;3158;685;215,417655568358;5622,76049715741;
613;linselles;8257;705;217,000811526433;5641,28557193639;
614;houplin-ancoisne;3431;529;211,886218591828;5622,76049715741;
615;auby;7535;1058;216,102682271421;5606,08125816072;
616;wavrechain-sous-denain;1638;691;242,508421993625;5596,80760127857;
617;sars-poteries;1473;186;286,093707517407;5578,28252649958;
618;fontaine-notre-dame-59;1717;163;225,55110596194;5578,28252649958;
619;pitgam;918;39;163,514599493891;5663,5245572653;
620;dechy;5135;553;221,137255475553;5598,66455655353;
621;esquelbecq;2145;168;170,705639941806;5657,96481093308;
622;vred;1348;394;229,17297829942;5604,22430288576;
623;looberghe;1180;60;158,899903507697;5661,678721483;
624;reumont;379;136;248,538401351636;5569,00886961743;
625;camphin-en-pevele;1977;306;229,462525950724;5624,60633293971;
626;boulogne-sur-helpe;328;37;278,268141482828;5569,00886961743;
627;bettignies;262;56;281,546325009278;5596,80760127857;
628;villers-sire-nicole;995;117;285,095225283429;5596,80760127857;
629;bellignies;894;172;267,350723912677;5596,80760127857;
630;neuville-59;680;172;215,722446684162;5615,34379555022;
631;recquignies;2347;380;287,763328975437;5591,24785494634;
632;hargnies-59;583;113;273,744135737769;5587,54506388908;
633;damousies;229;45;285,794296637087;5583,84227283181;
634;aubers;1528;150;199,973067825293;5626,46328821467;
635;cuvillers;201;71;230,058051357366;5583,84227283181;
636;bantouzelle;409;54;228,481152336189;5565,30607856016;
637;poix-du-nord;2107;243;256,237023883321;5581,98531755685;
638;avesnes-sur-helpe;4976;2154;280,450668693644;5572,72278016736;
639;bethencourt;749;145;244,715244306822;5574,56861594966;
640;bachant;2398;255;275,121489437201;5583,84227283181;
641;lesdain;408;48;232,998323866287;5570,86582489239;
642;wavrin;7641;563;206,000725726742;5622,76049715741;
643;niergnies;497;114;231,567293861003;5576,42557122462;
644;erchin;766;145;224,842441007574;5594,96176549627;
645;feron;548;40;286,89146905027;5563,4491232852;
646;beaurepaire-sur-sambre;255;32;271,321368399224;5565,30607856016;
647;beuvrages;6652;2217;248,161490822277;5602,3673476108;
648;marbaix;472;71;274,413962707128;5574,56861594966;
649;choisies;67;26;288,165794396901;5583,84227283181;
650;eringhem;470;40;164,800682837976;5659,82176620804;
