895
110.33859
224.95562
5563.44912
5669.08430
17
73636
1;marquion;956;116;219,385244157481;5583,84227283181;
2;estree-wamin;172;33;170,526417170629;5591,24785494634;
3;campagne-les-guines;450;78;133,433881337629;5652,40506460085;
4;boiry-sainte-rictrude;385;66;195,736615466425;5581,98531755685;
5;lieres;374;115;170,746843572161;5620,90354188244;
6;lacres;242;29;123,512922495531;5626,46328821467;
7;vimy;4345;383;199,781042740871;5600,5215118285;
8;eterpigny-62;232;66;212,047494122869;5589,40201916404;
9;hesdin;2272;2443;144,220227302557;5600,5215118285;
10;royon;121;16;141,557052050445;5611,64100449295;
11;hendecourt-les-cagnicourt;326;36;209,898541597743;5583,84227283181;
12;denier;65;20;174,079050861684;5591,24785494634;
13;berlencourt-le-cauroy;300;40;172,894602789087;5591,24785494634;
14;fresnes-les-montauban;489;98;208,045217411459;5596,78536229324;
15;contes-62;316;44;139,394253364835;5604,22430288576;
16;marant;72;18;129,760395117821;5611,64100449295;
17;moringhem;495;49;150,033944891372;5644,99948248632;
18;wail;276;30;151,419508437063;5596,80760127857;
19;ablainzevelle;200;46;194,753794255106;5576,42557122462;
20;vaulx-vraucourt;1069;75;207,889603275065;5574,56861594966;
21;favreuil;251;50;203,208071984015;5572,72278016736;
22;noeux-les-auxi;173;27;155,294341817076;5585,68810861411;
23;souastre;359;49;182,879023425914;5576,42557122462;
24;epinoy;531;65;224,955616287227;5585,32116535619;
25;oblinghem;219;172;183,699799015844;5620,90354188244;
26;duisans;1177;109;190,590867215195;5593,1048102213;
27;rocquigny-62;287;76;208,251288307622;5565,30607856016;
28;souchez;2523;373;194,984028503218;5602,3673476108;
29;gommecourt-62;114;34;188,882337967244;5574,56861594966;
30;guinecourt;19;8;158,46158456661;5598,66455655353;
31;velu;123;39;211,600540447734;5570,86582489239;
32;anvin;789;100;159,307918588727;5609,78404921799;
33;wierre-effroy;788;41;121,859278147437;5646,84531826862;
34;roussent;203;40;126,488203073515;5600,5215118285;
35;gonnehem;2372;154;181,280666891029;5622,76049715741;
36;bouvelinghem;245;39;143,10315798213;5641,28557193639;
37;buire-le-sec;793;59;129,989115991201;5602,3673476108;
38;nielles-les-ardres;519;115;141,627423935345;5652,40506460085;
39;marquise;5174;384;119,430666140738;5650,55922881855;
40;famechon-62;119;25;175,815243997608;5574,56861594966;
41;carency;710;82;191,438864348614;5602,3673476108;
42;attaques;1979;95;135,580469851551;5659,82176620804;
43;beaurainville;1950;148;134,621343054328;5606,08125816072;
44;haucourt-62;257;42;209,752000110758;5587,54506388908;
45;beaumerie-saint-martin;376;40;127,446334870981;5609,78404921799;
46;saint-martin-sur-cojeul;210;61;202,186100649403;5585,51019673148;
47;aix-en-issart;274;27;130,894301301827;5613,48684027525;
48;douchy-les-ayette;314;57;193,499140432576;5578,28252649958;
49;divion;7129;650;176,946315063056;5611,64100449295;
50;hamelincourt;261;39;200,552109519783;5580,12836228188;
51;croix-en-ternois;308;46;161,777552825538;5602,37846710346;
52;helfaut;1688;189;158,464664257246;5637,58278087913;
53;airon-saint-vaast;200;33;118,047747270384;5607,92709394302;
54;bienvillers-au-bois;613;82;186,37648142605;5578,28252649958;
55;willerval;651;160;202,216204508442;5598,66455655353;
56;acquin-westbecourt;684;47;147,050997254603;5640,65176085452;
57;marquay-62;168;48;171,349837150135;5602,3673476108;
58;wierre-au-bois;218;56;124,556953836978;5632,0230345469;
59;sains-les-pernes;272;64;166,27113949151;5613,48684027525;
60;widehem;267;37;117,673325577321;5624,60633293971;
61;neuville-saint-vaast;1449;115;196,303686500832;5598,66455655353;
62;bonnieres-62;648;27;159,980339067527;5587,54506388908;
63;saint-venant;3120;219;179,912102214947;5628,32024348964;
64;auchy-les-mines;4467;875;196,791617152445;5617,20075082518;
65;ledinghem;313;36;139,832307818377;5632,0230345469;
66;essars;1628;437;188,410285785223;5620,90354188244;
67;herlin-le-sec;176;45;165,556889987959;5598,66455655353;
68;affringues;217;77;145,604789620654;5635,72582560416;
69;lespesses;417;134;170,686355961438;5622,76049715741;
70;sailly-sur-la-lys;4090;421;195,060756945072;5632,0230345469;
71;thelus;1218;135;198,668551797767;5598,66455655353;
72;pont-a-vendin;3109;1546;204,077847444305;5611,64100449295;
73;wismes;522;43;145,708094769406;5632,0230345469;
74;grenay-62;6715;2085;193,529383607167;5609,78404921799;
75;becourt;276;45;135,180554577278;5630,16607927194;
76;bergueneuse;211;75;159,251683556751;5611,64100449295;
77;vis-en-artois;652;101;208,5667235542;5587,54506388908;
78;labeuvriere;1697;277;181,472962241871;5617,20075082518;
79;lottinghen;529;52;136,210477685019;5635,72582560416;
80;canlers;187;51;152,120404215637;5613,48684027525;
81;conteville-en-ternois;87;37;164,620272104839;5607,83813800171;
82;saint-denoeux;137;33;134,479199447923;5611,64100449295;
83;witternesse;577;105;166,977480372176;5628,32024348964;
84;mericourt-62;11956;1587;203,184735768263;5604,22430288576;
85;balinghem;1126;194;136,847277432082;5656,11897515078;
86;corbehem;2221;854;216,482916723171;5596,80760127857;
87;airon-notre-dame;197;39;118,047747270384;5607,92709394302;
88;lattre-saint-quentin;240;31;183,552503862251;5591,24785494634;
89;vitry-en-artois;4446;236;211,750813097619;5596,80760127857;
90;sombrin;239;36;177,818220123706;5585,68810861411;
91;parenty;485;37;127,086937449631;5624,60633293971;
92;queant;625;69;212,41860952602;5580,12836228188;
93;gauchin-verloingt;883;149;164,259508840927;5602,3673476108;
94;graincourt-les-havrincourt;637;55;221,576989127357;5575,84735760607;
95;sempy;297;37;132,073765087071;5613,48684027525;
96;nedonchel;241;61;167,332230301897;5617,20075082518;
97;couturelle;100;47;177,94237769675;5581,98531755685;
98;neuville-bourjonval;170;53;215,645612775464;5567,35206521042;
99;bouquehault;702;87;133,48133274553;5650,55922881855;
100;bus;127;39;211,821306312875;5565,30607856016;
101;zouafques;571;145;144,019332699125;5650,55922881855;
102;bernieulles;192;33;124,8218938182;5620,90354188244;
103;saulty;719;56;180,069999667781;5583,38637363257;
104;tramecourt;56;25;152,173830954228;5611,64100449295;
105;ruyaulcourt;279;43;215,241834453078;5569,00886961743;
106;azincourt;307;36;150,993952925388;5611,64100449295;
107;questrecques;338;57;123,337791305062;5633,87998982186;
108;beugin;446;88;178,189093099863;5609,78404921799;
109;lechelle-62;61;16;213,010836312226;5565,30607856016;
110;fleury-62;132;48;159,420011511704;5606,08125816072;
111;riencourt-les-cagnicourt;283;59;209,972005682165;5581,98531755685;
112;maisoncelle;121;28;151,664372032324;5608,86113132684;
113;hallines;1291;225;156,061673320576;5639,43973615409;
114;marenla;216;21;132,166805507564;5609,78404921799;
115;anzin-saint-aubin;2697;525;195,257703761626;5594,96176549627;
116;ecques;2004;159;160,926216583192;5633,87998982186;
117;bullecourt;247;38;207,672294330918;5580,12836228188;
118;bouret-sur-canche;240;49;165,18844966607;5589,64664800266;
119;pommier;240;41;185,124805089498;5580,12836228188;
120;hesdin-l-abbe;1887;255;118,638973850028;5633,87998982186;
121;leubringhen;329;41;120,515775027652;5654,26201987581;
122;saint-etienne-au-mont;5070;360;113,940861182374;5633,87998982186;
123;cagnicourt;425;45;213,456143997704;5583,84227283181;
124;leulinghen-bernes;413;59;120,55891635572;5652,40506460085;
125;ergny;223;24;140,030742028876;5624,60633293971;
126;serques;1149;110;154,612594283465;5648,70227354358;
127;biefvillers-les-bapaume;110;27;200,83160705797;5572,72278016736;
128;meurchin;3758;809;203,93409908126;5615,34379555022;
129;herliere;159;29;181,437722398049;5583,84227283181;
130;bajus;321;109;175,95222097216;5606,08125816072;
131;achiet-le-petit;339;46;196,077964195102;5572,72278016736;
132;acq;552;113;188,025593665744;5598,66455655353;
133;boisjean;489;38;125,260503444111;5604,93595041629;
134;campagne-les-boulonnais;615;46;139,931399876851;5628,32024348964;
135;aubin-saint-vaast;748;111;140,575086072436;5604,22430288576;
136;enquin-sur-baillons;236;47;129,485787043652;5622,76049715741;
137;frevillers;244;48;178,377325944708;5604,22430288576;
138;campigneulles-les-grandes;315;58;121,589172605645;5607,92709394302;
139;preures;562;35;131,840549219603;5622,76049715741;
140;rebergues;243;51;138,362358953098;5643,14252721136;
141;rumaucourt;702;127;218,047513959206;5587,54506388908;
142;zoteux;520;70;132,876023319402;5628,32024348964;
143;nordausques;957;161;146,360876288813;5650,55922881855;
144;cambrin;973;549;193,324798424662;5615,34379555022;
145;sibiville;96;13;164,547835842564;5593,1048102213;
146;calonne-sur-la-lys;1609;146;184,615921765798;5628,32024348964;
147;hulluch;3088;537;199,289757647469;5613,48684027525;
148;febvin-palfart;533;36;163,739437459978;5619,04658660748;
149;houvin-houvigneul;238;27;169,28254503173;5593,1048102213;
150;matringhem;187;41;153,083401359099;5620,90354188244;
151;fremicourt;286;50;206,773125878471;5572,72278016736;
152;fruges;2586;136;150,834238347528;5617,20075082518;
153;bourthes;728;32;136,452136256163;5626,46328821467;
154;vieil-hesdin;373;37;148,949003523959;5600,5215118285;
155;behagnies;126;41;201,94943193688;5574,56861594966;
156;cormont;299;30;122,422913090591;5622,76049715741;
157;beaumetz-les-loges;965;193;188,487313331128;5585,68810861411;
158;douriez;307;34;133,675007066311;5596,80760127857;
159;saint-omer-capelle;1125;105;147,163349777858;5663,5245572653;
160;oignies;9877;1789;211,155700046827;5611,64100449295;
161;gaudiempre;181;28;180,377777875914;5580,12836228188;
162;verchin;228;21;154,478624249361;5613,48684027525;
163;reclinghem;188;31;154,205845879365;5622,76049715741;
164;avondance;44;20;148,582720396669;5613,48684027525;
165;verquigneul;2028;572;188,61002521287;5615,34379555022;
166;hezecques;115;23;154,315127311828;5619,04658660748;
167;audruicq;4892;338;146,152055356225;5657,96481093308;
168;warlus-62;366;67;189,474033698501;5591,24785494634;
169;cuinchy;1758;423;194,435064174649;5617,20075082518;
170;nuncq-hautecote;402;60;162,179770970574;5593,1048102213;
171;boisdinghem;231;73;147,742607453974;5643,14252721136;
172;sainte-austreberthe-62;410;110;145,40259867815;5600,5215118285;
173;herbelles;491;107;156,28366523562;5632,0230345469;
174;gouy-en-ternois;172;30;171,590339981676;5594,96176549627;
175;maninghen-henne;328;82;117,214437021982;5644,99948248632;
176;sars-le-bois;66;27;172,833932062307;5593,1048102213;
177;rinxent;2748;327;121,815749113345;5648,70227354358;
178;heninel;204;38;203,89846283281;5585,68810861411;
179;marck;9589;303;136,602607255382;5665,38151254027;
180;achiet-le-grand;1068;210;198,385614239385;5574,56861594966;
181;lievin;31873;2484;196,027805888483;5606,08125816072;
182;fontaine-les-croisilles;280;44;207,527043837928;5583,84227283181;
183;quiery-la-motte;740;82;211,60191937292;5600,5215118285;
184;rebreuviette;271;32;168,216872728049;5589,40201916404;
185;hermaville;538;85;183,423666857644;5594,96176549627;
186;martinpuich;197;33;197,609965637533;5563,4491232852;
187;beauvois;139;51;158,405846685792;5600,5215118285;
188;clerques;266;41;140,556903894059;5648,70227354358;
189;selles-62;323;50;133,814605372785;5637,58278087913;
190;adinfer;237;38;192,244989900632;5580,12836228188;
191;ligny-les-aire;622;77;166,036356802782;5620,90354188244;
192;ponchel;223;47;148,129706573134;5587,54506388908;
193;ecquedecques;486;184;173,040411849993;5622,76049715741;
194;amplier;318;36;171,063249479768;5574,56861594966;
195;sericourt;54;22;164,547835842564;5593,1048102213;
196;attin;695;103;123,81893366389;5613,48684027525;
197;auchel;11031;1838;174,464291004072;5615,34379555022;
198;izel-les-equerchin;929;93;209,237885902704;5600,5215118285;
199;hericourt-62;106;21;159,644371980349;5598,66455655353;
200;hesmond;179;21;138,066862776897;5609,78404921799;
201;mont-saint-eloi;1005;63;191,573246376418;5598,66455655353;
202;boiry-saint-martin;289;82;196,923135240907;5581,98531755685;
203;bours-62;582;49;171,108741162586;5609,78404921799;
204;inchy-en-artois;605;54;217,241099699027;5578,28252649958;
205;henin-beaumont;26278;1268;207,836223274501;5606,08125816072;
206;bailleulval;273;69;187,366822557825;5583,84227283181;
207;heuchin;566;69;160,431561585591;5611,64100449295;
208;ligny-thilloy;577;56;202,160377771165;5569,00886961743;
209;gavrelle;566;62;204,653012549318;5596,80760127857;
210;pas-en-artois;810;74;178,128687585387;5576,42557122462;
211;saint-tricat;668;90;128,613780652239;5657,96481093308;
212;quilen;58;14;136,64542926895;5619,04658660748;
213;souich;179;35;168,393417438349;5583,84227283181;
214;marles-sur-canche;286;56;129,806216171676;5609,78404921799;
215;bellonne;239;117;216,634608865233;5593,1048102213;
216;thieuloye;460;113;172,409554049678;5606,08125816072;
217;wavrans-sur-ternoise;219;45;161,781553282231;5606,08125816072;
218;camblain-l-abbe;646;115;186,77708545226;5600,5215118285;
219;hestrus;245;31;165,20797585806;5609,78404921799;
220;agnez-les-duisans;675;92;189,407545056607;5593,1048102213;
221;bremes;1296;178;138,06658197186;5654,26201987581;
222;puisieux-62;660;56;192,512910300646;5572,72278016736;
223;bailleulmont;257;47;186,181429438158;5583,84227283181;
224;andres;1515;211;134,508241659359;5656,11897515078;
225;galametz;180;42;151,419508437063;5596,80760127857;
226;tilly-capelle;158;25;155,767742620088;5609,78404921799;
227;saudemont;439;79;216,862237402648;5587,54506388908;
228;bancourt;78;17;205,65623621406;5570,86582489239;
229;buneville;173;45;166,85658321448;5594,96176549627;
230;maisnil-62;255;49;167,951815508766;5597,74163866238;
231;couin;103;17;180,566525751909;5574,56861594966;
232;guînes;5644;213;130,999337109818;5656,11897515078;
233;sains-les-marquion;338;53;218,276220564517;5581,98531755685;
234;autingues;298;100;139,286010459663;5652,40506460085;
235;berles-monchel;476;57;179,747500830656;5598,66455655353;
236;rely;457;94;167,154918984907;5622,76049715741;
237;beussent;511;32;127,176783934046;5620,90354188244;
238;ferfay;942;242;170,86741328689;5617,20075082518;
239;guarbecque;1402;256;175,208282664095;5628,32024348964;
240;eps;257;37;162,848094557365;5609,78404921799;
241;gouy-saint-andre;638;47;134,763384140724;5600,5215118285;
242;hersin-coupigny;6225;517;187,629326337834;5609,78404921799;
243;wambercourt;251;41;142,83772461721;5607,92709394302;
244;bailleul-aux-cornailles;265;38;173,773837444618;5600,5215118285;
245;pittefaux;118;48;118,386110191107;5644,99948248632;
246;dury-62;336;63;214,492395313261;5587,54506388908;
247;maninghem;147;37;137,823644734449;5619,04658660748;
248;bazinghen;423;32;117,047498425782;5652,40506460085;
249;bouvigny-boyeffles;2470;272;188,942472043518;5606,08125816072;
250;saint-omer-62;14506;884;158,295650843543;5643,14252721136;
251;bouin-plumoison;456;73;141,202340740482;5602,13383826484;
252;samer;3633;216;123,425509091412;5630,16607927194;
253;enguinegatte;456;51;160,264658372183;5627,36396712049;
254;senlecques;252;125;136,307117662973;5632,0230345469;
255;waben;432;48;116,990417101931;5602,3673476108;
256;gouy-servins;322;96;187,795402327701;5604,56900715836;
257;auchy-les-hesdin;1698;176;148,844458941334;5604,22430288576;
258;lespinoy;218;55;132,213448611427;5607,92709394302;
259;harnes;12373;1149;205,330206181026;5609,78404921799;
260;frevin-capelle;392;109;186,842806252005;5598,66455655353;
261;rang-du-fliers;4057;387;116,908008441917;5606,08125816072;
262;siracourt;248;78;160,770589436977;5600,5215118285;
263;annay-62;4267;985;204,077847444305;5611,64100449295;
264;drouvin-le-marais;540;254;185,981715891964;5614,66550649768;
265;wissant;1056;82;116,922065203573;5657,96481093308;
266;mondicourt;636;125;175,692492916262;5578,28252649958;
267;maizieres-62;168;24;173,956863351267;5594,96176549627;
268;louches;930;72;140,456717197504;5652,40506460085;
269;fontaine-les-boulans;87;15;160,318556795275;5615,34379555022;
270;capelle-les-hesdin;463;83;141,956010966013;5596,80760127857;
271;biache-saint-vaast;3907;420;209,531834804078;5593,1048102213;
272;saint-martin-au-laert;3729;754;157,122855954849;5643,14252721136;
273;beaudricourt;99;21;171,83097156192;5587,54506388908;
274;campigneulles-les-petites;584;94;122,725864234399;5609,78404921799;
275;guigny;165;45;141,956010966013;5596,80760127857;
276;coullemont;106;26;176,755857922268;5581,98531755685;
277;muncq-nieurlet;679;59;148,597066138384;5654,26201987581;
278;sorrus;645;94;121,503372271719;5611,64100449295;
279;inghem;356;111;158,577160249365;5633,87998982186;
280;aubrometz;142;52;155,076996909419;5593,1048102213;
281;bonningues-les-ardres;683;64;141,779090226092;5646,84531826862;
282;mencas;74;36;150,727804705565;5620,90354188244;
283;pihem;990;138;156,172862144616;5635,72582560416;
284;lefaux;264;32;116,578718606209;5620,90354188244;
285;tubersent;503;72;120,196221489783;5617,20075082518;
286;courcelles-le-comte;443;55;198,247104926326;5578,28252649958;
287;coulomby;666;64;140,857479339774;5637,58278087913;
288;haut-loquin;160;29;138,450023815487;5642,04169743757;
289;vincly;164;35;153,029171078785;5622,76049715741;
290;gouves;189;71;187,039480184618;5593,1048102213;
291;hannescamps;189;59;187,563116416537;5578,28252649958;
292;audembert;415;55;119,30275468438;5656,11897515078;
293;hebuterne;534;48;187,759267437777;5572,72278016736;
294;senlis-62;178;36;151,959403168752;5619,04658660748;
295;sars;162;31;198,661602184287;5567,16303383513;
296;mory;338;45;203,066703847341;5576,42557122462;
297;wingles;8255;1392;201,647977681193;5613,48684027525;
298;beaumetz-les-aire;224;50;157,849066920404;5619,04658660748;
299;haisnes;4482;803;197,970247159642;5617,20075082518;
300;journy;273;81;139,534450305567;5643,14252721136;
301;mametz-62;2022;212;164,567110359008;5630,16607927194;
302;escoeuilles;449;75;136,065286216006;5641,28557193639;
303;equirre;53;12;158,07180552791;5611,64100449295;
304;sanghen;274;44;133,576773309255;5646,84531826862;
305;rouvroy-62;8778;1367;205,619520967029;5602,3673476108;
306;saint-inglevert;726;110;121,641790457103;5656,11897515078;
307;eperlecques;3225;126;151,098671686114;5648,70227354358;
308;camiers;2780;172;114,18336433695;5622,76049715741;
309;foufflin-ricametz;122;40;169,104542698633;5598,66455655353;
310;bayenghem-les-seninghem;331;99;146,726306216466;5637,58278087913;
311;lozinghem;1225;569;176,759149249681;5617,20075082518;
312;racquinghem;2312;434;166,681585314532;5637,58278087913;
313;cucq;5167;392;114,38534599223;5613,48684027525;
314;wisques;242;64;154,88804436622;5639,43973615409;
315;merlimont;3089;143;114,465925664372;5609,78404921799;
316;saint-leonard-62;3581;1053;113,900572048765;5635,72582560416;
317;planques;109;17;147,455026624127;5611,64100449295;
318;nedon;163;33;167,273377068553;5619,04658660748;
319;henu;163;37;180,503499248275;5576,42557122462;
320;locon;2317;243;188,34354084409;5622,76049715741;
321;fillievres;527;25;153,83963963971;5594,96176549627;
322;saint-martin-choquel;468;75;132,73472142775;5633,87998982186;
323;arras;41611;3577;197,76303862647;5591,24785494634;
324;brunembert;377;61;133,76694740719;5639,43973615409;
325;fouquereuil;1234;613;183,829515219668;5617,20075082518;
326;burbure;2983;539;174,341256285705;5619,04658660748;
327;berles-au-bois;512;57;187,432400584073;5581,98531755685;
328;thievres-62;121;96;174,627067177264;5574,56861594966;
329;ternas;134;53;170,347213159216;5596,80760127857;
330;recques-sur-hem;565;104;146,308846319538;5652,40506460085;
331;fresnicourt-le-dolmen;835;105;184,218679969081;5606,08125816072;
332;brias;308;39;168,926411585071;5604,22430288576;
333;gomiecourt;155;42;199,57379105973;5574,56861594966;
334;wacquinghen;232;93;117,172842511229;5646,84531826862;
335;delettes;1136;77;155,218284263875;5628,32024348964;
336;enquin-les-mines;1078;97;161,211898270482;5624,60633293971;
337;mingoval;206;54;182,049018511828;5600,5215118285;
338;trescault;194;41;219,998079148269;5569,00886961743;
339;beaumetz-les-cambrai;584;58;212,714644698972;5572,72278016736;
340;rumilly-62;257;36;142,38467452586;5624,60633293971;
341;fleurbaix;2651;206;199,760540460258;5632,0230345469;
342;crepy-62;149;21;155,658088034605;5613,48684027525;
343;warlincourt-les-pas;153;29;178,066475163137;5578,28252649958;
344;beaulencourt;223;45;204,61003730554;5567,16303383513;
345;tortequesne;709;210;215,526207081744;5591,24785494634;
346;drocourt-62;2983;877;206,801478696174;5602,3673476108;
347;norrent-fontes;1436;251;169,449249932842;5624,60633293971;
348;rebreuve-ranchicourt;1095;102;180,972521614033;5608,33851517161;
349;ruitz;1532;308;182,844289636738;5611,64100449295;
350;arleux-en-gohelle;825;131;203,327447586679;5600,5215118285;
351;metz-en-couture;642;59;218,885139588366;5567,16303383513;
352;bertincourt;936;123;212,862998597427;5569,00886961743;
353;wittes;874;222;169,148970932656;5633,87998982186;
354;fampoux;1119;129;204,796415337506;5593,1048102213;
355;ames;621;176;170,746843572161;5620,90354188244;
356;guemps;967;60;140,205591027981;5661,678721483;
357;humeroeuille;145;44;157,113831810232;5604,22430288576;
358;caffiers;719;150;126,411045477754;5652,40506460085;
359;camblain-chatelain;1690;168;174,525970914691;5613,48684027525;
360;audrehem;484;52;139,435169372339;5646,84531826862;
361;saint-folquin;2214;123;149,39165276364;5667,23846781523;
362;tatinghem;1775;316;154,777969713687;5643,14252721136;
363;ramecourt-62;311;38;164,316994282785;5600,5215118285;
364;boubers-sur-canche;605;65;158,684068024867;5591,24785494634;
365;cheriennes;154;33;144,372126105319;5594,96176549627;
366;desvres;5179;549;129,210784533319;5633,87998982186;
367;ecoust-saint-mein;501;59;207,672294330918;5580,12836228188;
368;henin-sur-cojeul;493;72;201,52707904924;5585,68810861411;
369;pierremont;266;43;160,657747499311;5604,22430288576;
370;oye-plage;5427;160;143,504959019248;5669,08430359753;
371;brimeux;787;73;129,806216171676;5609,78404921799;
372;saint-martin-d-hardinghem;303;45;148,215506994637;5626,46328821467;
373;merck-saint-lievin;591;49;149,339038978553;5628,32024348964;
374;hinges;2217;266;184,81210386756;5622,76049715741;
375;berneville;441;78;189,540108252399;5589,40201916404;
376;verquin;3318;896;186,251931320263;5615,34379555022;
377;villers-sir-simon;127;51;177,50700341966;5594,96176549627;
378;hocquinghen;109;56;135,968240580143;5644,99948248632;
379;clety;672;109;153,933068439996;5632,0230345469;
380;mont-bernanchon;1394;122;182,825926570015;5624,58409395438;
381;sangatte;4673;327;122,636124814882;5663,5245572653;
382;sallaumines;9956;2606;203,113139733448;5606,08125816072;
383;saint-georges-62;308;31;147,818626434587;5598,66455655353;
384;noyelles-sous-lens;6896;1853;203,041955316645;5607,92709394302;
385;morchies;177;26;210,265244152215;5574,56861594966;
386;maresquel-ecquemicourt;887;112;136,549285476304;5605,3696106302;
387;hucqueliers;519;68;134,194605108158;5622,76049715741;
388;vermelles;4445;427;193,393146258012;5613,48684027525;
389;huclier;117;35;166,44699075726;5607,92709394302;
390;noeux-les-mines;12206;1380;188,676706190564;5613,48684027525;
391;boisleux-saint-marc;225;66;199,225734397857;5583,84227283181;
392;oppy;363;74;204,581069805377;5598,66455655353;
393;givenchy-en-gohelle;2057;345;196,165986232363;5602,3673476108;
394;hautecloque;220;32;163,249412610916;5596,80760127857;
395;alette;356;25;128,445217466967;5617,20075082518;
396;izel-les-hameau;695;81;179,873526789251;5594,96176549627;
397;hubersent;251;31;122,379778494205;5624,60633293971;
398;fiefs;399;36;163,854990347474;5615,34379555022;
399;montenescourt;438;86;185,856158026029;5593,1048102213;
400;predefin;197;51;159,139509848972;5615,34379555022;
401;montigny-en-gohelle;10047;2870;207,763383573614;5607,92709394302;
402;guemappe;361;79;205,011604908255;5587,54506388908;
403;licques;1562;85;135,919991127359;5646,84531826862;
404;hauteville-62;317;78;182,432363077616;5589,40201916404;
405;marles-les-mines;5744;1262;178,000724556272;5615,34379555022;
406;fresnoy-en-gohelle;253;84;204,509109681303;5600,5215118285;
407;condette;2575;158;116,331275128356;5632,0230345469;
408;cambligneul;324;69;185,530493768551;5602,3673476108;
409;coulogne;5686;620;132,026697875364;5661,678721483;
410;erin;197;30;157,003425958253;5607,92709394302;
411;saint-floris;523;129;181,088233487073;5628,32024348964;
412;tilloy-les-hermaville;236;82;180,993913981667;5596,80760127857;
413;annezin;5683;931;184,943075111432;5619,04658660748;
414;quoeux-haut-maînil;251;20;149,158255284259;5593,1048102213;
415;fresnoy;74;30;151,313036994175;5600,5215118285;
416;bavincourt;368;48;182,560276417965;5585,68810861411;
417;crequy;489;23;145,0450365777;5613,48684027525;
418;menneville-62;711;134;131,51402625537;5635,72582560416;
419;surques;501;73;134,89277677977;5641,28557193639;
420;comte;827;124;177,071266763043;5607,92709394302;
421;vieille-eglise;1359;64;145,995153091765;5663,5245572653;
422;sachin;303;51;168,629359525234;5613,48684027525;
423;rebecques;446;92;162,158747148618;5632,0230345469;
424;tardinghen;154;17;114,623981358022;5656,11897515078;
425;laires;346;40;159,027282385903;5619,04658660748;
426;tilques;1107;151;154,722747423521;5644,99948248632;
427;villers-les-cagnicourt;255;57;214,102497940972;5584,48720340635;
428;avroult;546;114;151,637054026592;5630,16607927194;
429;wast;202;217;126,636520674835;5643,14252721136;
430;quiestede;661;233;164,392004415586;5635,72582560416;
431;brevillers-62;150;49;143,088895840715;5598,66455655353;
432;heuringhem;1311;226;160,812054150443;5637,58278087913;
433;rodelinghem;543;124;135,774592529725;5652,40506460085;
434;neuville-sous-montreuil;663;75;125,04229857298;5611,64100449295;
435;beuvry;8817;523;189,721251182458;5617,20075082518;
436;saulchoy-62;304;57;131,263150294953;5598,66455655353;
437;givenchy-les-la-bassee;919;236;194,935564980788;5618,53508994492;
438;auchy-au-bois;464;108;167,214155129549;5620,90354188244;
439;hermelinghen;347;53;130,015136102005;5648,70227354358;
440;cherisy-62;290;46;207,454827235284;5585,68810861411;
441;dainville;5569;496;193,026667389556;5591,24785494634;
442;alincthun;339;34;126,681691790233;5641,28557193639;
443;monchy-au-bois;504;45;189,871832303081;5580,12836228188;
444;nielles-les-blequin;875;68;142,132356337817;5633,87998982186;
445;amettes;502;73;169,62910121163;5619,04658660748;
446;loison-sous-lens;5299;1492;203,041955316645;5607,92709394302;
447;fauquembergues;978;137;147,038958184351;5626,46328821467;
448;audresselles;710;124;111,234209776832;5650,55922881855;
449;ham-en-artois;1001;312;174,156408888268;5624,60633293971;
450;linzeux;165;35;156,096719269674;5598,66455655353;
451;peuplingues;697;66;123,848505750702;5661,678721483;
452;valhuon;576;62;167,627701964036;5607,92709394302;
453;bourecq;571;142;171,863030762018;5622,76049715741;
454;hardinghen;1122;136;127,67275529861;5648,70227354358;
455;richebourg-62;2418;139;193,432567463722;5624,15043374047;
456;arques-62;9991;445;160,69783739744;5641,28557193639;
457;neuville-au-cornet;83;36;167,981516236468;5596,80760127857;
458;huby-saint-leu;937;75;144,169772609617;5602,3673476108;
459;wamin;251;34;146,430468973731;5606,08125816072;
460;pelves;709;107;207,237202153775;5591,24785494634;
461;vendin-les-bethune;2371;653;184,943075111432;5619,04658660748;
462;boyelles;275;64;200,481982794842;5581,98531755685;
463;calais;73636;2198;128,429568184364;5665,38151254027;
464;embry;243;20;139,149132725008;5613,48684027525;
465;carly;568;90;119,856465283761;5632,0230345469;
466;ambricourt;131;38;154,532879226649;5611,64100449295;
467;sus-saint-leger;350;47;173,076163829447;5585,68810861411;
468;averdoingt;268;32;173,834982823046;5598,66455655353;
469;ambrines;226;48;175,140480050069;5594,96176549627;
470;thiembronne;747;32;144,635219427702;5628,32024348964;
471;gennes-ivergny;124;11;144,523914962426;5589,40201916404;
472;dohem;777;84;153,987781008315;5630,16607927194;
473;beutin;493;164;121,460713630166;5613,48684027525;
474;estree-blanche;943;177;163,565830767465;5624,60633293971;
475;blessy;854;158;164,625217827922;5628,32024348964;
476;labroye;179;21;140,920899569594;5591,24785494634;
477;busnes;1261;132;177,686601595202;5624,60633293971;
478;bayenghem-les-eperlecques;922;204;148,756290882719;5648,70227354358;
479;tincques;875;81;176,199848119982;5598,66455655353;
480;wimereux;7442;965;113,698010944174;5644,99948248632;
481;robecq;1282;121;181,152521589489;5626,46328821467;
482;boulogne-sur-mer;43070;5115;113,819479402516;5639,43973615409;
483;blairville;298;64;193,296634238081;5583,84227283181;
484;etaples;11279;870;116,661038504789;5617,20075082518;
485;acheville;608;200;204,437563237884;5602,3673476108;
486;libercourt;8580;1300;213,440492923342;5613,48684027525;
487;etaing;448;87;213,232355243505;5589,40201916404;
488;pernes;1629;355;170,988287095722;5613,48684027525;
489;ransart;384;51;190,924424957787;5583,84227283181;
490;fortel-en-artois;219;37;158,795062510969;5587,54506388908;
491;marconnelle;1208;217;143,038565207934;5600,5215118285;
492;hendecourt-les-ransart;119;53;194,550095691944;5581,98531755685;
493;bermicourt;155;28;158,238886359749;5606,08125816072;
494;quercamps;278;140;144,224926324117;5643,14252721136;
495;troisvaux;295;47;166,564037386731;5604,22430288576;
496;oisy-le-verger;1267;111;221,602632605151;5587,54506388908;
497;ervillers;393;55;201,808434429588;5578,28252649958;
498;remy-62;284;79;210,937276667316;5587,54506388908;
499;vaulx-62;84;17;149,043045759365;5589,50209459802;
500;boffles;47;14;156,425220421582;5587,54506388908;
501;beauvoir-wavans;389;40;153,841866600468;5583,99794572912;
502;clenleu;183;25;133,111489660375;5619,04658660748;
503;buissy;245;35;215,903181015554;5581,98531755685;
504;avesnes;36;12;138,95264758865;5620,90354188244;
505;avesnes-le-comte;2089;222;179,999870171196;5591,24785494634;
506;montcavrel;376;39;127,26658745977;5617,20075082518;
507;marest;262;82;171,048340489375;5611,64100449295;
508;frencq;777;39;120,068857202036;5622,76049715741;
509;hesdigneul-les-bethune;810;312;183,894544714367;5615,34379555022;
510;blangy-sur-ternoise;773;66;153,515802818695;5606,08125816072;
511;lillers;10055;373;175,394467738548;5622,76049715741;
512;inxent;165;43;126,043610443223;5619,04658660748;
513;fontaine-l-etalon;122;30;146,790900689676;5593,1048102213;
514;maresville;83;33;122,509670834648;5619,04658660748;
515;echinghen;376;64;116,207420455314;5637,58278087913;
516;warluzel;249;61;175,447547613017;5585,68810861411;
517;bethune;25655;2711;186,120583789009;5619,04658660748;
518;verlincthun;381;54;118,723349839341;5630,16607927194;
519;lignereuil;151;51;175,263498934282;5591,24785494634;
520;polincove;787;165;147,426778331344;5654,26201987581;
521;alquines;865;82;140,707245194261;5643,14252721136;
522;moyenneville-62;291;44;196,992017114216;5580,12836228188;
523;vacqueriette-erquieres;245;41;147,485047225384;5595,7957274461;
524;frevent;3784;248;162,293277899384;5589,40201916404;
525;isbergues;9289;646;172,856725657498;5628,32024348964;
526;herly-62;324;19;140,129739377728;5620,90354188244;
527;bimont;128;18;134,24216081927;5620,90354188244;
528;halloy-62;236;69;172,131163412999;5578,28252649958;
529;manin;185;45;178,753383964874;5593,1048102213;
530;avesnes-les-bapaume;133;43;202,089938977634;5570,86582489239;
531;touquet-paris-plage;4495;293;111,947225512599;5617,20075082518;
532;roellecourt;608;64;169,045061223217;5600,5215118285;
533;nortkerque;1632;123;142,644400415428;5657,96481093308;
534;roclincourt;790;133;197,624227131217;5594,96176549627;
535;longvilliers-62;250;22;121,289205375588;5620,90354188244;
536;saint-pol-sur-ternoise;5185;629;165,440757537241;5602,3673476108;
537;coupelle-vieille;553;37;148,425463560176;5619,04658660748;
538;longueville-62;129;36;132,546350332944;5641,28557193639;
539;coquelles;2291;261;126,140014095307;5663,5245572653;
540;basseux;139;41;188,487313331128;5585,68810861411;
541;givenchy-le-noble;138;54;177,569351528879;5593,1048102213;
542;monts-en-ternois;53;15;169,223106584071;5594,96176549627;
543;offekerque;1107;82;141,273015371134;5665,38151254027;
544;dieval;774;64;173,529841427782;5607,92709394302;
545;bucquoy;1490;71;192,446155664739;5574,56861594966;
546;madelaine-sous-montreuil;176;71;123,778620870801;5611,86339434624;
547;annequin;2366;592;192,146458765069;5615,34379555022;
548;baincthun;1347;50;118,512587146813;5639,43973615409;
549;lebiez;256;26;140,377174021605;5611,64100449295;
550;maisnil-les-ruitz;1494;268;182,908855701251;5609,78404921799;
551;elnes;915;144;150,301241050303;5635,72582560416;
552;pihen-les-guînes;483;52;125,150695006644;5656,11897515078;
553;hames-boucres;1431;111;129,783232809501;5657,96481093308;
554;ablain-saint-nazaire;1791;181;192,620822077759;5602,3673476108;
555;gauchin-legal;341;56;183,037554817125;5606,08125816072;
556;campagne-les-wardrecques;1139;242;164,274963891378;5639,43973615409;
557;ruminghem;1577;113;150,882895630245;5656,11897515078;
558;courcelles-les-lens;6122;1101;213,741140500895;5606,08125816072;
559;blangerval-blangermont;96;20;158,572686378891;5594,96176549627;
560;monchiet;96;35;187,301621439344;5585,68810861411;
561;quesques;600;43;136,161995265983;5637,58278087913;
562;tournehem-sur-la-hem;1413;77;143,934447538172;5649,41392107411;
563;leforest;7139;1147;217,207656657688;5607,92709394302;
564;riencourt-les-bapaume;36;10;205,727918046586;5569,00886961743;
565;lorgies;1601;234;196,583089597731;5622,76049715741;
566;marconne;1116;266;145,40259867815;5600,5215118285;
567;carvin;17152;815;209,902809104374;5613,48684027525;
568;saint-michel-sous-bois;123;21;136,693506407554;5617,20075082518;
569;labourse;2306;493;190,967411818766;5615,34379555022;
570;cavron-saint-martin;485;40;141,706676899293;5606,08125816072;
571;loos-en-gohelle;6778;533;197,069559575805;5609,78404921799;
572;sailly-au-bois;284;30;184,194213543321;5572,72278016736;
573;cauchy-a-la-tour;2973;949;173,285244057769;5615,34379555022;
574;fouquieres-les-bethune;1095;452;185,008145226865;5617,20075082518;
575;bournonville;221;25;130,293168389291;5637,58278087913;
576;colembert;767;77;128,981406915997;5643,14252721136;
577;courset;479;46;129,256737352163;5632,0230345469;
578;capelle-fermont;194;65;185,660728368808;5598,66455655353;
579;framecourt;108;47;163,249412610916;5596,80760127857;
580;billy-berclau;4387;592;202,684060151833;5617,20075082518;
581;willeman;177;17;152,549066559;5598,66455655353;
582;herbinghen;380;88;134,796567411018;5644,99948248632;
583;brebieres;4902;453;214,117219800422;5596,80760127857;
584;moncheaux-les-frevent;136;34;168,028094505186;5594,71713665765;
585;aire-sur-la-lys;9861;295;169,269269611079;5630,16607927194;
586;tingry;326;28;122,292958483229;5628,32024348964;
587;portel;9569;2485;110,338593578622;5637,58278087913;
588;brexent-enocq;673;92;122,55277446758;5617,20075082518;
589;loge;192;282;144,119001761515;5604,22430288576;
590;sainte-marie-kerque;1520;82;149,606059880315;5659,82176620804;
591;loison-sur-crequoise;242;26;135,754873946688;5607,92709394302;
592;vieille-chapelle;766;224;190,630406174447;5624,60633293971;
593;eclimeux;162;26;154,750748828753;5604,22430288576;
594;nielles-les-calais;237;95;128,567674837169;5659,82176620804;
595;farbus;538;154;201,033417094703;5598,66455655353;
596;doudeauville-62;506;36;129,348335040678;5628,32024348964;
597;boiry-notre-dame;457;74;209,678482656113;5589,40201916404;
598;pernes-les-boulogne;473;60;119,601158415122;5643,14252721136;
599;clarques;290;41;160,983448750806;5632,0230345469;
600;humieres;210;30;155,987222802574;5602,3673476108;
601;bailleul-sir-berthoult;1257;134;202,287315626569;5596,80760127857;
602;agnieres;236;72;184,47794095507;5598,66455655353;
603;wancourt;658;73;203,827039375426;5587,54506388908;
604;rombly;40;34;168,212602040728;5626,46328821467;
605;hermies;1178;90;216,279698593429;5572,72278016736;
606;villers-au-bois;533;102;189,141828203445;5600,5215118285;
607;festubert;1306;170;193,120066016914;5620,90354188244;
608;lestrem;4241;200;189,319035778993;5628,32024348964;
609;esquerdes;1571;167;153,769180183454;5637,58278087913;
610;coupelle-neuve;215;47;149,709256138677;5615,34379555022;
611;agny;1958;323;196,647853427183;5589,40201916404;
612;tigny-noyelle;154;22;120,62019216293;5598,66455655353;
613;ardres;4223;312;139,236167746622;5654,26201987581;
614;barlin;7551;1221;185,26944503714;5609,78404921799;
615;gouy-en-artois;344;34;183,680893032584;5587,54506388908;
616;coyecques;580;41;154,09683946981;5626,46328821467;
617;blequin;435;50;139,78259521661;5633,87998982186;
618;offrethun;265;101;118,344099902457;5646,84531826862;
619;neuville-vitasse;495;70;200,271920729481;5587,54506388908;
620;sailly-labourse;2128;353;190,967411818766;5615,34379555022;
621;monchy-le-preux;624;67;206,124610068722;5589,40201916404;
622;bully-les-mines;12337;1610;192,417679310862;5607,92709394302;
623;haillicourt;4919;1102;182,844289636738;5611,64100449295;
624;bruay-la-buissiere;23408;1431;180,272811719344;5613,2533309293;
625;noyelles-les-vermelles;2243;886;192,214390009532;5613,48684027525;
626;dourges;5619;536;211,304808908875;5607,92709394302;
627;ferques;1851;206;124,070334285657;5652,40506460085;
628;grigny-62;299;139;146,533688067907;5602,3673476108;
629;villers-l-hopital;270;32;157,665725600646;5585,68810861411;
630;mouriez;253;16;138,358455716302;5598,66455655353;
631;erny-saint-julien;328;60;158,858671812039;5624,60633293971;
632;estevelles;1809;712;206,437603501986;5611,64100449295;
633;sapignies;178;53;201,94943193688;5574,56861594966;
634;magnicourt-en-comte;625;63;177,195784453969;5604,22430288576;
635;frethun;1135;143;127,353645526401;5661,678721483;
636;monchy-cayeux;291;46;160,544851293514;5607,92709394302;
637;laventie;4838;266;195,130087564535;5630,16607927194;
638;recques-sur-course;267;55;126,087957452573;5617,20075082518;
639;clairmarais;626;34;161,755599579135;5644,99948248632;
640;etrun;334;150;191,707563693233;5594,96176549627;
641;boursin;268;35;128,935388424529;5644,99948248632;
642;torcy-62;159;30;142,686816543976;5613,48684027525;
643;athies-62;1015;233;201,245028306928;5593,1048102213;
644;saint-nicolas;4843;1518;197,101980197056;5593,1048102213;
645;grand-rullecourt;397;37;176,570655740694;5587,54506388908;
646;habarcq;677;96;185,856158026029;5593,1048102213;
647;gosnay;1044;472;182,650885212471;5617,20075082518;
648;audincthun;658;43;150,948865107376;5624,828722793;
649;saint-leger-62;406;54;202,925267117334;5580,12836228188;
650;palluel;566;204;220,340100418289;5589,40201916404;
651;moulle;1004;186;153,495882352261;5646,84531826862;
652;servins;1050;165;187,761346891563;5606,08125816072;
653;wailly-beaucamp;992;69;122,812217134926;5606,08125816072;
654;noyelle-vion;253;47;181,120738559457;5593,1048102213;
655;beugnatre;138;34;205,58453691006;5572,72278016736;
656;quesnoy-en-artois;361;45;145,504911240164;5596,80760127857;
657;angres;3999;829;194,846680736528;5606,08125816072;
658;incourt;67;36;152,44205864797;5602,3673476108;
659;cauchie;208;94;183,873553030138;5581,98531755685;
660;willencourt;145;59;148,129706573134;5587,54506388908;
661;bihucourt;370;79;198,454429121147;5572,72278016736;
662;mercatel;615;106;199,156406538551;5585,68810861411;
663;evin-malmaison;4544;994;214,846234244136;5607,92709394302;
664;fressin;541;31;145,147214714173;5609,78404921799;
665;buire-au-bois;214;18;152,816521257845;5589,40201916404;
666;penin;429;46;176,261810356115;5596,80760127857;
667;ruisseauville;167;42;149,762184181913;5613,48684027525;
668;parcq;794;85;148,896894493366;5602,3673476108;
669;boiry-becquerelle;408;89;200,411839038005;5583,84227283181;
670;landrethun-les-ardres;697;122;138,165122458238;5650,55922881855;
671;remilly-wirquin;337;64;152,704167021108;5633,87998982186;
672;canteleux;17;4;164,188168623177;5583,68659993451;
673;noyelles-sous-bellonne;810;192;215,374927473183;5594,96176549627;
674;rollancourt;349;30;149,973135896213;5606,08125816072;
675;teneur;285;41;156,948037288033;5609,78404921799;
676;pommera;313;70;173,317798403486;5578,28252649958;
677;bailleul-les-pernes;383;109;168,510153272496;5617,20075082518;
678;liencourt;276;82;174,139756782196;5589,40201916404;
679;saint-hilaire-cottes;841;116;170,686355961438;5622,76049715741;
680;barastre;251;32;209,367928896406;5567,16303383513;
681;bethonsart;170;40;180,803371884802;5602,3673476108;
682;caumont-62;184;19;144,473533260648;5591,24785494634;
683;liettres;293;95;165,860210208285;5626,46328821467;
684;villers-au-flos;219;37;208,106753902236;5569,00886961743;
685;magnicourt-sur-canche;109;23;171,650609903719;5593,1048102213;
686;tilloy-les-mofflaines;1394;181;200,201726014575;5589,40201916404;
687;sauchy-cauchy;391;95;220,494592953396;5585,68810861411;
688;warlencourt-eaucourt;162;43;200,971673351394;5569,00886961743;
689;bourlon;1213;98;220,80242920229;5578,28252649958;
690;fiennes;886;76;128,75175666985;5652,40506460085;
691;barly-62;227;36;181,311050943197;5587,54506388908;
692;salperwick;504;126;157,066797046987;5644,99948248632;
693;aix-en-ergny;176;36;141,207708277368;5624,60633293971;
694;noreuil;137;28;207,744458445627;5578,28252649958;
695;croisette;315;41;159,644371980349;5598,66455655353;
696;saint-amand-62;144;26;182,815151922788;5578,28252649958;
697;hermin;207;49;180,676013046598;5606,08125816072;
698;lambres;1064;243;169,329037378773;5628,32024348964;
699;morval;94;39;204,752485910552;5563,4491232852;
700;avion;17271;1324;200,821652786785;5604,22430288576;
701;estreelles;350;110;126,132560932874;5615,34379555022;
702;wizernes;3310;537;157,234598238368;5639,43973615409;
703;houlle;983;150;152,270213480071;5648,70227354358;
704;bellebrune;339;63;125,50847856682;5641,28557193639;
705;dannes;1291;126;112,966166621895;5624,60633293971;
706;ostreville;259;66;170,10795307581;5604,22430288576;
707;lugy;146;51;154,369421332522;5617,20075082518;
708;outreau;14527;2048;111,511936381522;5637,58278087913;
709;baralle;482;60;217,013746397666;5583,84227283181;
710;hesdigneul-les-boulogne;692;208;117,506573526168;5632,0230345469;
711;riviere-62;1125;94;190,857985841818;5585,68810861411;
712;humbert;240;30;134,384474983576;5615,34379555022;
713;nabringhen;170;40;131,326996693385;5643,14252721136;
714;lapugnoy;3288;381;179,115702227477;5617,20075082518;
715;quelmes;561;56;150,141029748254;5641,28557193639;
716;montreuil-62;2282;800;124,87142550956;5611,38525616167;
717;renty;575;36;145,914867232794;5624,60633293971;
718;radinghem;288;58;150,727804705565;5620,90354188244;
719;henneveux;306;55;130,246764580685;5639,43973615409;
720;halinghen;310;56;119,983981852802;5626,46328821467;
721;orville-62;394;32;172,311175902319;5572,72278016736;
722;lisbourg;569;32;156,782123243076;5615,34379555022;
723;capelle-les-boulogne;1506;231;119,643820024109;5641,28557193639;
724;courrieres;10602;1228;207,69008748172;5609,78404921799;
725;croisilles-62;1419;122;205,226638353749;5581,98531755685;
726;boyaval;139;25;162,790609858012;5611,64100449295;
727;boubers-les-hesmond;72;41;138,018125749184;5611,64100449295;
728;houchin;708;157;185,139022371596;5613,48684027525;
729;noyelles-godault;5141;943;211,378890196984;5606,08125816072;
730;beugny;367;62;209,149590804516;5572,72278016736;
731;saint-aubin-62;260;57;117,985399772168;5610,70696710914;
732;lebucquiere;252;53;211,526768741339;5572,72278016736;
733;tangry;233;48;166,329536159273;5611,64100449295;
734;ayette;320;62;194,685775423063;5578,28252649958;
735;calotterie;645;68;121,460713630166;5613,48684027525;
736;mazinghem;444;85;169,389150851014;5626,46328821467;
737;fosseux;140;25;182,496327499756;5587,54506388908;
738;savy-berlette;965;128;180,930288244395;5598,66455655353;
739;caucourt;325;58;181,921241633787;5604,22430288576;
740;saint-laurent-blangy;6059;616;198,877673712345;5593,1048102213;
741;colline-beaumont;133;28;119,47940596971;5596,80760127857;
742;feuchy;1040;190;202,500120390122;5591,24785494634;
743;verton;2269;205;116,949217739619;5604,22430288576;
744;sarton;176;26;173,499051859952;5572,72278016736;
745;neuvireuil;479;110;206,946644632855;5598,66455655353;
746;hamblain-les-pres;490;100;210,715867240072;5593,1048102213;
747;ecuires;782;85;125,086453570287;5609,78404921799;
748;guisy;291;250;141,806566184158;5602,3673476108;
749;conchy-sur-canche;188;19;156,261029345414;5593,1048102213;
750;wimille;4231;190;114,8696841133;5644,99948248632;
751;raye-sur-authie;219;37;138,504094192526;5593,1048102213;
752;audinghen;589;44;112,325164442929;5654,26201987581;
753;grincourt-les-pas;42;15;178,066475163137;5578,28252649958;
754;wicquinghem;203;29;138,903423172663;5622,76049715741;
755;transloy;438;42;206,544621300179;5566,36243036329;
756;haute-avesnes;411;103;186,908511178566;5596,80760127857;
757;nouvelle-eglise;510;56;143,659460497433;5663,5245572653;
758;regnauville;219;52;143,18921943453;5594,96176549627;
759;tortefontaine;250;21;136,088939297744;5594,96176549627;
760;tollent;91;21;143,289795714789;5591,24785494634;
761;beuvrequen;398;83;117,130987506556;5648,70227354358;
762;rety;2073;113;124,158832701259;5648,70227354358;
763;hervelinghen;233;39;120,42972014437;5657,96481093308;
764;zutkerque;1713;104;145,086904749543;5654,26201987581;
765;zudausques;838;115;151,26028858383;5643,14252721136;
766;aumerval;198;57;169,688783279693;5617,20075082518;
767;saint-remy-au-bois;110;27;132,930471038699;5600,55487030649;
768;campagne-les-hesdin;1765;112;132,306421986676;5604,22430288576;
769;offin;209;39;138,066862776897;5609,78404921799;
770;estree-cauchy;370;95;185,465157322867;5604,22430288576;
771;cremarest;775;66;125,5976843155;5637,58278087913;
772;nort-leulinghem;203;58;147,584749088762;5648,70227354358;
773;roquetoire;1872;174;165,625034038226;5633,87998982186;
774;lagnicourt-marcel;347;41;210,191851350757;5576,42557122462;
775;saint-josse;1188;56;117,964445970458;5611,64100449295;
776;billy-montigny;8163;3012;205,474681503974;5606,08125816072;
777;douvrin;4978;519;200,326800137439;5617,20075082518;
778;rimboval;145;20;140,278295141672;5615,34379555022;
779;nesles;962;190;116,413713197907;5628,32024348964;
780;flers-62;192;34;159,756303077694;5594,96176549627;
781;sains-les-fressin;175;26;145,095978351706;5611,64100449295;
782;vacquerie-le-boucq;78;23;157,555254965874;5589,40201916404;
783;saint-michel-sur-ternoise;935;156;167,458544025738;5601,47778819764;
784;eleu-dit-leauwette;2887;2467;199,570472810965;5606,08125816072;
785;lepine;280;25;121,717538985679;5602,3673476108;
786;gouy-sous-bellonne;1224;223;216,558544171985;5594,96176549627;
787;bois-bernard;818;206;206,801478696174;5602,3673476108;
788;ligny-sur-canche;196;27;159,868516097465;5591,24785494634;
789;ouve-wirquin;534;101;150,407878284592;5632,0230345469;
790;sauchy-lestree;457;50;221,68028484518;5585,68810861411;
791;beaufort-blavincourt;430;53;177,631684552739;5591,24785494634;
792;fouquieres-les-lens;6538;1579;206,583380651905;5607,92709394302;
793;haravesnes;47;19;151,578800642758;5591,24785494634;
794;haplincourt;188;36;209,295458322006;5569,00886961743;
795;auxi-le-chateau;2898;107;150,552996795698;5585,68810861411;
796;mazingarbe;7496;728;191,102020268101;5611,64100449295;
797;villers-chatel;119;37;183,166578310261;5602,3673476108;
798;pronville;323;53;213,679770195764;5578,28252649958;
799;humbercamps;232;64;183,937870281482;5580,12836228188;
800;ytres;436;102;214,126534242386;5567,16303383513;
801;villers-brûlin;307;80;179,684275760643;5600,5215118285;
802;setques;644;165;151,367861539715;5639,43973615409;
803;seninghem;667;44;143,204869232971;5637,58278087913;
804;recourt;229;68;215,67696084609;5587,54506388908;
805;isques;1168;167;116,289917516201;5633,87998982186;
806;escalles;301;41;120,343365975002;5661,678721483;
807;couture-62;2645;195;191,807372422939;5624,60633293971;
808;lumbres;3763;380;150,24774319996;5637,58278087913;
809;conteville-les-boulogne;468;222;121,946044656284;5643,14252721136;
810;bezinghem;357;27;128,218411948547;5626,46328821467;
811;wardrecques;1174;315;165,448592845735;5639,43973615409;
812;bomy;600;41;157,737282855896;5622,76049715741;
813;ecoivres;112;50;162,686579524964;5595,88468338742;
814;wavrans-sur-l-aa;1328;115;150,301241050303;5635,72582560416;
815;equihen-plage;2904;762;110,377881207445;5635,72582560416;
816;maroeuil;2506;212;191,707563693233;5594,96176549627;
817;floringhem;858;184;172,106197111466;5615,34379555022;
818;ourton;774;146;175,828503763975;5609,78404921799;
819;chocques;2996;376;181,409135502856;5619,04658660748;
820;plouvain;460;190;207,164480209495;5593,1048102213;
821;conchil-le-temple;1045;62;118,213731287274;5600,5215118285;
822;allouagne;3066;392;176,696980428781;5619,04658660748;
823;havrincourt;388;23;219,844752487885;5572,72278016736;
824;boisleux-au-mont;502;107;198,108943245879;5581,98531755685;
825;neulette;20;14;153,624016377115;5602,3673476108;
826;grevillers;378;59;200,901648738457;5570,86582489239;
827;bonningues-les-calais;634;74;125,106125711441;5657,96481093308;
828;noyellette;184;91;184,672125590035;5593,1048102213;
829;neuve-chapelle;1345;723;196,513825339824;5624,60633293971;
830;mentque-nortbecourt;599;55;147,092739013492;5645,39978422224;
831;linghem;213;58;167,036759018571;5626,46328821467;
832;simencourt;530;104;188,355247131763;5589,40201916404;
833;monchel-sur-canche;85;16;157,445061781408;5593,1048102213;
834;longuenesse;10925;1300;157,178901514378;5641,28557193639;
835;belle-et-houllefort;539;58;123,118839544978;5643,14252721136;
836;ligny-saint-flochel;244;46;172,652195409307;5598,66455655353;
837;lens;35032;2994;200,680532903093;5607,92709394302;
838;blendecques;5184;542;159,581856147081;5639,43973615409;
839;pressy;291;67;169,808823310478;5613,48684027525;
840;ambleteuse;1912;350;112,445523115248;5648,70227354358;
841;therouanne;1072;128;158,689940260386;5630,16607927194;
842;vendin-le-vieil;7664;718;202,898677200725;5611,64100449295;
843;sailly-en-ostrevent;718;96;213,158021463287;5591,24785494634;
844;estree;303;67;126,132560932874;5615,34379555022;
845;ficheux;493;84;194,414350244292;5585,68810861411;
846;herlincourt;109;36;163,192024691023;5598,66455655353;
847;benifontaine;340;80;200,468513895949;5613,48684027525;
848;vieil-moutier;391;67;135,036717096691;5635,72582560416;
849;chelers;291;36;176,137870914834;5600,5215118285;
850;westrehem;216;72;166,036356802782;5620,90354188244;
851;vaudricourt-62;891;297;186,251931320263;5615,34379555022;
852;ecurie;418;139;196,37271842967;5596,80760127857;
853;houdain;7633;1211;179,368679732613;5609,78404921799;
854;aix-noulette;3843;368;191,304013814045;5606,08125816072;
855;beaurains;5083;848;197,832003773302;5589,40201916404;
856;verchocq;614;39;143,611534949774;5622,76049715741;
857;berck;15367;1032;112,873552616611;5605,15834026957;
858;fontaine-les-hermans;108;28;166,095161603054;5619,04658660748;
859;blingel;117;36;152,33467766674;5606,08125816072;
860;neufchatel-hardelot;3774;181;115,23758192578;5628,32024348964;
861;longfosse;1407;137;126,90684559457;5632,0230345469;
862;saint-martin-boulogne;11230;853;114,992404320308;5639,43973615409;
863;violaines;3713;370;196,722402614736;5619,04658660748;
864;flechin;509;46;161,325870033403;5620,90354188244;
865;vaudringhem;485;63;143,306532111041;5633,87998982186;
866;groffliers;1468;181;114,627210676472;5602,3673476108;
867;quernes;456;165;167,036759018571;5626,46328821467;
868;wirwignes;741;59;124,468644572728;5635,72582560416;
869;maintenay;389;32;128,8529458247;5600,5215118285;
870;canettemont;63;35;168,158231552172;5591,24785494634;
871;sains-en-gohelle;6450;1129;189,989207638528;5609,78404921799;
872;wailly;1037;105;193,787711852605;5586,62214599793;
873;nempont-saint-firmin;181;40;122,985057459866;5598,66455655353;
874;landrethun-le-nord;1199;155;125,195522191255;5654,26201987581;
875;rougefay;92;23;154,001382378482;5589,40201916404;
876;bapaume;4115;714;203,278942476258;5570,86582489239;
877;achicourt;7705;1297;196,647853427183;5589,40201916404;
878;rebreuve-sur-canche;219;26;167,032011607412;5589,40201916404;
879;ecourt-saint-quentin;1753;184;218,047513959206;5587,54506388908;
880;wanquetin;699;68;185,986235665008;5589,40201916404;
881;ivergny;263;35;170,705491318758;5585,68810861411;
882;bainghen;169;25;133,671882934548;5643,14252721136;
883;foncquevillers;471;50;187,694161146899;5574,56861594966;
884;sainte-catherine-62;3411;775;196,510319117762;5593,1048102213;
885;hernicourt;499;50;163,020121697651;5604,22430288576;
886;aubigny-en-artois;1384;220;183,804660207658;5598,76463198751;
887;leulinghem;230;48;152,48745619508;5641,28557193639;
888;dennebroeucq;374;100;151,85178999081;5622,76049715741;
889;monchy-breton;421;61;172,47032727415;5604,22430288576;
890;bealencourt;114;15;149,920575287732;5607,92709394302;
891;calonne-ricouart;5759;1249;175,704727163171;5613,48684027525;
892;alembon;604;67;132,404812882378;5646,84531826862;
893;noyelles-les-humieres;61;52;154,305424721759;5601,29987631501;
894;roeux;1392;285;205,73441709565;5592,83794239736;
895;oeuf-en-ternois;255;29;157,224184591168;5600,5215118285;
