745
6.01792
126.41995
5478.20709
5567.16303
24
175497
1;eslettes;1508;294;75,7485896412111;5509,70861523789;
2;rosay-76;274;26;89,8996776088948;5526,38785423457;
3;varengeville-sur-mer;1028;95;70,4051536692765;5550,48379483845;
4;biville-la-riviere;104;46;67,0099230871644;5535,65039162406;
5;neufbosc;366;71;98,1600713775846;5520,33885022511;
6;gaillarde;417;53;62,1593047424449;5541,21013795629;
7;ancourteville-sur-hericourt;263;75;47,7504595736068;5525,96531351332;
8;saint-riquier-es-plains;590;94;47,8312656313154;5539,36430217399;
9;rouville-76;575;60;35,9625014627534;5516,96964394778;
10;callengeville;494;28;109,048886224996;5538,68601312146;
11;richemont-76;483;45;118,423173393741;5537,50734689903;
12;bouelles;254;31;107,842531446658;5528,24480950953;
13;veauville-les-quelles;108;33;50,7223624052252;5530,74669535904;
14;freulleville;355;31;88,4571990372307;5541,21013795629;
15;foucarmont;984;135;112,326286762158;5543,06709323125;
16;campneuseville;505;41;119,454741229572;5544,92404850622;
17;torcy-le-petit-76;489;133;84,9002148891493;5539,36430217399;
18;malleville-les-gres;155;50;43,0333482704048;5541,21013795629;
19;cailly;713;131;88,9136250192034;5513,41140629515;
20;longueil;560;47;69,2598227644242;5546,76988428852;
21;sainte-beuve-en-riviere;191;16;110,125246575229;5533,80455584176;
22;fontaine-le-bourg;1426;116;84,1365627949571;5511,56557051285;
23;annouville-vilmesnil;489;84;31,1759074284578;5524,53089895961;
24;ernemont-la-villette;195;26;122,643688464788;5499,80114727386;
25;lanquetot;1040;204;38,4492150295272;5513,41140629515;
26;beuzeville-la-guerard;183;28;44,3352868930773;5528,24480950953;
27;fontaine-en-bray;159;26;101,921554039672;5524,53089895961;
28;saint-pierre-les-elbeuf;8445;1327;76,1869678920766;5478,20709251948;
29;ocqueville;463;51;49,0439165725246;5537,50734689903;
30;oherville;205;44;49,111444619748;5530,09064529183;
31;ourville-en-caux;1096;111;43,1222650916153;5530,09064529183;
32;tourville-les-ifs;562;67;28,7580083857753;5528,24480950953;
33;gremonville;392;47;59,974157728081;5522,68506317731;
34;tilleul;691;110;14,3888914199739;5524,53089895961;
35;saint-pierre-de-varengeville;2233;169;67,4009488155155;5504,14886890566;
36;pierrefiques;133;57;16,7870160084839;5524,53089895961;
37;caule-sainte-beuve;454;27;113,716295031048;5533,80455584176;
38;anglesqueville-la-bras-long;119;33;56,1641791052724;5535,31680684413;
39;villequier;754;67;48,1271442512105;5506,00582418062;
40;glicourt;213;46;89,467292421151;5552,32963062074;
41;notre-dame-du-bec;427;107;15,6146804079269;5515,26836157011;
42;mirville;337;62;32,4193321577847;5517,12531684508;
43;maneglise;1141;136;18,0292119440281;5511,56557051285;
44;sausseuzemare-en-caux;408;105;24,6698017535999;5522,59610723599;
45;duclair;4134;412;63,8119492173225;5502,29191363069;
46;octeville-sur-mer;5788;284;8,41653400730589;5509,70861523789;
47;haudricourt;465;15;122,17975109291;5530,09064529183;
48;treport;5255;776;97,5467701843473;5567,16303383513;
49;sainte-marguerite-sur-mer;511;94;67,8328808735617;5549,43856252799;
50;saint-laurent-de-brevedent;1397;179;18,0415434957861;5507,85165996292;
51;gommerville-76;719;97;26,4519124933085;5509,70861523789;
52;fontenay-76;1032;183;13,1830201254887;5510,88728146032;
53;saint-martin-de-boscherville;1421;110;69,8794751026936;5498,58912257343;
54;buchy-76;1415;385;98,5264153997671;5513,41140629515;
55;sainneville;810;116;20,4400715702984;5509,70861523789;
56;pleine-seve;120;29;53,8101469301564;5539,36430217399;
57;morgny-la-pommeraye;1036;159;90,2383503518445;5506,00582418062;
58;bracquemont;880;181;82,2813818297962;5554,18658589571;
59;quevreville-la-poterie;932;199;86,9237284161007;5487,46962990897;
60;touffreville-sur-eu;197;34;94,1086210401196;5559,74633222794;
61;saint-ouen-sous-bailly;226;42;93,1102636897476;5548,62683956348;
62;tourville-la-chapelle;536;69;90,6290068889982;5554,18658589571;
63;bures-en-bray;335;30;95,7282564206011;5535,65039162406;
64;auzouville-auberbosc;266;43;40,8104606413489;5518,97115262738;
65;tancarville;1346;181;33,7120099729097;5502,29191363069;
66;saint-martin-du-manoir;1549;301;16,838749874009;5507,85165996292;
67;melamare;772;121;32,474778292415;5507,85165996292;
68;saint-germain-d-etables;269;37;84,8710866813636;5541,21013795629;
69;saint-aubin-routot;1570;236;24,0635360302651;5506,00582418062;
70;bierville;273;122;91,4107275992295;5507,85165996292;
71;bellencombre;687;53;88,7007755083026;5526,38785423457;
72;belmesnil;498;164;75,4120175722055;5533,80455584176;
73;normanville-76;578;61;43,1518452522695;5526,38785423457;
74;gonnetot;155;66;64,6388722047476;5533,80455584176;
75;tremauville;101;36;37,18401665468;5522,68506317731;
76;aubeguimont;205;42;119,619606303119;5537,50734689903;
77;norville-76;895;76;45,7674658584944;5500,44607784839;
78;saint-honore-76;170;56;82,5658275773374;5535,65039162406;
79;avremesnil;963;177;66,9176215811785;5543,06709323125;
80;landes-vieilles-et-neuves;135;19;116,978938719306;5536,09517133064;
81;angerville-l-orcher;1470;148;20,4261342200108;5513,41140629515;
82;mesnieres-en-bray;979;65;99,3521012077706;5533,80455584176;
83;saint-leger-aux-bois-76;506;45;115,951205247192;5541,21013795629;
84;fallencourt;192;15;112,287471090338;5544,92404850622;
85;beautot;121;34;74,5442241518691;5520,06086290849;
86;vieux-manoir;683;84;93,7519021089462;5511,56557051285;
87;cleon;5606;866;74,9014003589175;5483,76683885171;
88;notre-dame-du-parc;169;56;81,42489683662;5531,9476005668;
89;petiville-76;1057;63;42,1542429679697;5500,44607784839;
90;berneval-le-grand;1327;238;84,6367497392486;5556,04354117067;
91;auffay;1857;164;79,1023731087447;5528,40048240684;
92;cliponville;259;35;47,9629953813988;5524,53089895961;
93;petit-quevilly;21898;5034;74,7239265164944;5496,73216729847;
94;canehan;324;52;96,524386504059;5557,88937695297;
95;heron;242;22;101,135957678759;5502,29191363069;
96;haussez;285;21;120,154112371187;5513,41140629515;
97;sotteville-sur-mer;357;44;59,7066992912202;5546,76988428852;
98;saint-maclou-de-folleville;591;44;79,1389028098565;5524,53089895961;
99;gerville;401;133;23,9732233891246;5526,38785423457;
100;bourdainville;438;82;68,3705671582392;5522,68506317731;
101;fresnoy-folny;708;53;102,695325032232;5546,76988428852;
102;ventes-saint-remy;228;37;93,4956647132506;5526,38785423457;
103;preuseville;127;14;108,703836020721;5544,92404850622;
104;bardouville;658;76;67,49277240322;5496,73216729847;
105;angiens;569;82;56,1824030011684;5541,21013795629;
106;etaimpuis;711;67;81,5926436900642;5520,82810790234;
107;rocquefort;337;62;50,3783126429131;5522,68506317731;
108;flamanville-76;431;96;60,0153239868162;5518,97115262738;
109;fultot;205;55;57,4765668157518;5531,9476005668;
110;esclavelles;387;39;99,48873682137;5526,38785423457;
111;gournay-en-bray;6396;615;125,215706802374;5502,29191363069;
112;ouville-l-abbaye;631;86;62,3304671154144;5526,38785423457;
113;houssaye-beranger;544;67;78,1841657541391;5518,70428480343;
114;sauchay;410;71;85,888600724305;5552,32963062074;
115;pretot-vicquemare;161;34;61,0898755464551;5530,09064529183;
116;greny;144;35;94,2064582729024;5554,18658589571;
117;angerville-bailleul;214;46;32,386058127587;5522,68506317731;
118;saussay-76;324;62;67,2171657459709;5518,97115262738;
119;criel-sur-mer;2789;132;94,0759274346726;5561,6032875029;
120;calleville-les-deux-eglises;326;57;73,5688225248313;5527,07726277977;
121;saint-martin-l-hortier;253;43;100,583991927566;5531,9476005668;
122;rocquemont-76;827;67;92,4865706725288;5515,26836157011;
123;houquetot;341;83;28,2217134507638;5516,19127946126;
124;bois-heroult;174;26;100,963586886557;5511,56557051285;
125;oissel;11516;518;79,7071295073615;5485,61267463401;
126;louvetot;685;92;51,4180841822259;5512,12154514607;
127;aubermesnil-beaumais;462;94;80,0624219769949;5543,06709323125;
128;hautot-sur-mer;1977;208;74,0104836757899;5548,62683956348;
129;auvilliers;112;22;113,716295031048;5533,80455584176;
130;virville;333;135;25,2323131333229;5513,41140629515;
131;bouville-76;922;73;64,9051629985012;5511,56557051285;
132;nullemont;132;23;117,307343486867;5533,80455584176;
133;sainte-marguerite-sur-duclair;1890;260;61,3620782392542;5506,00582418062;
134;goderville;2891;362;26,3977216555679;5520,82810790234;
135;lintot;460;57;40,8662377787463;5511,56557051285;
136;bradiancourt;226;54;99,5569017547443;5522,68506317731;
137;eu;7436;414;101,150748150034;5565,30607856016;
138;grugny;920;289;80,4482125347409;5517,12531684508;
139;menerval;191;15;120,194986683013;5511,56557051285;
140;saint-aubin-sur-scie;1129;145;76,4511203941679;5544,92404850622;
141;assigny-76;358;59;92,9494092261309;5557,88937695297;
142;cleville-76;162;29;44,4265162305435;5517,12531684508;
143;sainte-croix-sur-buchy;676;48;97,3577444977518;5511,56557051285;
144;darnetal;9567;1940;83,1324503351181;5498,58912257343;
145;saint-gilles-de-cretot;399;66;46,8759510544731;5511,56557051285;
146;rebets;142;38;99,8976298116182;5504,14886890566;
147;neuf-marche;692;39;124,062535941885;5495,66469600268;
148;roncherolles-sur-le-vivier;1091;203;85,5324111603258;5500,47943632639;
149;berville-sur-seine;554;79;65,0380120294458;5500,44607784839;
150;quincampoix;3081;151;85,3963986594742;5507,85165996292;
151;cailleville;259;51;52,5962906453013;5541,21013795629;
152;ry;799;139;97,5239591902322;5502,29191363069;
153;clais;227;18;104,068849346015;5537,50734689903;
154;roumare;1375;138;69,7843483356532;5506,00582418062;
155;carville-la-folletiere;396;90;58,8954497227744;5511,56557051285;
156;val-de-la-haye;720;70;72,3873962475431;5491,17242096624;
157;cottevrard;393;49;87,6226481311069;5518,97115262738;
158;arques-la-bataille;2549;173;81,2009046896241;5546,76988428852;
159;royville;269;60;68,2065532160613;5535,65039162406;
160;hautot-l-auvray;328;44;53,8657268372897;5533,80455584176;
161;flamets-fretils;168;13;114,992706910974;5530,09064529183;
162;massy-76;307;27;100,722239939817;5524,53089895961;
163;marques;205;15;122,053832070847;5535,65039162406;
164;anquetierville;361;88;45,7052194672668;5507,85165996292;
165;contremoulins;196;44;31,1438341649083;5530,09064529183;
166;villers-sous-foucarmont;193;27;112,365092891325;5541,21013795629;
167;criquiers;676;28;122,305577069778;5524,53089895961;
168;ouville-la-riviere;549;86;69,2836352368297;5544,92404850622;
169;harcanville;459;61;51,5247889895211;5528,24480950953;
170;sahurs;1285;114;67,6073201781537;5487,46962990897;
171;saint-eustache-la-foret;1072;162;33,6660638877096;5509,70861523789;
172;sainte-marie-au-bosc;337;105;14,3938036122609;5522,68506317731;
173;etretat;1499;368;14,3839484174232;5526,38785423457;
174;saint-aubin-epinay;962;97;84,3947848187523;5494,88633151617;
175;douvrend;489;27;94,3692957422531;5544,92404850622;
176;feuillie-76;1262;31;109,601335227444;5500,44607784839;
177;compainville;149;23;112,751701526104;5522,68506317731;
178;gouy-76;810;162;83,3019063987631;5487,46962990897;
179;houlme;4019;1353;74,5967956552572;5506,00582418062;
180;auberville-la-renault;410;82;26,3796582514379;5524,53089895961;
181;anglesqueville-l-esneval;549;125;16,8042734318883;5518,97115262738;
182;saint-gilles-de-la-neuville;652;91;27,6447676085605;5511,56557051285;
183;beaussault;388;21;112,713222604653;5524,53089895961;
184;sainte-austreberthe-76;605;98;69,665414049622;5515,26836157011;
185;derchigny;562;118;87,0817365360334;5552,32963062074;
186;mont-de-l-if;97;27;58,8754213418613;5513,41140629515;
187;fry;152;18;110,654559553575;5507,85165996292;
188;yvetot;11816;1581;55,2329602831384;5517,12531684508;
189;haucourt-76;256;25;120,030936047303;5518,97115262738;
190;illois;339;23;118,545419057488;5531,9476005668;
191;quiberville;549;163;65,6546969889922;5548,62683956348;
192;grand-couronne;9713;574;72,4364403467506;5487,46962990897;
193;ancourt;723;58;84,7539756399915;5548,62683956348;
194;mesnil-mauger-76;241;29;109,153250623039;5522,68506317731;
195;bertreville-saint-ouen;342;51;75,3602012505627;5537,50734689903;
196;fresles;236;21;96,9917065015811;5531,9476005668;
197;mortemer-76;108;12;111,360848205519;5531,9476005668;
198;bremontier-merval;499;29;116,748354468962;5504,14886890566;
199;blosseville;302;43;57,3579818402893;5543,06709323125;
200;londe;2271;73;70,0930572096672;5481,90988357675;
201;elbeuf-en-bray;398;37;119,195950121395;5502,29191363069;
202;bretteville-saint-laurent;173;43;62,8280471305484;5533,40425410584;
203;guerville-76;457;36;108,478631680956;5556,04354117067;
204;bouille;780;614;67,6073201781537;5487,46962990897;
205;mannevillette;828;196;13,2123775343105;5515,26836157011;
206;thiouville;277;47;44,3505315936355;5526,38785423457;
207;grand-quevilly;24930;2243;74,7492118566187;5494,88633151617;
208;villainville;299;81;17,9984302211325;5520,82810790234;
209;bezancourt;335;19;118,07193487466;5498,58912257343;
210;anceaumeville;699;149;75,6969393999688;5513,41140629515;
211;gueutteville-les-gres;356;81;54,163290373971;5541,89954650149;
212;imbleville;304;57;68,3002699162164;5528,24480950953;
213;eletot;614;90;32,3083673128711;5535,65039162406;
214;breaute;1315;94;28,8073670366186;5518,97115262738;
215;bornambusc;283;68;25,2064461570413;5518,97115262738;
216;cauville-sur-mer;1435;128;9,60899529153085;5515,26836157011;
217;houppeville;2531;121;78,2063296693309;5506,00582418062;
218;rue-saint-pierre-76;695;90;90,1460597201406;5511,56557051285;
219;ectot-les-baons;406;82;57,5949767076239;5520,82810790234;
220;freneuse-76;931;292;78,5256733578103;5483,76683885171;
221;aubermesnil-aux-erables;203;23;112,382982322495;5540,35393702113;
222;bolleville-76;542;55;40,8383561073846;5515,26836157011;
223;bois-robert;318;64;82,4805841849426;5541,21013795629;
224;saumont-la-poterie;405;25;116,549496209283;5513,41140629515;
225;gruchet-saint-simeon;700;266;64,5721763161877;5539,36430217399;
226;sorquainville;170;38;39,5558581479137;5526,38785423457;
227;elbeuf-sur-andelle;411;70;101,170240934693;5500,44607784839;
228;doudeville;2568;176;57,5160167715507;5528,24480950953;
229;crasville-la-mallet;164;51;51,4363517615591;5537,50734689903;
230;mauquenchy;320;25;105,699452680353;5515,26836157011;
231;elbeuf;17178;1052;72,5346022199811;5480,05292830178;
232;boissay;334;50;97,9932377069659;5506,31716997523;
233;belbeuf;2011;306;83,2172100537034;5493,0293762412;
234;avesnes-en-val;272;16;100,237879880963;5550,48379483845;
235;trois-pierres;726;97;30,0589881905091;5509,70861523789;
236;quevillon;594;52;68,7212712916375;5494,88633151617;
237;saint-martin-en-campagne;1298;189;88,2435623062109;5554,18658589571;
238;beaurepaire-76;476;168;15,5933112362887;5522,68506317731;
239;anneville-ambourville;1214;59;63,8335803111182;5500,44607784839;
240;notre-dame-de-bliquetuit;693;70;55,3651089434798;5504,14886890566;
241;servaville-salmonville;1059;134;91,5042025092529;5502,29191363069;
242;mesnil-raoul;880;130;91,65977692063;5493,0293762412;
243;morville-sur-andelle;285;55;103,543715871212;5502,29191363069;
244;hodeng-au-bosc;585;66;123,038376299189;5544,92404850622;
245;ferrieres-en-bray;1628;102;126,419947098449;5502,29191363069;
246;guilmecourt;301;38;92,9814799430616;5556,04354117067;
247;penly;332;81;88,1825345237415;5557,88937695297;
248;saint-jean-de-la-neuville;562;70;30,0384920466351;5513,41140629515;
249;mesnil-reaume;596;107;103,710112244184;5556,04354117067;
250;londinieres;1266;67;100,411145964278;5541,21013795629;
251;fontaine-sous-preaux;510;144;85,4837234285759;5502,29191363069;
252;bois-guillaume;21270;2403;81,8994779703686;5500,44607784839;
253;cuverville-sur-yeres;216;19;100,151375180542;5555,10950378686;
254;colleville;749;101;33,528021257758;5531,9476005668;
255;intraville;263;56;91,8528483062686;5552,32963062074;
256;longuerue;302;56;93,7839681272138;5509,70861523789;
257;mentheville;256;83;29,9665831762123;5526,38785423457;
258;blainville-crevon;1156;78;93,8799265215846;5504,14886890566;
259;saint-aubin-celloville;970;144;84,4807303734341;5489,32658518394;
260;gancourt-saint-etienne;234;18;123,843172742265;5509,70861523789;
261;saint-leger-du-bourg-denis;3421;1217;83,16076712567;5496,73216729847;
262;frenaye;1974;197;41,5025960365462;5506,92874207177;
263;nointot;1367;227;34,8326709909886;5515,26836157011;
264;saint-jean-du-cardonnay;1345;178;73,4191576128457;5504,14886890566;
265;saint-remy-boscrocourt;770;91;100,029846817002;5561,6032875029;
266;yquebeuf;250;38;90,0845560694919;5515,26836157011;
267;blangy-sur-bresle;2930;167;116,903690184191;5552,32963062074;
268;valmont-76;1019;183;37,1330855634827;5530,09064529183;
269;brunville;261;66;90,5975778457522;5556,04354117067;
270;saint-riquier-en-riviere;163;16;112,248878393842;5546,76988428852;
271;ambrumesnil;526;102;71,6727013923406;5544,92404850622;
272;barentin;12108;950;68,5344382468101;5509,70861523789;
273;denestanville;221;82;77,7255286317951;5539,36430217399;
274;osmoy-saint-valery;329;20;94,4995392195985;5537,50734689903;
275;drosay;189;29;52,6324975844561;5537,50734689903;
276;cent-acres;36;7;82,5941144838442;5533,80455584176;
277;benesville;185;33;59,8713998178386;5531,9476005668;
278;catelier;216;56;82,6225647976432;5531,9476005668;
279;saint-vaast-dieppedalle;343;28;51,4894483876805;5531,9476005668;
280;ecretteville-sur-mer;135;71;34,6895925247983;5537,50734689903;
281;ouainville;516;73;41,8811929549313;5535,65039162406;
282;lindebeuf;364;78;65,9264542197702;5526,38785423457;
283;heugleville-sur-scie;596;45;79,0574860012948;5530,09064529183;
284;yebleron;1375;132;38,4097987093523;5518,97115262738;
285;bordeaux-saint-clair;623;60;17,979935521779;5526,38785423457;
286;monchaux-soreng;644;64;113,28572199354;5554,18658589571;
287;ectot-l-auber;582;116;67,1941154943209;5520,82810790234;
288;sainte-agathe-d-aliermont;327;41;94,4345311119899;5541,21013795629;
289;hermeville;373;97;19,2180626507066;5515,26836157011;
290;hanouard;241;55;47,9136518363865;5530,09064529183;
291;pissy-poville;1277;113;72,1661739831444;5507,85165996292;
292;quievrecourt;459;114;101,816698812231;5530,09064529183;
293;cerlangue;1290;46;30,0897441107455;5504,14886890566;
294;rieux-76;632;89;113,324998487345;5552,32963062074;
295;harfleur;8158;1937;14,4430656187053;5504,14886890566;
296;ingouville;248;31;49,0101782894343;5541,21013795629;
297;saint-crespin;284;44;80,1728545050307;5535,65039162406;
298;greuville;370;124;65,7679812747009;5539,36430217399;
299;nolleval;433;43;107,119162620971;5504,14886890566;
300;canouville;321;71;43,0629721431787;5537,50734689903;
301;fresne-le-plan;613;89;94,0396343990828;5494,88633151617;
302;envronville;314;50;47,9793693638757;5522,68506317731;
303;amfreville-la-mi-voie;3112;799;80,805358217973;5493,0293762412;
304;froberville;1008;171;23,9649830231391;5528,24480950953;
305;incheville;1334;169;107,174835875359;5561,6032875029;
306;rouvray-catillon;219;17;106,973083811741;5511,56557051285;
307;auquemesnil;285;44;95,3984650740193;5554,18658589571;
308;maniquerville;477;187;23,9732233891246;5526,38785423457;
309;offranville;3321;191;75,2563364619576;5544,92404850622;
310;amfreville-les-champs-76;160;34;58,7344800110587;5526,38785423457;
311;realcamp;662;57;117,105640599;5543,06709323125;
312;robertot;189;77;50,3265146751068;5528,24480950953;
313;torcy-le-grand-76;710;81;84,9295113769794;5537,50734689903;
314;dampierre-en-bray;449;35;119,739870372581;5507,67374808029;
315;menonval;192;36;107,731453674579;5533,80455584176;
316;trait;5270;300;59,0159979667238;5500,44607784839;
317;gerponville;382;77;40,712592109727;5531,9476005668;
318;clasville;263;83;44,259189737696;5537,50734689903;
319;millebosc;275;34;107,286323011225;5556,04354117067;
320;saint-vincent-cramesnil;605;126;26,4789777060691;5504,14886890566;
321;vassonville;401;70;78,6008661728437;5525,80964061602;
322;bosc-edeline;324;52;103,367241422935;5511,56557051285;
323;maucomble;353;69;95,9257029849691;5524,53089895961;
324;bois-d-ennebourg;517;73;90,3921381800761;5496,73216729847;
325;epreville;1015;157;26,3705960718565;5526,38785423457;
326;beuzevillette;713;126;38,4622947749774;5511,56557051285;
327;martin-eglise;1542;160;82,3667717255459;5548,62683956348;
328;foucart;358;83;43,2257762103795;5517,12531684508;
329;croixdalle;218;19;98,0542846733825;5539,36430217399;
330;saint-mards;187;28;73,0182246715564;5533,80455584176;
331;omonville;259;91;75,3602012505627;5537,50734689903;
332;sandouville;761;51;22,8682113013928;5504,14886890566;
333;claville-motteville;268;28;86,4811738267122;5515,26836157011;
334;grandes-ventes;1766;71;88,5486192399631;5535,65039162406;
335;lammerville;321;36;70,5754026441139;5537,50734689903;
336;sommesnil;89;29;47,9300379412992;5528,24480950953;
337;vittefleur;635;77;46,6354606728022;5539,36430217399;
338;hallotiere;174;46;105,879905048432;5506,00582418062;
339;monchy-sur-eu;565;62;103,638345605333;5559,74633222794;
340;valliquerville;1271;94;49,2293322252788;5517,12531684508;
341;saint-pierre-lavis;197;43;45,5803541158201;5522,68506317731;
342;tocqueville-en-caux;142;44;64,6167346257423;5535,65039162406;
343;freauville;133;24;101,606755823724;5541,21013795629;
344;cleres;1347;118;80,4757769808956;5515,26836157011;
345;betteville;549;64;57,7132111552085;5509,70861523789;
346;fosse-76;478;47;112,906217165913;5515,26836157011;
347;isneauville;2490;303;83,0476273075556;5504,14886890566;
348;saint-georges-sur-fontaine;881;96;85,3672176953661;5509,70861523789;
349;etoutteville;711;61;56,3757068250158;5522,68506317731;
350;heuqueville-76;673;133;10,7266464341017;5517,00300242577;
351;fresquiennes;1066;79;72,4616917139235;5511,23198573292;
352;vattetot-sous-beaumont;558;80;32,4082879161959;5518,97115262738;
353;bertreville;100;31;41,8955413775689;5533,80455584176;
354;saane-saint-just;147;21;67,0328805683041;5533,80455584176;
355;cropus;236;49;82,6510080922627;5530,09064529183;
356;saint-paer;1188;64;63,7684101850767;5506,00582418062;
357;folletiere;66;13;57,69347822089;5511,56557051285;
358;vaupaliere;983;122;73,4442100666173;5502,29191363069;
359;saint-saire;630;47;107,879613130674;5526,38785423457;
360;bois-himont;441;75;50,4646262666459;5513,41140629515;
361;autretot;704;185;52,7953713174149;5520,82810790234;
362;bois-l-eveque;483;66;91,566418144334;5498,58912257343;
363;autigny;276;67;62,2020947973538;5537,50734689903;
364;montville;4736;436;77,5982449037827;5509,30831350197;
365;bazinval;357;49;110,862533778266;5556,04354117067;
366;cideville;296;55;64,8386643155693;5517,12531684508;
367;saint-quentin-au-bosc;101;28;95,4315400031146;5552,32963062074;
368;bosc-guerard-saint-adrien;861;82;80,5582643758583;5509,70861523789;
369;crasville-la-rocquefort;220;42;62,2020947973538;5537,50734689903;
370;envermeu;2082;142;90,723059775302;5548,62683956348;
371;saint-etienne-du-rouvray;28102;1539;79,6261358722974;5491,17242096624;
372;heurteauville;331;45;59,0361120155043;5498,58912257343;
373;thiergeville;377;40;37,1457847966335;5528,24480950953;
374;etainhus;1065;129;22,8370258347182;5511,56557051285;
375;saint-martin-du-bec;568;137;14,4135289711187;5515,26836157011;
376;ermenouville;160;43;56,2210785963877;5537,50734689903;
377;manehouville;217;50;77,6988619696295;5541,21013795629;
378;vatierville;118;26;107,69455770957;5535,65039162406;
379;luneray;2137;420;65,745417098312;5541,21013795629;
380;saint-germain-sous-cailly;322;80;87,7125669140572;5513,41140629515;
381;saint-pierre-benouville;341;40;69,4508755176029;5531,9476005668;
382;criquetot-sur-longueville;194;26;77,779163469006;5535,65039162406;
383;gruchet-le-valasse;2811;197;34,8683743591005;5509,70861523789;
384;saint-aubin-le-cauf;899;88;84,8124577385984;5544,92404850622;
385;lintot-les-bois;186;66;76,5566341599407;5537,50734689903;
386;mesnil-panneville;679;57;64,883090914259;5513,41140629515;
387;anneville-sur-scie;465;85;77,6988619696295;5541,21013795629;
388;saint-michel-d-halescourt;102;21;120,092289288368;5516,20239895393;
389;alvimare;536;79;45,6428177193276;5515,26836157011;
390;chapelle-sur-dun;187;42;60,9217961834895;5544,92404850622;
391;deville-les-rouen;10188;3224;74,6730321893191;5500,44607784839;
392;malaunay;5925;640;74,5714725620026;5507,85165996292;
393;bailleul-neuville;179;13;101,676701243462;5537,50734689903;
394;forges-les-eaux;3504;671;111,666588543481;5517,12531684508;
395;roncherolles-en-bray;459;31;105,663248657462;5517,12531684508;
396;maromme;11363;2833;74,6730321893191;5500,44607784839;
397;saint-nicolas-d-aliermont;3715;239;87,1720546608004;5546,76988428852;
398;saint-andre-sur-cailly;891;72;87,7724157702594;5509,70861523789;
399;saint-romain-de-colbosc;3791;322;26,4609545158776;5507,85165996292;
400;bosc-bordel;440;36;102,096070437574;5515,26836157011;
401;gueures;519;85;69,3315294541791;5541,21013795629;
402;saint-maurice-d-etelan;316;22;44,5631064046247;5500,44607784839;
403;bec-de-mortagne;686;57;32,3638839392021;5526,38785423457;
404;cuy-saint-fiacre;644;66;122,724156478508;5506,00582418062;
405;saint-arnoult-76;1334;96;48,1108067108209;5507,85165996292;
406;villers-ecalles;1788;241;66,152350206607;5507,85165996292;
407;benarville;241;55;35,9845090306522;5522,68506317731;
408;argueil;345;49;109,452271095016;5507,85165996292;
409;sainte-foy-76;544;80;81,3409303650479;5537,50734689903;
410;hugleville-en-caux;398;42;70,8180866255482;5518,97115262738;
411;dancourt;233;12;111,016083630084;5548,62683956348;
412;saint-martin-du-vivier;1740;348;84,3087749937705;5500,44607784839;
413;saint-jean-de-folleville;836;60;36,0953401407378;5506,00582418062;
414;notre-dame-de-gravenchon;8101;432;42,1399582861598;5502,29191363069;
415;varneville-bretteville;289;31;75,5934069287563;5520,82810790234;
416;saint-laurent-en-caux;796;123;63,4636852438231;5531,9476005668;
417;saint-martin-aux-buneaux;671;82;39,4472359145378;5541,21013795629;
418;berville-76;547;81;59,9124935053583;5528,24480950953;
419;auzouville-l-esneval;354;62;63,6162448663936;5518,97115262738;
420;molagnies;176;37;124,33929324;5506,40612591654;
421;bretteville-du-grand-caux;1278;112;28,2691253168037;5522,44043433869;
422;chaussee-76;489;60;80,0900816885216;5541,21013795629;
423;bosc-berenger;187;55;90,0230219894331;5518,97115262738;
424;lestanville;97;59;69,4508755176029;5531,9476005668;
425;bosc-le-hard;1491;143;85,2215540886047;5518,97115262738;
426;franqueville-saint-pierre;5734;669;85,3860072553631;5493,16281015318;
427;avesnes-en-bray;325;27;120,441003899018;5500,44607784839;
428;ponts-et-marais;828;140;103,530522152336;5565,30607856016;
429;parc-d-anxtot;579;99;27,6353665438174;5513,41140629515;
430;therouldeville;587;128;37,1075246504559;5533,80455584176;
431;saint-nicolas-de-bliquetuit;564;61;52,9398081428553;5506,00582418062;
432;chapelle-saint-ouen;99;12;103,514532375147;5508,07404981621;
433;mesnil-sous-jumieges;607;88;62,6931137121153;5494,88633151617;
434;saint-hellier;435;30;85,046449918102;5530,09064529183;
435;bertheauville;120;49;46,6033602452351;5543,06709323125;
436;bermonville;504;68;45,6116404685069;5518,97115262738;
437;toussaint;748;166;31,1438341649083;5530,09064529183;
438;triquerville;377;125;45,7363503874575;5504,14886890566;
439;auzebosc;1071;224;52,849582204887;5515,26836157011;
440;epretot;743;108;22,8526458167204;5507,85165996292;
441;etalondes;1154;249;98,8046256927528;5563,4491232852;
442;sainte-marie-des-champs;1476;359;56,4336282603421;5517,12531684508;
443;caudebec-en-caux;2279;462;52,9218368655812;5507,85165996292;
444;notre-dame-de-bondeville;6987;1112;75,8519682590695;5502,29191363069;
445;saint-nicolas-de-la-taille;1387;149;33,6890081949154;5506,00582418062;
446;bailly-en-riviere;556;27;96,6579555995001;5550,48379483845;
447;sainte-colombe-76;200;34;55,0249327734907;5537,50734689903;
448;montmain-76;1375;227;90,4227253837335;5494,88633151617;
449;hautot-saint-sulpice;606;71;53,9583428249022;5524,53089895961;
450;grainville-sur-ry;450;83;93,9119607017051;5502,29191363069;
451;bihorel;8438;3361;80,6955521032458;5500,44607784839;
452;maulevrier-sainte-gertrude;949;67;51,9768926643101;5510,24235088578;
453;saint-pierre-de-manneville;745;72;67,5385811400462;5493,0293762412;
454;saint-jacques-sur-darnetal;2607;156;86,7764526528731;5496,73216729847;
455;montreuil-en-caux;486;51;82,73612566485;5524,53089895961;
456;yville-sur-seine;464;56;63,9204415724939;5493,0293762412;
457;saint-wandrille-rancon;1176;64;55,3274241091353;5507,85165996292;
458;biville-sur-mer;704;132;90,566329372664;5557,88937695297;
459;chapelle-du-bourgay;129;43;82,5088919595731;5539,36430217399;
460;pommereval;394;51;94,6296546302953;5530,09064529183;
461;rouen;110933;5188;78,3396120436975;5496,73216729847;
462;boos-76;3248;231;86,8648754970517;5491,17242096624;
463;tourville-sur-arques;1241;210;78,8672250303978;5543,06709323125;
464;saint-victor-l-abbaye;695;82;80,3656433985168;5522,68506317731;
465;rolleville;1136;160;15,620027399022;5513,41140629515;
466;veauville-les-baons;720;90;55,1952100093798;5520,82810790234;
467;saint-germain-sur-eaulne;204;23;108,92870922975;5533,80455584176;
468;vibeuf;646;74;64,7277678784043;5526,38785423457;
469;allouville-bellefosse;1168;79;49,2461999621073;5515,26836157011;
470;saint-clair-sur-les-monts;628;154;57,6541158844748;5515,26836157011;
471;freville-76;864;148;60,0973491078111;5511,56557051285;
472;saint-martin-le-gaillard;296;16;97,7162839285202;5557,88937695297;
473;gonneville-sur-scie;436;49;77,8326114106355;5531,9476005668;
474;sainte-marguerite-sur-fauville;262;82;43,1814108367827;5522,68506317731;
475;blacqueville;599;59;62,5012921115801;5511,56557051285;
476;neville;1106;119;51,4186087599925;5539,36430217399;
477;epinay-sur-duclair;509;77;61,3412478856727;5507,85165996292;
478;ganzeville;455;114;29,9460413815468;5530,09064529183;
479;ymare;1134;281;85,7162129555203;5487,46962990897;
480;saint-aubin-de-cretot;539;113;45,6739795525886;5511,56557051285;
481;sept-meules;154;18;101,361361040711;5554,18658589571;
482;saint-denis-d-aclon;162;66;68,0890663227235;5544,92404850622;
483;sotteville-sous-le-val;772;146;82,1499463567031;5483,76683885171;
484;saint-saens;2510;98;92,3599999486138;5522,68506317731;
485;veules-les-roses;551;106;57,3381611138725;5544,92404850622;
486;saint-martin-osmonville;1155;54;93,5724192214305;5519,66056117257;
487;theuville-aux-maillots;492;67;39,5015330140124;5533,80455584176;
488;gonneville-la-mallet;1318;180;15,6040144843076;5518,97115262738;
489;vattetot-sur-mer;318;61;20,3632678920044;5530,09064529183;
490;saint-nicolas-de-la-haie;396;125;44,4872909793112;5509,70861523789;
491;bourg-dun;445;30;64,5054312531065;5544,92404850622;
492;baons-le-comte;343;63;56,3950573616414;5520,82810790234;
493;rainfreville;88;34;67,0099230871644;5535,65039162406;
494;aumale;2388;263;125,686695953676;5533,80455584176;
495;doudeauville-76;93;23;122,924426484178;5512,21050108739;
496;bosc-mesnil;287;30;97,158174382761;5522,68506317731;
497;saint-denis-le-thiboult;506;49;98,7616665558696;5500,44607784839;
498;emanville-76;577;89;69,6415523532649;5517,12531684508;
499;criquetot-le-mauconduit;171;41;40,6706087257644;5537,50734689903;
500;bertrimont;238;50;71,9690180613045;5522,68506317731;
501;nesle-hodeng;320;20;107,879613130674;5526,38785423457;
502;grainville-ymauville;406;64;29,9871148485495;5522,68506317731;
503;limpiville;348;82;35,9722285499348;5524,53089895961;
504;thil-riberpre;228;22;113,989818088103;5520,82810790234;
505;gonfreville-caillot;324;76;31,197255052056;5520,82810790234;
506;carville-pot-de-fer;99;18;51,5247889895211;5528,24480950953;
507;vergetot;423;98;20,4121480850258;5517,12531684508;
508;vieux-rue;463;84;90,2691601169083;5504,14886890566;
509;sigy-en-bray;692;25;108,212270916016;5509,70861523789;
510;sauqueville;359;105;76,4775481119768;5543,06709323125;
511;catenay;709;120;96,2539997396998;5506,00582418062;
512;auberville-la-campagne;616;128;43,2997043898866;5507,85165996292;
513;bacqueville-en-caux;1797;147;71,7963718063803;5535,65039162406;
514;grandcourt-76;358;15;107,397728443889;5550,48379483845;
515;crique;367;36;86,3333485198435;5524,53089895961;
516;ferte-saint-samson;455;23;110,541321990623;5513,41140629515;
517;biville-la-baignarde;627;88;75,4897720126603;5528,24480950953;
518;pommereux;105;19;116,509599408692;5515,26836157011;
519;monterolier;535;45;97,2248637485878;5518,97115262738;
520;jumieges;1736;92;59,0562210488866;5496,73216729847;
521;saint-maclou-la-briere;503;101;33,5970937440209;5520,82810790234;
522;totes;1440;189;75,5416799548631;5524,53089895961;
523;limesy;1434;95;67,240072312937;5517,12531684508;
524;ricarville;319;76;43,2110505549279;5518,97115262738;
525;greges;801;255;82,3382584736482;5550,48379483845;
526;saint-vigor-d-ymonville;1024;34;26,4789777060691;5504,14886890566;
527;boudeville;204;43;63,5072445535802;5528,24480950953;
528;manneville-la-goupil;1014;115;25,2150361227214;5517,12531684508;
529;tocqueville-les-murs;308;88;35,9845090306522;5522,68506317731;
530;bosc-roger-sur-buchy;736;51;98,5264153997671;5513,41140629515;
531;anveville;263;62;52,7411202239709;5526,38785423457;
532;saint-martin-aux-arbres;300;58;63,5944294500944;5520,82810790234;
533;fontaine-le-dun;882;164;60,9848331875106;5539,36430217399;
534;heronchelles;121;18;99,8296334561031;5507,85165996292;
535;longmesnil;61;15;116,469692710057;5517,12531684508;
536;vatteville-la-rue;1072;20;49,4572247041526;5503,07027811721;
537;bully-76;885;45;98,2231767212632;5530,09064529183;
538;bois-guilbert;276;33;102,200718559062;5509,70861523789;
539;saint-pierre-en-val;1118;144;103,60234134618;5561,6032875029;
540;tocqueville-sur-eu;211;58;91,725653838408;5559,74633222794;
541;nesle-normandeuse;591;64;119,331048043718;5550,48379483845;
542;mont-saint-aignan;19341;2435;78,2862550798439;5500,44607784839;
543;melleville;272;29;104,938812424615;5554,18658589571;
544;belleville-sur-mer;785;255;83,4741041211899;5554,18658589571;
545;paluel;464;42;45,4240659335672;5541,21013795629;
546;manneville-es-plains;265;41;53,7731079752713;5543,06709323125;
547;val-de-saane;1445;104;69,3561397890523;5526,88823140447;
548;brachy;724;64;68,1595194448648;5539,36430217399;
549;serqueux-76;1014;176;111,628547266897;5518,97115262738;
550;lamberville-76;169;23;71,8209691163862;5533,80455584176;
551;frichemesnil;424;52;81,6484482541824;5517,12531684508;
552;bonsecours;6567;1746;81,9552975709005;5496,73216729847;
553;yerville;2329;223;64,772116255174;5522,68506317731;
554;gouchaupre;173;39;93,045984117997;5552,32963062074;
555;dieppe;31963;2738;77,5380815188844;5552,32963062074;
556;meulers;588;88;87,232169707031;5543,06709323125;
557;orival-76;941;98;71,3015094392937;5481,90988357675;
558;sassetot-le-mauconduit;1013;114;37,9164176846475;5537,91876812761;
559;estouteville-ecalles;469;55;94,9217992378638;5513,41140629515;
560;saint-jacques-d-aliermont;365;46;90,8170435720491;5543,06709323125;
561;ernemont-sur-buchy;243;60;98,6273449975439;5507,85165996292;
562;montivilliers;16611;870;14,4283027888021;5509,70861523789;
563;fontaine-la-mallet;2692;402;10,8249260974717;5507,85165996292;
564;poterie-cap-d-antifer;422;72;13,1942959882331;5522,68506317731;
565;haye-76;312;46;104,162967674026;5500,35712190708;
566;villy-sur-yeres;196;23;103,782059208535;5552,32963062074;
567;sotteville-les-rouen;28835;3875;79,5719983376855;5494,88633151617;
568;croix-mare;700;81;61,2574981272545;5515,26836157011;
569;authieux-sur-le-port-saint-ouen;1212;267;82,1308628130827;5486,39103912052;
570;sasseville;292;47;49,0608301355693;5535,65039162406;
571;ypreville-biville;541;53;38,3571718065478;5526,38785423457;
572;sainte-helene-bondeville;727;106;33,5164761946366;5533,80455584176;
573;sierville;956;60;74,4951603715903;5513,41140629515;
574;ecalles-alix;488;68;60,0357762778737;5517,12531684508;
575;crosville-sur-scie;242;68;77,7255286317951;5539,36430217399;
576;angerville-la-martel;898;88;35,9104845581931;5533,80455584176;
577;bourville;297;44;58,6135137854222;5537,50734689903;
578;vieux-rouen-sur-bresle;649;43;123,123429958926;5541,21013795629;
579;morienne;173;19;123,250677588859;5535,65039162406;
580;graimbouville;590;92;24,0307503819141;5513,41140629515;
581;petit-couronne;9209;719;74,3745681319759;5491,42816929752;
582;saint-ouen-le-mauger;222;36;69,4269607528297;5533,80455584176;
583;saint-denis-sur-scie;505;58;79,0845230608822;5528,24480950953;
584;neuville-ferrieres;594;45;105,446270397913;5528,24480950953;
585;fontelaye;34;8;68,3472342448761;5524,53089895961;
586;torp-mesnil;343;64;64,7055188679945;5528,24480950953;
587;criquetot-sur-ouville;739;126;61,1527885348891;5524,53089895961;
588;esteville;523;98;88,8831884297491;5515,26836157011;
589;routes;232;51;53,9028313645192;5530,09064529183;
590;ricarville-du-val;158;28;92,0749011465035;5539,36430217399;
591;ancretieville-saint-victor;365;31;69,9490364507865;5521,20617065293;
592;dampierre-saint-nicolas;518;131;86,0072416708087;5544,92404850622;
593;mauny;172;16;63,942175889531;5491,17242096624;
594;grand-camp-76;668;136;42,6765002001924;5510,63153312904;
595;mont-cauvaire;619;68;80,5307204061515;5511,56557051285;
596;authieux-ratieville;405;78;82,8777915839325;5515,26836157011;
597;pavilly;6226;438;69,7129768891913;5511,56557051285;
598;butot;296;53;74,4441522191192;5517,12531684508;
599;mesangueville;172;16;113,021945650663;5509,70861523789;
600;epouville;2788;498;15,625341057107;5511,56557051285;
601;preaux-76;1642;86;87,8922040207258;5502,29191363069;
602;flocques;701;142;97,6146818152679;5563,4491232852;
603;mesnil-lieubray;99;16;109,526821659609;5504,14886890566;
604;pierreval;426;109;90,1768924300133;5509,70861523789;
605;oudalle;382;39;21,664598428058;5504,14886890566;
606;saint-vaast-du-val;446;77;73,1437711997244;5524,53089895961;
607;saint-aubin-les-elbeuf;8122;1402;73,7187764487175;5481,90988357675;
608;sassetot-le-malgarde;97;37;64,6388722047476;5533,80455584176;
609;baromesnil;248;31;101,291261206448;5557,88937695297;
610;thietreville;365;68;37,1457847966335;5528,24480950953;
611;ifs-76;52;12;100,307294932168;5546,76988428852;
612;cressy;281;64;83,8777641085813;5528,24480950953;
613;puisenval;27;5;105,084071612973;5546,76988428852;
614;belliere-76;54;11;115,30823176895;5515,26836157011;
615;mailleraye-sur-seine;2063;46;55,3840009040724;5502,29191363069;
616;saint-germain-des-essourts;404;43;95,0190362983867;5507,85165996292;
617;caudebec-les-elbeuf;9788;2659;74,952180511973;5480,05292830178;
618;saint-aubin-sur-mer-76;251;40;63,2891026816547;5546,76988428852;
619;grainville-la-teinturiere;1045;56;46,6997105377983;5531,9476005668;
620;longroy;669;125;109,63239819131;5557,88937695297;
621;sainte-genevieve-76;284;19;103,26354281882;5521,23952913093;
622;gueutteville;79;26;71,9937208845298;5520,82810790234;
623;canville-les-deux-eglises;326;56;59,8507836566655;5533,80455584176;
624;neufchatel-en-bray;4827;437;104,21214063807;5530,09064529183;
625;bernieres;661;99;34,8207401551523;5517,12531684508;
626;auppegard;718;97;74,1127496137624;5541,21013795629;
627;ellecourt;131;29;123,208187315051;5537,50734689903;
628;henouville;1241;116;69,8319948581809;5502,29191363069;
629;saint-pierre-des-jonquieres;105;12;103,961342085524;5543,06709323125;
630;mesnil-durdent;24;18;55,0059518886696;5539,36430217399;
631;longueville-sur-scie;996;251;78,9487822624943;5537,50734689903;
632;colmesnil-manneville;110;57;74,0871542187827;5543,06709323125;
633;hermanville;104;22;70,5510576150286;5539,36430217399;
634;martigny-76;478;94;82,4236066011917;5544,92404850622;
635;lillebonne;8944;610;39,7048741548116;5506,00582418062;
636;wanchy-capval;340;17;97,9867913020853;5543,06709323125;
637;sevis;344;53;83,9066055007755;5526,38785423457;
638;saint-valery-en-caux;4434;423;52,5599571301493;5544,92404850622;
639;saint-vaast-d-equiqueville;643;45;90,8795984160283;5539,36430217399;
640;smermesnil;412;32;106,387760816566;5541,21013795629;
641;saint-ouen-du-breuil;760;120;73,2189646127976;5518,97115262738;
642;vinnemerville;210;49;38,2781735367299;5537,50734689903;
643;tourville-la-riviere;2428;303;79,7071295073615;5485,61267463401;
644;fesques;130;14;106,497712191558;5535,65039162406;
645;sainte-adresse;7548;3339;6,01791993601785;5504,14886890566;
646;bennetot;191;41;39,5829599337174;5522,68506317731;
647;raffetot;497;72;37,2349738646049;5515,26836157011;
648;bracquetuit;323;38;83,9640943015821;5522,68506317731;
649;critot;509;72;90,0537004382907;5517,12531684508;
650;yvecrique;657;110;58,7546639463792;5524,53089895961;
651;mesnil-esnard;6986;1377;83,1889073530348;5494,88633151617;
652;beaumont-le-hareng;224;39;87,5625452046473;5522,68506317731;
653;montroty;257;23;120,487611865666;5497,42157584366;
654;hautot-le-vatois;299;49;49,1956852731884;5520,82810790234;
655;moulineaux;894;256;70,0219164806723;5487,46962990897;
656;beuzeville-la-grenier;1056;170;31,2292887482089;5515,26836157011;
657;neuville-chant-d-oisel;2093;95;90,0102575513797;5489,44889960325;
658;veulettes-sur-mer;322;68;43,018486380217;5543,06709323125;
659;heberville;105;26;57,456775293109;5533,80455584176;
660;trouville;628;60;43,3038178757367;5512,36617398469;
661;criquebeuf-en-caux;373;179;23,9567899829724;5530,09064529183;
662;saint-aignan-sur-ry;308;38;97,4906929262609;5504,14886890566;
663;fecamp;19207;1274;26,3434504057891;5531,9476005668;
664;notre-dame-d-aliermont;677;50;92,0115235438731;5543,06709323125;
665;saint-martin-au-bosc;188;26;119,537317603059;5541,21013795629;
666;retonval;192;34;114,794980117667;5539,36430217399;
667;thil-manneville;535;78;70,5268524246367;5541,21013795629;
668;saint-pierre-le-viger;283;51;60,9848331875106;5539,36430217399;
669;gonfreville-l-orcher;9084;351;16,8502191500468;5504,14886890566;
670;rouxmesnil-bouteilles;2028;360;77,5916476638571;5548,62683956348;
671;baillolet;120;13;102,872416436637;5537,50734689903;
672;canteleu;14825;841;74,6984825259023;5498,58912257343;
673;ardouval;176;16;91,0048036106354;5531,9476005668;
674;gonzeville;106;21;58,6538153853718;5533,80455584176;
675;ancretteville-sur-mer;196;62;37,0948160320871;5535,65039162406;
676;yport;949;458;22,7589971996109;5530,09064529183;
677;belleville-en-caux;603;137;70,7210557457499;5526,38785423457;
678;graval;138;34;111,399184820006;5530,09064529183;
679;cuverville-76;348;75;18,8930322380095;5522,35147839737;
680;senneville-sur-fecamp;801;169;29,9254277388173;5533,80455584176;
681;fongueusemare;182;15;21,5833371299609;5524,53089895961;
682;venestanville;178;67;64,5944582147681;5537,50734689903;
683;saint-jouin-bruneval;1836;97;11,9989774786619;5520,82810790234;
684;ronchois;187;21;117,428294591846;5528,24480950953;
685;ecrainville;1026;80;23,997882963603;5520,82810790234;
686;auzouville-sur-ry;626;78;95,2132932620486;5496,73216729847;
687;hodeng-hodenger;274;23;113,060579794173;5507,85165996292;
688;ecretteville-les-baons;407;43;48,0123024005035;5518,97115262738;
689;rogerville;1259;132;19,2574448967165;5504,14886890566;
690;beauval-en-caux;461;29;73,1910551308886;5531,33602847025;
691;bosc-hyons;399;70;120,482053043506;5498,58912257343;
692;bosville;539;62;49,0945435398851;5531,9476005668;
693;gainneville;2688;578;18,0476700703689;5506,00582418062;
694;grumesnil;479;42;121,27207644703;5517,12531684508;
695;trinite-du-mont;749;363;39,6778326692058;5509,70861523789;
696;hautot-sur-seine;365;168;71,2049594489445;5489,32658518394;
697;touffreville-la-cable;386;97;44,5176102371367;5506,00582418062;
698;daubeuf-serville;381;49;34,761184702192;5526,38785423457;
699;remuee;1326;188;28,8664695932577;5507,85165996292;
700;montigny-76;1143;145;72,2644578104953;5500,44607784839;
701;touffreville-la-corbeline;769;61;55,270805179958;5513,41140629515;
702;cany-barville;3056;225;45,4710115452503;5535,65039162406;
703;lucy-76;168;17;104,104739119251;5535,65039162406;
704;saint-pierre-en-port;835;214;34,6895925247983;5537,50734689903;
705;saint-sauveur-d-emalleville;1191;159;21,6202934566781;5515,26836157011;
706;saint-sylvain-76;185;57;47,7983420994002;5543,06709323125;
707;grigneuseville;317;41;85,1923297342907;5520,82810790234;
708;sommery;828;38;103,226158486491;5518,97115262738;
709;etalleville;435;122;59,8920108926518;5530,09064529183;
710;brametot;160;49;62,2235461643202;5535,65039162406;
711;goupillieres-76;425;102;70,8907604866567;5513,41140629515;
712;bolbec;11812;965;34,8564523861718;5511,56557051285;
713;fauville-en-caux;2159;266;41,9963131847354;5520,82810790234;
714;turretot;1498;246;16,8100000674942;5517,12531684508;
715;saint-antoine-la-foret;1011;156;33,677571914192;5507,85165996292;
716;saint-pierre-le-vieux-76;224;31;62,1378375594726;5543,06709323125;
717;reuville;131;29;62,2663046656339;5531,9476005668;
718;hattenville;670;71;38,3966271405089;5520,82810790234;
719;saint-leonard-76;1837;154;26,3434504057891;5531,9476005668;
720;loges-76;1153;77;20,3772362847688;5526,38785423457;
721;gaillefontaine;1311;49;116,390088742393;5520,82810790234;
722;beauvoir-en-lyons;594;17;114,340695430323;5504,14886890566;
723;butot-venesville;248;70;42,1930911606316;5539,11967333537;
724;bocasse;732;84;77,9836094692456;5515,92441163732;
725;mesnil-follemprise;133;17;93,3352833482944;5535,65039162406;
726;bellengreville-76;461;60;87,1418957872347;5548,62683956348;
727;martainville-epreville;734;96;92,7391466419429;5500,44607784839;
728;havre;175497;3737;9,62868634069418;5504,14886890566;
729;croisy-sur-andelle;522;136;100,942166260245;5499,76778879586;
730;benouville-76;151;52;17,9737552411096;5528,24480950953;
731;yainville;1111;335;60,2408819435783;5498,58912257343;
732;cleuville;170;41;45,5334893124706;5528,24480950953;
733;beaubec-la-rosiere;473;36;110,390132043876;5520,82810790234;
734;muchedent;140;19;84,9879073844933;5533,80455584176;
735;mathonville;259;63;99,6591883418406;5517,12531684508;
736;hericourt-en-caux;959;88;50,3438194609811;5526,38785423457;
737;criquetot-l-esneval;2337;173;19,1983495671149;5520,82810790234;
738;auberville-la-manuel;119;39;41,8379535777001;5541,21013795629;
739;conteville-76;526;38;117,542387641818;5525,77628213802;
740;pierrecourt-76;484;50;119,37237167984;5548,62683956348;
741;riville;316;42;40,7266076544507;5530,09064529183;
742;motteville;775;89;61,2156549528145;5518,97115262738;
743;fresnay-le-long;304;58;79,1930929729828;5520,82810790234;
744;houdetot;171;29;57,3974900588335;5539,36430217399;
745;auzouville-sur-saane;148;46;67,0559706698076;5531,9476005668;
