375
-28.61352
62.04326
5294.73546
5389.25115
15
142626
1;nouans;284;28;16,0478399284062;5363,29825532499;
2;lignieres-la-carelle;409;60;13,5257380108327;5385,53724065391;
3;saint-jean-de-la-motte;903;28;4,98427677665488;5309,55774727768;
4;requeil;1199;86;12,4526795631722;5313,26053833494;
5;noyen-sur-sarthe;2611;59;-7,45959769754317;5322,5341952171;
6;peray;63;25;27,1490011160248;5365,15521059996;
7;teloche;3016;132;19,8859136503165;5324,3800309994;
8;valennes;338;12;60,7632332312331;5337,35647893882;
9;parigne-le-polin;1079;77;8,70569254318893;5320,67723994214;
10;montigny-72;40;10;13,5212918630412;5387,39419592887;
11;brette-les-pins;2105;145;24,8413045335284;5328,09394154933;
12;villaines-sous-malicorne;1000;52;-7,47397841981247;5311,41470255264;
13;asse-le-boisne;898;31;-0,595482911665649;5374,41774798945;
14;chapelle-huon;549;29;55,9650064490533;5320,67723994214;
15;rouesse-vasse;802;25;-14,8326387338727;5355,89267321047;
16;pirmil;481;27;-7,45239881245733;5328,09394154933;
17;dangeul;498;36;18,5106657512298;5365,15521059996;
18;milesse;2385;229;9,90766606703314;5344,77318054601;
19;saint-denis-d-orques;894;18;-19,8282620456309;5341,05926999608;
20;le-mans;142626;2700;14,8807857379405;5337,35647893882;
21;souille;682;149;13,6098106400395;5350,33292687824;
22;sille-le-guillaume;2364;183;-9,88197917973754;5359,59546426773;
23;clermont-creans;1256;70;-1,24688497820822;5305,85495622042;
24;trange;1385;124;8,67487858669285;5341,05926999608;
25;ligron;481;35;1,24568798323014;5311,41470255264;
26;panon;38;16;22,1765927508075;5374,41774798945;
27;chenay-72;202;93;12,2921304453508;5387,39419592887;
28;fay-72;606;63;5,24878954122193;5338,25715784464;
29;saint-leonard-des-bois;535;19;-6,15610380574965;5378,13165853938;
30;saint-marceau-72;493;55;9,88520020053532;5357,73850899277;
31;saint-mars-d-outille;2250;59;24,8653007931516;5322,5341952171;
32;cures;529;46;-0,371297960082256;5348,47597160328;
33;mont-saint-jean-72;669;15;-7,40426630049193;5365,15521059996;
34;bourg-le-roi;324;899;9,85623880414471;5374,41774798945;
35;ardenay-sur-merize;488;41;31,0016617553522;5337,35647893882;
36;ponce-sur-le-loir;382;55;48,9797616256757;5310,89208639741;
37;vance;340;27;48,5186220237677;5318,82028466717;
38;doucelles;241;53;12,3404685150409;5365,15521059996;
39;monce-en-saosnois;266;30;28,3645090877973;5368,85800165722;
40;marcon;1024;34;38,6526862084301;5305,85495622042;
41;ancinnes;896;32;13,5434579220657;5378,13165853938;
42;nauvay;15;5;29,6170652019677;5365,15521059996;
43;saint-vincent-du-lorouer;933;34;36,0779248286364;5318,82028466717;
44;gesnes-le-gandelin;968;75;1,23165399323014;5376,27470326441;
45;saint-paul-le-gaultier;294;19;-7,39460388145556;5372,57191220715;
46;fatines;760;139;26,0161260297827;5342,91622527105;
47;nogent-sur-loir;413;38;29,9533455001893;5300,29520988819;
48;berfay;364;19;57,043036796748;5337,35647893882;
49;livet-en-saosnois;76;47;16,0059585431985;5378,13165853938;
50;pince;196;34;-27,3870628376241;5315,11749360991;
51;chasse;174;24;14,7505270333669;5387,39419592887;
52;saint-calez-en-saosnois;170;23;22,1838116443667;5372,57191220715;
53;saint-ouen-en-belin;1333;88;16,1728988892672;5318,82028466717;
54;volnay-72;853;42;34,7667266281537;5329,93977733163;
55;mamers;5473;1083;28,3274506622001;5376,27470326441;
56;poille-sur-vegre;654;37;-19,8730883412156;5328,09394154933;
57;bethon-72;339;88;6,15610380574965;5378,13165853938;
58;saint-biez-en-belin;721;77;17,4224872149457;5316,97444888487;
59;mezeray;1824;55;-1,24409211272329;5318,82028466717;
60;thoree-les-pins;684;24;3,74297726615485;5302,14104567049;
61;change-72;6164;175;21,087911595469;5335,49952366386;
62;disse-sous-le-lude;579;25;11,2432602020346;5294,73546355596;
63;saint-remy-de-sille;760;67;-6,17824085793622;5357,73850899277;
64;saint-christophe-du-jambet;209;18;2,46886996327805;5363,29825532499;
65;vallon-sur-gee;818;47;-4,96348765201124;5333,65368788156;
66;moitron-sur-sarthe;229;22;2,46886996327805;5363,29825532499;
67;auvers-sous-montfaucon;237;31;-4,9586808078098;5339,21343421378;
68;cherisay;308;38;7,38977616385756;5376,27470326441;
69;louplande;1517;82;-3,72380060305271;5331,79673260659;
70;saint-cosme-en-vairais;2005;61;34,0437039535382;5367,81276934676;
71;allonnes-72;11064;612;11,1677913780684;5333,65368788156;
72;beaumont-sur-sarthe;2097;315;9,87875731941868;5361,4524195427;
73;aveze-72;757;36;50,6123156816572;5363,29825532499;
74;torce-en-vallee;1283;76;30,9214737692471;5352,17876266054;
75;yvre-l-eveque;4375;158;19,834648851399;5339,21343421378;
76;savigne-sous-le-lude;431;12;4,99702951926026;5294,73546355596;
77;artheze;375;43;-8,7168831658133;5313,26053833494;
78;contilly;144;11;27,0692743299396;5381,83444959664;
79;champrond;82;13;55,3889115926766;5345,97408575377;
80;souvigne-sur-sarthe;610;35;-28,6135214403645;5318,82028466717;
81;marollette;137;24;25,9362340680195;5378,47636281198;
82;bousse-72;441;36;-3,73698920990623;5311,41470255264;
83;luceau;1280;68;29,9246409841775;5305,85495622042;
84;saint-remy-des-monts;680;67;29,5880961950102;5370,71495693219;
85;parce-sur-sarthe;2077;51;-14,9240017197475;5320,67723994214;
86;boesse-le-sec;632;53;42,0531954207988;5352,17876266054;
87;courcelles-la-foret;425;21;-1,2452903710956;5313,26053833494;
88;joue-en-charnie;629;26;-13,6362792466767;5339,21343421378;
89;oisseau-le-petit;704;81;6,15812217062742;5376,27470326441;
90;saint-mars-sous-ballon;880;48;18,5407984173409;5355,89267321047;
91;roullee;249;12;22,1185131425632;5389,25115120383;
92;beaumont-sur-deme;350;25;42,4068519518597;5303,99800094545;
93;melleray;485;18;59,407673613161;5348,47597160328;
94;prevelles;231;48;35,8571890360479;5354,0357179355;
95;ruille-sur-loir;1173;29;46,1043545836686;5309,55774727768;
96;sable-sur-sarthe;12466;337;-24,8813197462285;5318,82028466717;
97;theligny;214;14;59,3305549354907;5355,89267321047;
98;saint-hilaire-le-lierru;137;30;39,5922236481385;5350,33292687824;
99;saint-celerin;766;56;32,1686770743959;5350,33292687824;
100;sarge-les-le-mans;3541;255;17,349682817496;5341,05926999608;
101;mareil-en-champagne;327;41;-12,4046932827522;5335,49952366386;
102;beaufay;1359;56;27,2020489647522;5354,0357179355;
103;nogent-le-bernard;899;29;35,7989477683097;5363,29825532499;
104;saint-gervais-de-vic;383;23;54,6861693232665;5324,3800309994;
105;lhomme;910;49;41,1200778070137;5309,55774727768;
106;chantenay-villedieu;884;31;-12,4206895287583;5328,09394154933;
107;saint-saturnin-72;2497;258;11,1497682984783;5342,91622527105;
108;champagne-72;3757;269;24,7852717901214;5341,05926999608;
109;maresche;869;57;12,3525295609438;5359,59546426773;
110;saint-corneille;1130;101;26,0076884451831;5344,77318054601;
111;dollon;1482;58;43,3742442216848;5341,05926999608;
112;cheville;406;28;-16,1364941052324;5331,79673260659;
113;auvers-le-hamon;1524;31;-26,0918135504891;5326,23698627436;
114;sille-le-philippe;1089;102;25,982413008099;5350,33292687824;
115;crisse;552;26;-4,94423763235545;5355,89267321047;
116;guecelard;2755;226;9,94291953911674;5324,3800309994;
117;vaas;1570;52;23,7130901487711;5300,29520988819;
118;juille-72;472;82;8,63833536479492;5365,15521059996;
119;souligne-flace;718;43;1,24049165667847;5335,49952366386;
120;tasse;302;28;-10,1987683210053;5325,05832005193;
121;saint-remy-du-val;561;33;18,8234595164951;5376,25246427909;
122;courceboeufs;602;35;21,0265606046606;5352,17876266054;
123;cherance-72;383;36;13,5656219125229;5368,85800165722;
124;saint-symphorien-72;561;24;-8,54445353368719;5345,39587213522;
125;saint-aubin-de-locquenay;705;40;1,23366600870714;5367,01216587492;
126;louailles;769;73;-18,6729804138524;5315,11749360991;
127;vouvray-sur-huisne;155;46;40,8560415927243;5346,61901632831;
128;courtillers;906;125;-22,4075764966229;5315,11749360991;
129;quinte;832;94;2,47770151128785;5342,91622527105;
130;malicorne-sur-sarthe;1970;130;-6,22230086221438;5316,97444888487;
131;rouillon;2201;240;9,92049902398408;5337,35647893882;
132;louzes;103;12;22,1330660778463;5385,53724065391;
133;vire-en-champagne;231;20;-22,3284032521475;5335,49952366386;
134;parennes;556;38;-13,6098106400395;5350,33292687824;
135;sainte-osmane;194;16;45,9861426910705;5324,3800309994;
136;bleves;95;46;25,813422308392;5387,39419592887;
137;avoise;539;21;-14,9191953950863;5322,5341952171;
138;saint-christophe-en-champagne;197;25;-10,2577205735441;5333,72040483754;
139;pruille-l-eguille;787;37;32,3457231345005;5318,82028466717;
140;ecorpain;318;14;49,666741683066;5329,93977733163;
141;chahaignes;766;33;38,6403702372278;5307,70079200272;
142;saint-michel-de-chavaignes;802;43;42,1486009167827;5339,21343421378;
143;vouvray-sur-loir;796;98;34,9232942448007;5303,99800094545;
144;fontenay-sur-vegre;336;29;-16,1520999044109;5326,23698627436;
145;saint-germain-d-arce;382;13;22,4865204040691;5294,73546355596;
146;sainte-sabine-sur-longeve;676;57;7,4211477677011;5352,17876266054;
147;suze-sur-sarthe;4192;195;2,48490977450987;5326,23698627436;
148;meurce;303;49;14,8133679133474;5363,29825532499;
149;crosmieres;969;47;-11,2145666746401;5309,55774727768;
150;courcival;86;9;29,6267358266948;5363,29825532499;
151;saint-pierre-de-cheville;360;31;32,4598134027624;5298,43825461322;
152;saint-maixent;784;34;49,522499419085;5346,61901632831;
153;saosnes;203;18;20,9445351795484;5374,41774798945;
154;ballon-72;1262;94;17,3047204684536;5355,89267321047;
155;jauze;94;16;28,4014736001194;5361,4524195427;
156;sainte-jamme-sur-sarthe;2077;246;13,6009873887067;5354,0357179355;
157;grandchamp-72;166;30;13,5611860992995;5370,71495693219;
158;saint-pierre-des-bois;212;28;-9,93011011613655;5331,79673260659;
159;parigne-l-eveque;4794;75;27,3167191006976;5329,93977733163;
160;souge-le-ganelon;900;49;-2,46484331180558;5372,57191220715;
161;vernie;348;35;2,47128151533712;5357,73850899277;
162;chenu;426;13;26,2342738047473;5294,73546355596;
163;dehault;282;31;41,9848482665433;5361,4524195427;
164;courgenard;476;42;54,4040237421656;5354,0357179355;
165;notre-dame-du-pe;588;75;-23,6828172147867;5307,70079200272;
166;lavare;841;36;48,3156626267394;5342,91622527105;
167;montmirail-72;404;32;59,407673613161;5348,47597160328;
168;saint-gervais-en-belin;2049;215;16,1573095016373;5324,3800309994;
169;coulans-sur-gee;1555;56;1,2396887969125;5339,21343421378;
170;chemire-en-charnie;211;18;-14,8663577313044;5342,91622527105;
171;breil-sur-merize;1475;80;35,9502313120604;5339,21343421378;
172;duneau;1023;79;38,3923267597355;5344,77318054601;
173;teille-72;523;45;13,5921595431344;5357,73850899277;
174;piace;361;35;8,63833536479492;5365,15521059996;
175;chartre-sur-le-loir;1461;176;43,626171386198;5307,70079200272;
176;asnieres-sur-vegre;406;32;-17,400127836475;5324,3800309994;
177;coulonge;572;38;14,9671154141179;5303,99800094545;
178;yvre-le-polin;1872;85;11,2001863527313;5316,97444888487;
179;souligne-sous-ballon;1160;90;17,31598672081;5352,17876266054;
180;chateau-l-hermitage;251;26;13,5680909323295;5315,52891483849;
181;monce-en-belin;3425;195;14,9096077431366;5326,23698627436;
182;verneil-le-chetif;622;41;22,4363295336616;5307,70079200272;
183;connerre;2926;176;37,165894328261;5342,91622527105;
184;saint-calais;3419;150;55,89299109343;5328,09394154933;
185;marigne-laille;1539;47;24,8892781167665;5316,97444888487;
186;marolles-les-saint-calais;275;22;58,3770991895864;5328,09394154933;
187;fontaine-saint-martin;614;44;3,73579639735885;5313,26053833494;
188;avesnes-en-saosnois;103;18;27,4708457816486;5366,645222617;
189;coulaines;7447;1894;14,8759680435892;5339,21343421378;
190;luce-sous-ballon;109;16;16,058281017724;5359,59546426773;
191;sarce;292;26;16,209205470297;5305,85495622042;
192;longnes-72;360;56;-6,19829522488208;5339,21343421378;
193;surfonds;328;67;34,7330965348997;5335,49952366386;
194;chapelle-saint-aubin;2138;360;12,3886562200166;5342,91622527105;
195;loue;2139;134;-11,1605893034554;5337,35647893882;
196;montbizot;1706;149;14,8374677648941;5354,0357179355;
197;conge-sur-orne;327;29;18,5287572839011;5359,59546426773;
198;cre;803;46;-11,2289317984645;5302,14104567049;
199;berus;432;64;3,69247297504388;5379,97749432168;
200;saint-aubin-des-coudrais;952;54;43,2618382527308;5355,89267321047;
201;rouesse-fontaine;267;21;11,0919058221833;5372,57191220715;
202;brûlon;1540;94;-17,3720951041256;5333,65368788156;
203;moulins-le-carbonnel;730;44;-1,23125031056639;5378,13165853938;
204;chapelle-gaugain;324;30;50,833111698037;5314,9951791906;
205;saint-germain-sur-sarthe;551;37;7,39944358763719;5368,85800165722;
206;vezot;64;10;22,1693284915727;5376,27470326441;
207;voivres-les-le-mans;1277;111;4,96669651832918;5329,93977733163;
208;aigne-72;1546;122;8,66925425095479;5344,77318054601;
209;roeze-sur-sarthe;2815;106;4,96989409705845;5326,23698627436;
210;lavenay;366;47;52,3011495630239;5313,26053833494;
211;rouperroux-le-coquet;324;26;32,1060168562595;5361,4524195427;
212;oize;1202;71;7,46679090182086;5316,97444888487;
213;dissay-sous-courcillon;1009;28;34,9455947113421;5300,29520988819;
214;maisoncelles-72;193;17;42,2167341556099;5329,93977733163;
215;ferce-sur-sarthe;639;52;-2,48490977450987;5326,23698627436;
216;lavernat;635;28;24,9371758829471;5305,85495622042;
217;luart;1381;112;43,3461226394114;5344,77318054601;
218;luche-pringe;1665;33;6,23627314402342;5303,99800094545;
219;saint-vincent-des-pres-72;502;47;28,3552341968046;5370,71495693219;
220;douillet;316;16;-3,14539145926229;5367,72381340545;
221;montreuil-le-henri;256;17;42,271078484737;5322,5341952171;
222;flee-72;558;31;33,6544943004924;5307,70079200272;
223;pruille-le-chetif;1248;121;8,6804831484415;5337,35647893882;
224;bosse-72;118;10;39,5536785692626;5355,89267321047;
225;saint-ouen-en-champagne;197;17;-13,6539107191893;5331,79673260659;
226;saint-georges-du-rosay;430;24;37,0575145678022;5359,59546426773;
227;laigne-en-belin;2332;183;17,400127836475;5324,3800309994;
228;marolles-les-braults;2155;104;23,4468679657788;5365,15521059996;
229;saint-paterne;1611;222;8,61296770162317;5381,83444959664;
230;chateau-du-loir;4732;412;31,1815153912712;5303,99800094545;
231;saint-jean-du-bois;639;43;-2,48650770052206;5322,5341952171;
232;neuvillalais;579;30;-0,0618227576246126;5354,0357179355;
233;champfleur;1421;108;9,84656998363051;5379,97749432168;
234;chevain;623;109;9,83689366452494;5385,53724065391;
235;commerveil;125;22;25,8811135850945;5372,57191220715;
236;bernay-en-champagne;458;44;-4,95387018735721;5344,77318054601;
237;montreuil-le-chetif;311;21;-2,46806408594298;5365,15521059996;
238;etival-les-le-mans;2041;197;6,20630951308383;5331,79673260659;
239;sceaux-sur-huisne;584;49;43,3180705897325;5348,47597160328;
240;peze-le-robert;365;22;-4,94102664738334;5359,59546426773;
241;saint-aignan-72;247;16;25,931802792981;5361,4524195427;
242;saint-rigomer-des-bois;419;23;12,3082678666328;5379,97749432168;
243;saint-martin-des-monts;173;30;44,5124032946824;5354,0357179355;
244;mulsanne;4402;288;18,6370096789208;5326,23698627436;
245;epineu-le-chevreuil;286;19;-8,67487858669285;5341,05926999608;
246;terrehault;134;23;29,6460116542418;5359,59546426773;
247;ruille-en-champagne;316;21;-6,19228200343555;5344,77318054601;
248;saint-jean-des-echelles;255;23;53,1849170723504;5352,17876266054;
249;courgains;597;40;20,9650655001601;5368,85800165722;
250;semur-en-vallon;455;30;48,3468961416648;5339,21343421378;
251;thoire-sous-contensor;104;17;14,7892077629111;5372,57191220715;
252;pizieux;88;19;24,6486549561723;5372,57191220715;
253;saint-denis-des-coudrais;120;17;38,3301497884228;5354,0357179355;
254;vivoin;926;50;12,3444979500694;5363,29825532499;
255;beille;517;60;38,3799426210692;5346,61901632831;
256;ferte-bernard;9235;617;49,4261492810503;5357,73850899277;
257;lavardin-72;740;96;4,95227222702209;5346,61901632831;
258;cormes;886;46;53,1503135174417;5355,89267321047;
259;conlie;1869;108;-1,23728250744568;5350,33292687824;
260;brains-sur-gee;705;44;-2,47930321398479;5339,21343421378;
261;vibraye;2620;60;54,5099535708533;5342,91622527105;
262;fresnay-sur-sarthe;2173;1034;1,23326526275149;5368,85800165722;
263;degre;740;75;4,95547735436436;5342,91622527105;
264;savigne-l-eveque;4041;141;22,2851135960314;5346,61901632831;
265;grand-luce;2043;74;34,8114807871938;5322,5341952171;
266;conflans-sur-anille;569;18;55,8570090457907;5331,79673260659;
267;bazouges-sur-le-loir;1195;39;-12,4766158403646;5302,14104567049;
268;chemire-le-gaudin;930;40;-1,24169275460111;5329,93977733163;
269;evaille;398;20;47,2137330039198;5326,23698627436;
270;vion-72;1423;71;-17,4224872149457;5316,97444888487;
271;saint-georges-le-gaultier;539;23;-7,39702404875254;5370,71495693219;
272;saint-pavace;1855;359;13,9610183018723;5341,62636412197;
273;neuvy-en-champagne;378;25;-2,47609897165505;5346,61901632831;
274;tassille;139;21;-6,20030258949897;5337,35647893882;
275;montfort-le-gesnois;3083;164;30,0020596337724;5342,73831338842;
276;thorigne-sur-due;1594;83;39,6564497353721;5341,05926999608;
277;chapelle-aux-choux;276;19;17,4839376787878;5296,58129933826;
278;bonnetable;3994;99;32,1269562561299;5357,73850899277;
279;briosne-les-sables;513;52;29,331406160163;5356,7266351603;
280;cogners;195;14;49,7306761822801;5322,5341952171;
281;asse-le-riboul;483;28;6,17622772295732;5359,59546426773;
282;villaines-la-gonais;527;50;44,5268866062066;5352,17876266054;
283;domfront-en-champagne;971;46;1,23768462013819;5348,47597160328;
284;chapelle-saint-remy;894;46;33,4168164074031;5348,47597160328;
285;segrie;604;27;2,4704762661771;5359,59546426773;
286;tronchet-72;141;36;6,17824085793622;5357,73850899277;
287;mezieres-sous-lavardin;659;43;2,47288656503608;5354,0357179355;
288;neuvillette-en-charnie;304;20;-16,0896030234284;5348,47597160328;
289;rouez;781;23;-8,65521425863452;5354,0357179355;
290;montaille;585;19;52,1500526921929;5329,93977733163;
291;aillieres-beauvoir;215;14;24,0113616156242;5382,39042422987;
292;fresnaye-sur-chedouet;945;30;18,4381587917086;5387,39419592887;
293;courcemont;680;35;27,1931957331645;5355,89267321047;
294;chaufour-notre-dame;1097;98;4,95708410038016;5341,05926999608;
295;monhoudou;209;27;24,6647872939787;5368,85800165722;
296;chapelle-du-bois;888;53;44,4545190736817;5361,4524195427;
297;rene;377;30;16,0321524380259;5368,85800165722;
298;neuville-sur-sarthe;2386;104;14,8615362543903;5344,77318054601;
299;grez-72;389;52;-11,3460083571267;5358,46127601596;
300;chapelle-saint-fray;421;65;6,18626406629691;5350,33292687824;
301;disse-sous-ballon;134;37;22,2200518700211;5363,29825532499;
302;rahay;195;10;62,0432606163992;5333,65368788156;
303;mezieres-sur-ponthouin;673;37;22,1345437286874;5358,82821927388;
304;challes;1214;46;31,0417228644257;5329,93977733163;
305;tennie;1051;31;-4,94905579431697;5350,33292687824;
306;maigne;344;29;-3,72380060305271;5331,79673260659;
307;bouloire;2042;76;40,9485683862508;5333,65368788156;
308;nuille-le-jalais;488;83;35,9502313120604;5339,21343421378;
309;ruaudin;3325;241;19,8602947082852;5331,79673260659;
310;besse-sur-braye;2322;112;55,9830254120396;5318,82028466717;
311;saint-victeur;418;59;2,46484331180558;5372,57191220715;
312;bruere-sur-loir;266;23;26,217561761894;5298,43825461322;
313;montabon;785;104;28,6961340873387;5302,14104567049;
314;tresson;479;16;42,2439134549001;5326,23698627436;
315;spay;2846;200;11,178598218686;5328,09394154933;
316;jupilles;573;21;31,1316615499664;5313,26053833494;
317;dureil;68;8;-11,1930012898107;5320,67723994214;
318;louvigny-72;183;21;14,784395167205;5374,41774798945;
319;juigne-sur-sarthe;1184;57;-21,13550194438;5322,5341952171;
320;saint-georges-du-bois-72;1813;250;7,44519425204561;5333,65368788156;
321;mees-72;100;14;17,2540510747167;5372,57191220715;
322;fleche;15087;203;-6,23627314402342;5303,99800094545;
323;saint-longis;524;46;25,8642165735015;5376,27470326441;
324;cerans-foulletourte;3242;99;4,97629380685926;5318,82028466717;
325;joue-l-abbe;1251;120;16,0843756549308;5350,33292687824;
326;saint-mars-de-locquenay;538;24;36,0083448826796;5329,93977733163;
327;solesmes-72;1372;118;-22,3860025796213;5320,67723994214;
328;aubigne-racan;2076;64;19,9625703726743;5302,14104567049;
329;guierche;1086;137;14,8470931474852;5350,33292687824;
330;saint-jean-d-asse;1483;69;8,65521425863452;5354,0357179355;
331;coudrecieux;623;25;47,137715389641;5335,49952366386;
332;saint-georges-de-la-couee;173;14;43,5423282169084;5318,82028466717;
333;chapelle-d-aligne;1543;46;-17,4504535969262;5307,70079200272;
334;bailleul-72;1234;44;-11,8337742514417;5311,41470255264;
335;crannes-en-champagne;354;29;-3,72140054202458;5335,49952366386;
336;saint-ulphace;245;15;60,566632884378;5355,89267321047;
337;soulitre;688;62;33,4709280980756;5339,21343421378;
338;thoigne;164;22;18,498608969093;5368,85800165722;
339;precigne;3141;54;-23,6676232426676;5311,41470255264;
340;lude;4049;88;11,2360978979546;5298,43825461322;
341;arconnay;1852;235;6,15207760102997;5381,83444959664;
342;souvigne-sur-meme;178;28;46,9241898808201;5361,4524195427;
343;thoire-sur-dinan;432;24;33,6437000239203;5309,55774727768;
344;villaines-sous-luce;682;26;36,0546973394663;5322,5341952171;
345;saint-pierre-des-ormes;226;22;30,8209581932158;5370,71495693219;
346;fye;1031;63;6,16014001234346;5374,41774798945;
347;amne;505;31;-4,39882056548756;5341,8042760046;
348;saint-mars-la-briere;2470;71;28,503066276434;5341,05926999608;
349;lombron;1961;81;32,1895837663636;5346,61901632831;
350;tuffe;1633;66;38,3550153761586;5350,33292687824;
351;ecommoy;4695;164;19,9051005834032;5318,82028466717;
352;fille;1516;150;9,93971364607819;5326,23698627436;
353;avesse;376;20;-18,6190030152636;5331,79673260659;
354;beaumont-pied-de-boeuf-72;495;20;29,8959136792499;5311,41470255264;
355;neufchatel-en-saosnois;978;41;18,4683852907901;5378,13165853938;
356;saint-pierre-du-lorouer;375;22;38,5908510859355;5315,11749360991;
357;coulombiers-72;428;34;9,86267407492323;5370,71495693219;
358;preval;647;84;45,6745757551011;5363,29825532499;
359;villaines-la-carelle;171;11;22,1548378502633;5379,97749432168;
360;bazoge-72;3630;158;11,1389388024677;5348,47597160328;
361;cherreau;858;73;50,64524520432;5359,59546426773;
362;cherre-72;1708;91;48,8185561964107;5356,53760378501;
363;sainte-cerotte;325;22;50,9411349397039;5326,23698627436;
364;aulneaux;106;12;24,5922710497558;5385,53724065391;
365;mareil-sur-loir;623;52;1,24688497820822;5305,85495622042;
366;greez-sur-roc;384;15;59,3691821416088;5352,17876266054;
367;bouer;310;25;47,0463261637179;5346,61901632831;
368;arnage;5118;475;13,6583223003112;5329,93977733163;
369;lamnay;926;41;53,2021085236437;5350,33292687824;
370;mansigne;1583;43;9,96847878953193;5309,55774727768;
371;saint-ouen-de-mimbre;948;89;3,69851202437627;5370,71495693219;
372;mayet;3191;59;21,1762472762073;5311,41470255264;
373;courdemanche-72;640;26;42,3118399996212;5316,97444888487;
374;chassille;264;36;-8,67767281870709;5339,21343421378;
375;pontvallain;1654;47;14,9527555661868;5309,55774727768;
