196
142.54128
187.93659
5370.71496
5420.75267
56
52135
1;janvry-91;584;70;157,942673653754;5409,63318125778;
2;brunoy;25377;3833;183,472092635507;5415,19292759001;
3;boissy-sous-saint-yon;3731;464;163,163058294716;5398,51368859333;
4;villebon-sur-yvette;9625;1298;165,124883371956;5415,19292759001;
5;monnerville;401;48;151,49041135908;5376,27470326441;
6;gironville-sur-essonne;806;61;175,65363595562;5378,8433060699;
7;saint-hilaire-91;380;55;152,472478903675;5385,53724065391;
8;evry-91;52135;6258;180,040786576843;5407,77622598282;
9;leudeville;1374;175;170,467502040509;5400,37064386829;
10;valpuiseaux;619;33;171,084827341898;5379,97749432168;
11;dourdan;9984;325;148,490584884746;5396,65673331836;
12;estouches;207;34;157,802933139253;5370,71495693219;
13;draveil;28491;1808;177,415435497913;5413,33597231505;
14;marolles-en-beauce;218;36;162,521790558953;5378,13165853938;
15;mennecy;13395;1207;179,051693482555;5400,37064386829;
16;grigny-91;26638;5469;175,083494139164;5409,63318125778;
17;vert-le-petit;2636;385;174,204150899483;5398,51368859333;
18;oncy-sur-ecole;958;178;182,655539869288;5379,95525533635;
19;guillerval;766;44;155,134436442637;5378,13165853938;
20;wissous;5805;637;171,127060469995;5418,89571864727;
21;vayres-sur-essonne;893;105;174,033273364698;5385,48164319058;
22;abbeville-la-riviere;283;18;160,112063209453;5376,27470326441;
23;avrainville-91;737;80;165,561724195136;5400,37064386829;
24;ris-orangis;27463;3153;177,532707506427;5409,63318125778;
25;bures-sur-yvette;9535;2286;159,00939158023;5415,19292759001;
26;palaiseau;30285;2631;165,070092327589;5417,04988286497;
27;arpajon;10574;4405;165,507372714183;5402,21647965059;
28;guigneville-sur-essonne;926;100;173,484560348062;5389,34010714515;
29;epinay-sur-orge;10104;2275;171,353632014563;5411,49013653275;
30;blandy-91;115;14;166,994557836075;5372,57191220715;
31;boussy-saint-antoine;6292;2169;185,979817356084;5413,33597231505;
32;villabe;4869;1067;180,219139177666;5402,21647965059;
33;ville-du-bois;7138;1971;166,513451205002;5409,63318125778;
34;angervilliers;1645;182;152,021831985431;5402,21647965059;
35;echarcon;793;116;176,599172474811;5400,37064386829;
36;ormoy-91;1858;988;179,051693482555;5400,37064386829;
37;cerny;3294;192;170,804319473273;5389,25115120383;
38;verrieres-le-buisson;15418;1555;166,182972684849;5420,75267392224;
39;boissy-le-cutte;1324;289;168,346215379363;5389,25115120383;
40;crosne;9143;3686;179,742989423375;5417,04988286497;
41;moigny-sur-ecole;1302;106;181,267906088624;5385,48164319058;
42;longpont-sur-orge;6561;1299;167,792869067144;5407,77622598282;
43;mondeville-91;680;101;178,11886958474;5391,09698698613;
44;saint-michel-sur-orge;20046;3789;169,01788127622;5407,77622598282;
45;ballainvilliers;3795;946;167,681763225867;5411,49013653275;
46;villejust;2247;419;163,95586263766;5413,33597231505;
47;saint-escobille;460;38;145,09479021106;5385,53724065391;
48;saint-pierre-du-perray;8350;720;183,775525357894;5405,93039020052;
49;merobert;547;51;147,6019745077;5383,69140487161;
50;ballancourt-sur-essonne;7399;654;175,679247369702;5395,8005323832;
51;maisse;2661;123;175,949877105862;5381,83444959664;
52;chamarande;1091;190;163,270404641996;5394,81089753606;
53;milly-la-foret;4741;140;182,102471483477;5381,83444959664;
54;breux-jouy;1216;259;158,593914930174;5399,57004039645;
55;plessis-pate;4036;532;170,298898532349;5405,93039020052;
56;auvers-saint-georges;1204;92;164,605930892379;5391,09698698613;
57;auvernaux;338;52;182,851494871166;5396,65673331836;
58;morsang-sur-seine;510;116;183,957471327928;5400,37064386829;
59;vigneux-sur-seine;27331;3116;177,35660084378;5415,19292759001;
60;champcueil;2790;170;180,456491662219;5394,81089753606;
61;courcouronnes;13812;3160;176,424504343578;5405,93039020052;
62;boigneville;416;26;174,948922551845;5374,41774798945;
63;etrechy-91;6295;447;162,095972840038;5392,9539422611;
64;authon-la-plaine;360;33;143,817638575327;5387,39419592887;
65;boissy-la-riviere;551;44;158,828113500795;5378,13165853938;
66;saintry-sur-seine;5093;1548;183,836310884599;5404,07343492555;
67;montlhery;6840;2085;166,568591718422;5407,77622598282;
68;fleury-merogis;9121;1401;173,91719525217;5407,77622598282;
69;saint-sulpice-de-favieres;324;74;160,762022887439;5396,65673331836;
70;varennes-jarcy;2373;433;187,936592155561;5412,75775869649;
71;videlles;660;75;179,405471950645;5389,25115120383;
72;quincy-sous-senart;8048;1547;186,041107169348;5411,49013653275;
73;orveau;197;45;168,401604455488;5387,39419592887;
74;granges-le-roi;1067;84;148,588220703327;5392,9539422611;
75;gometz-le-chatel;2588;512;156,614544398185;5413,33597231505;
76;boutigny-sur-essonne;3103;191;175,395572864752;5385,82634746318;
77;mereville-91;3221;119;154,054001043528;5372,57191220715;
78;boutervilliers;366;52;151,19290209201;5387,39419592887;
79;mauchamps;286;90;160,762022887439;5396,65673331836;
80;igny-91;10336;2705;162,571184158274;5418,89571864727;
81;viry-chatillon;32045;5279;175,02550080326;5411,49013653275;
82;bouville-91;616;30;169,686839930155;5385,53724065391;
83;etampes;23158;565;158,620306891232;5385,53724065391;
84;gometz-la-ville;1374;139;155,442690179386;5411,49013653275;
85;arrancourt;128;17;160,16452738464;5374,41774798945;
86;bievres-91;4643;479;162,517177207677;5420,75267392224;
87;d-huison-longueville;1409;140;172,089236213829;5387,39419592887;
88;chatignonville;56;10;142,541283379706;5389,25115120383;
89;dannemois;840;99;181,923412586975;5387,39419592887;
90;chevannes-91;1641;160;179,169916207212;5396,65673331836;
91;forges-les-bains;3723;255;154,371441300631;5405,93039020052;
92;angerville-91;3753;145;147,892077629111;5372,57191220715;
93;corbeil-essonnes;43086;3913;182,610490363621;5404,07343492555;
94;val-saint-germain;1460;116;152,071754907716;5400,37064386829;
95;puiselet-le-marais;270;23;167,337426180824;5381,83444959664;
96;bois-herpin;75;19;164,983995685921;5378,13165853938;
97;orsay;15966;2003;160,232049605553;5415,19292759001;
98;tigery;2757;319;183,715088343718;5407,77622598282;
99;fontenay-le-vicomte;1273;186;176,657481676262;5398,51368859333;
100;massy-91;42258;4481;167,460046792762;5418,89571864727;
101;ferte-alais;3985;875;173,205006692738;5391,09698698613;
102;yerres;29050;2952;183,411213697321;5417,04988286497;
103;paray-vieille-poste;7111;1158;173,629526848415;5417,04988286497;
104;saint-germain-les-arpajon;9338;1479;165,452679796139;5404,07343492555;
105;saint-maurice-montcouronne;1641;181;155,699773601302;5402,21647965059;
106;gif-sur-yvette;20654;1780;156,614544398185;5413,33597231505;
107;pussay;1963;169;147,795523277151;5376,27470326441;
108;morangis-91;12136;2528;171,240375163683;5415,19292759001;
109;villiers-sur-orge;3891;2185;168,961929955179;5409,63318125778;
110;foret-sainte-croix;155;28;164,930213387095;5379,97749432168;
111;guibeville;719;275;166,78835261395;5400,37064386829;
112;chilly-mazarin;18484;3318;168,794325224666;5415,19292759001;
113;champmotteux;376;49;171,196727455239;5376,27470326441;
114;bouray-sur-juine;1962;271;169,408135029838;5394,81089753606;
115;soisy-sur-ecole;1357;117;183,091890807739;5389,25115120383;
116;souzy-la-briche;382;52;158,307882550047;5396,65673331836;
117;norville-91;4075;901;166,733598448914;5402,21647965059;
118;epinay-sous-senart;12171;3399;184,756753737387;5413,33597231505;
119;brieres-les-scelles;1026;118;157,338709180463;5387,39419592887;
120;nainville-les-roches;454;76;184,199969136407;5392,9539422611;
121;ulis;24792;4786;159,126232203638;5413,2247773884;
122;athis-mons;30393;3550;176,074765149428;5417,04988286497;
123;leuville-sur-orge;4099;1646;165,397972822105;5405,93039020052;
124;soisy-sur-seine;7048;823;179,981186256603;5409,63318125778;
125;fontenay-les-briis;1882;193;158,046951807789;5405,93039020052;
126;saint-cyr-la-riviere;501;56;157,648311836423;5376,27470326441;
127;lisses;7173;689;177,708678970194;5404,07343492555;
128;baulne;1316;161;173,147970988223;5392,9539422611;
129;briis-sous-forges;3364;309;155,596856503718;5405,93039020052;
130;nozay-91;4731;644;164,064237837739;5409,63318125778;
131;ormoy-la-riviere;941;91;158,724237003521;5381,83444959664;
132;champlan;2525;686;166,34827528565;5415,19292759001;
133;roinvilliers;92;12;165,03808800028;5376,27470326441;
134;richarville;408;39;147,456754283755;5389,25115120383;
135;courson-monteloup;595;159;158,099227360756;5404,07343492555;
136;congerville-thionville;222;26;147,304969316606;5379,36592222513;
137;marcoussis;7909;470;164,11856730027;5407,77622598282;
138;boullay-les-troux;649;135;150,497023909231;5413,33597231505;
139;foret-le-roi;481;60;149,865079258955;5391,09698698613;
140;vaugrigneuse;1269;209;155,648321664042;5404,07343492555;
141;janville-sur-juine;1863;174;166,953190186123;5394,81089753606;
142;etiolles;3073;263;181,265798785919;5407,77622598282;
143;linas;6479;862;166,568591718422;5407,77622598282;
144;saclas;1806;132;156,365908373827;5378,13165853938;
145;chauffour-les-etrechy;135;28;159,640218851512;5392,9539422611;
146;saint-jean-de-beauregard;278;70;159,114558968082;5411,49013653275;
147;morsang-sur-orge;20944;4770;172,577833068715;5411,49013653275;
148;juvisy-sur-orge;14634;6533;174,967839996872;5413,33597231505;
149;chalo-saint-mars;1143;39;152,472478903675;5385,53724065391;
150;vauhallan;1985;594;161,348601798284;5418,89571864727;
151;chalou-moulineux;418;39;148,929989491635;5379,97749432168;
152;vert-le-grand;2410;151;174,146651467067;5400,37064386829;
153;montgeron;22880;2039;179,802650782797;5415,19292759001;
154;saulx-les-chartreux;5048;659;166,403458138701;5413,33597231505;
155;pecqueuse;623;84;150,596502786138;5409,63318125778;
156;corbreuse;1703;107;143,675975926398;5392,9539422611;
157;bretigny-sur-orge;23334;1602;170,298898532349;5405,93039020052;
158;boissy-le-sec;671;35;153,600539950988;5389,25115120383;
159;villemoisson-sur-orge;6950;3008;170,13016533417;5411,49013653275;
160;saint-cheron-91;4799;419;155,802329891539;5398,51368859333;
161;bondoufle;9298;1375;175,199089140492;5405,93039020052;
162;coudray-montceaux;4708;411;183,957471327928;5400,37064386829;
163;roinville-91;1242;92;149,717286895575;5396,65673331836;
164;brouy;125;14;167,611267799789;5372,57191220715;
165;saint-vrain-91;2813;243;171,806758879303;5396,65673331836;
166;sermaise-91;1680;123;153,39886555953;5396,65673331836;
167;saint-aubin-91;690;193;156,510657806762;5417,04988286497;
168;villeneuve-sur-auvers;600;84;165,888848569224;5389,25115120383;
169;saclay;3241;237;158,90417048104;5418,89571864727;
170;egly;5323;1347;163,055656833043;5402,21647965059;
171;morigny-champigny;4311;139;162,255797367035;5387,39419592887;
172;prunay-sur-essonne;310;60;175,378649000524;5377,10866521425;
173;saint-germain-les-corbeil;7174;1455;182,550110154808;5405,93039020052;
174;buno-bonnevaux;476;29;176,122752246066;5376,27470326441;
175;torfou-91;272;77;164,443601551394;5396,65673331836;
176;fontaine-la-riviere;203;55;158,880187522938;5376,27470326441;
177;itteville;6575;538;171,863079873553;5394,81089753606;
178;breuillet-91;8319;1243;159,430053760833;5400,37064386829;
179;villiers-le-bacle;1204;199;155,288405478683;5417,04988286497;
180;cheptainville;1905;266;166,843422496305;5398,51368859333;
181;lardy;5528;724;166,953190186123;5394,81089753606;
182;marolles-en-hurepoix;4812;743;169,240873621694;5400,37064386829;
183;villeconin;728;50;155,904833553743;5394,81089753606;
184;sainte-genevieve-des-bois-91;34195;3688;171,467170834019;5407,77622598282;
185;bruyeres-le-chatel;3187;247;161,775953578448;5404,07343492555;
186;savigny-sur-orge;36842;5285;172,577833068715;5411,49013653275;
187;saint-cyr-sous-dourdan;1011;102;149,618498070087;5400,37064386829;
188;ollainville-91;4550;401;163,055656833043;5402,21647965059;
189;mespuits;191;19;167,50183937331;5376,27470326441;
190;plessis-saint-benoist;308;33;147,553773852309;5385,53724065391;
191;courdimanche-sur-essonne;269;47;175,477679065969;5383,84707776891;
192;courances;352;42;181,983233674137;5385,53724065391;
193;limours;6459;453;153,044981536314;5409,63318125778;
194;molieres-91;1961;279;151,77082139069;5411,49013653275;
195;longjumeau;21361;4413;168,794325224666;5415,19292759001;
196;saint-yon;909;195;160,655946349762;5400,37064386829;
