533
371.83237
486.45723
4975.97297
5100.14434
12
155637
1;voiron;19893;908;436,180120980055;5044,5468786057;
2;reaumont;964;194;430,9725178356;5044,5468786057;
3;terrasse;2374;250;463,796379960674;5040,83296805577;
4;perier;141;2;469,685316023161;4996,35499739795;
5;nantoin;439;46;410,957358005345;5051,95246072023;
6;saint-vincent-de-mercuze;1408;179;464,825063148932;5044,5468786057;
7;saint-laurent-en-beaumont;444;33;460,902020876102;4990,79525106572;
8;frontonas;1931;152;402,898451225017;5076,04840132411;
9;massieu;762;72;435,666283566652;5051,95246072023;
10;bouchage-38;582;51;429,975572608564;5077,90535659907;
11;beaurepaire-38;4620;250;394,748264263307;5040,83296805577;
12;chapelle-de-surieu;686;61;382,571700383145;5048,24966966297;
13;clavans-en-haut-oisans;113;7;482,990873360779;5011,18840061234;
14;cras-38;467;86;426,516156455875;5033,42738594125;
15;beaulieu-38;626;71;421,793322495369;5026,01068433405;
16;peage-de-roussillon;6751;911;374,984924893256;5044,5468786057;
17;batie-divisin;897;85;436,450303678556;5059,36916232742;
18;montbonnot-saint-martin;4651;728;454,174100597594;5029,71347539132;
19;pin-38;1231;128;429,037044850937;5053,80941599519;
20;autrans;1702;38;435,106639466688;5022,30789327679;
21;saint-pierre-de-mearoz;137;29;458,276061157162;4990,79525106572;
22;colombe-38;1439;108;425,513421854723;5048,24966966297;
23;treffort;245;22;445,52935374971;4994,38684719634;
24;leyrieu;724;113;407,351484725685;5087,16789398856;
25;saint-martin-d-heres;36177;3906;452,093045876282;5022,30789327679;
26;viriville;1545;50;406,592586711432;5038,98713227347;
27;sainte-agnes-38;537;19;463,310047548753;5029,71347539132;
28;velanne;495;61;439,178166218384;5057,51220705246;
29;notre-dame-de-vaulx;542;68;452,235203696775;5001,91474373018;
30;cornillon-en-trieves;173;12;449,474155832068;4985,2355047335;
31;quet-en-beaumont;64;7;462,616937858828;4985,2355047335;
32;ambel;23;4;468,008168159946;4983,3896689512;
33;vignieu;907;96;421,161406782476;5074,19144604914;
34;bossieu;271;20;401,971802335058;5050,10662493793;
35;oytier-saint-oblas;1581;110;390,52354964566;5066,78586393461;
36;saint-hilaire-38;1532;177;460,158315962898;5037,13017699851;
37;varacieux;826;44;417,631095851753;5029,71347539132;
38;cholonge;322;36;456,034782650668;5003,77169900514;
39;goncelin;2173;151;467,704778616747;5040,83296805577;
40;coublevie;4296;609;438,914225325381;5042,68992333074;
41;saint-pierre-d-entremont-38;559;17;456,923699570192;5049,95095204063;
42;brezins;1759;212;415,470749458433;5042,68992333074;
43;sainte-marie-d-alloix;553;181;465,99054658169;5046,392714388;
44;cotes-d-arey;1937;79;379,615165259464;5054,4654660624;
45;rovon;593;50;428,323157281043;5026,01068433405;
46;montseveroux;884;53;387,548409390451;5051,95246072023;
47;sablons-38;2031;198;372,710131788419;5038,98713227347;
48;saint-aupre;1077;90;442,560867384666;5046,392714388;
49;villard-de-lans;4034;60;435,869812545093;5011,18840061234;
50;saint-michel-en-beaumont;37;4;464,975463376364;4988,94941528342;
51;chatelus-38;87;7;421,595087290649;5009,33144533737;
52;mottier;687;64;414,980858703055;5050,10662493793;
53;notre-dame-de-commiers;475;99;448,041466229573;5005,62865428011;
54;moissieu-sur-dolon;701;48;389,192744109685;5046,392714388;
55;lumbin;1969;290;462,629646157293;5038,98713227347;
56;corps;511;45;469,32306151043;4983,3896689512;
57;charette;461;40;415,906106423576;5094,58459559575;
58;saint-etienne-de-saint-geoirs;2917;156;418,198656199741;5040,83296805577;
59;buisse;2814;244;439,043709592037;5040,83296805577;
60;commelle;794;56;407,175580987811;5050,10662493793;
61;saint-jean-d-herans;297;16;454,599635485732;4987,09246000846;
62;notre-dame-de-l-osier;499;59;422,851748832243;5029,71347539132;
63;burcin;451;67;423,961809259205;5051,95246072023;
64;saint-barthelemy-38;961;120;396,585466749214;5042,68992333074;
65;chateauvilain;630;71;415,284714937087;5061,22611760239;
66;meylan;17487;1419;452,868741587773;5029,71347539132;
67;saint-jean-de-soudain;1430;191;422,958519893924;5066,78586393461;
68;eparres;901;113;412,82466707958;5063,07195338469;
69;voissant;205;52;444,375803910793;5057,51220705246;
70;chasselay-38;431;45;417,508355817491;5031,57043066628;
71;sainte-marie-du-mont-38;238;9;463,249825925373;5048,24966966297;
72;monestier-d-ambel;23;2;468,279169244457;4979,67575840127;
73;treminis;173;3;455,388225201344;4975,972967344;
74;montagnieu-38;896;101;424,633667930665;5061,22611760239;
75;chanas;2339;200;376,730653515783;5037,13017699851;
76;engins;496;24;440,205068527362;5024,15372905909;
77;chatte;2406;105;414,321767350608;5020,45093800183;
78;charvieu-chavagneux;7722;892;400,701728814197;5086,67863631133;
79;pont-de-cheruy;5143;2049;402,178508823464;5087,16789398856;
80;abrets;3455;501;434,893650650081;5063,07195338469;
81;saint-didier-de-bizonnes;288;40;417,33603453682;5053,80941599519;
82;saint-victor-de-cessieu;2144;175;420,488893852269;5064,92890865965;
83;villard-saint-christophe;374;26;456,299750586137;5000,06890794788;
84;paladru;1087;93;432,809177088992;5055,66637127016;
85;saint-arey;79;11;451,840300582984;4988,94941528342;
86;laval-38;962;37;464,478075203034;5031,57043066628;
87;saint-theoffrey;449;78;453,546292539493;5001,91474373018;
88;verpilliere;6411;965;400,42706033961;5074,19144604914;
89;vizille;7630;725;452,754475852922;5013,03423639463;
90;saint-clair-de-la-tour;3428;370;426,850778599855;5066,78586393461;
91;jarrie-38;3853;290;452,489701711762;5016,74814694456;
92;faverges-de-la-tour;1285;167;429,319211635623;5068,63169971691;
93;monestier-du-percy;239;15;445,788762890417;4981,53271367623;
94;tour-du-pin;7975;1671;424,256198946481;5066,78586393461;
95;beaufin;22;3;469,594823986617;4979,67575840127;
96;lentiol;215;28;400,194830230139;5037,13017699851;
97;saint-martin-de-vaulserre;254;64;441,777374867925;5057,51220705246;
98;lalley;210;8;448,806947845733;4975,972967344;
99;lans-en-vercors;2557;66;438,103676169841;5016,74814694456;
100;roussillon-38;7964;685;376,287216288667;5044,5468786057;
101;percy-38;138;8;445,756643201081;4981,68838657353;
102;saint-maurice-en-trieves;168;12;447,491324126697;4975,972967344;
103;roches-de-condrieu;1957;1900;371,83236555993;5053,80941599519;
104;moretel-de-mailles;400;59;468,73115611657;5044,5468786057;
105;badinieres;606;101;413,069037410062;5059,36916232742;
106;meyrieu-les-etangs;868;101;405,177437920523;5060,89253282245;
107;noyarey;2243;133;440,993215510262;5031,57043066628;
108;saint-ismier;6381;428;456,649788638777;5031,57043066628;
109;oris-en-rattier;111;5;461,946967697377;4994,50916161565;
110;jarcieu;1036;164;386,931466951162;5040,83296805577;
111;heyrieux;4756;340;392,651777614569;5074,19144604914;
112;chateau-bernard;280;15;439,12667475762;5001,91474373018;
113;sonnay;1299;91;382,910105826828;5042,68992333074;
114;fontaine-38;22243;3300;444,123805684141;5024,15372905909;
115;saint-jean-de-vaulx;552;51;451,971654529833;5005,62865428011;
116;venon-38;722;166;454,706037640863;5022,30789327679;
117;saint-julien-de-l-herms;144;15;397,952126453197;5051,95246072023;
118;dolomieu;2956;221;427,767199596349;5072,34561026684;
119;granieu;447;119;434,377567855465;5070,48865499188;
120;gua-38;1887;66;441,491414408361;5005,62865428011;
121;saint-andre-le-gaz;2522;283;430,871076114737;5064,92890865965;
122;cordeac;205;7;461,302423090807;4985,2355047335;
123;montferrat-38;1588;129;435,280132850745;5057,51220705246;
124;sainte-luce;40;5;466,42447466031;4987,09246000846;
125;valencogne;603;79;431,254206938154;5059,36916232742;
126;flachere;446;156;465,581733045358;5048,10511625833;
127;eyzin-pinet;2150;75;388,618190353673;5055,66637127016;
128;longechenal;570;70;416,281217970415;5050,10662493793;
129;saint-guillaume;282;21;439,38166991416;4998,21195267292;
130;lieudieu;292;49;404,214917455979;5055,66637127016;
131;lavars;138;9;446,716409369348;4987,09246000846;
132;touvet;2977;257;464,962271361148;5042,68992333074;
133;saint-paul-d-izeaux;314;41;424,836865222466;5038,98713227347;
134;garde-38;114;12;474,792382935574;5011,43302945095;
135;barraux;1862;167;466,878215053177;5051,95246072023;
136;brion-38;130;32;417,140658653246;5037,13017699851;
137;versoud;4566;719;459,663856996302;5026,01068433405;
138;pont-de-beauvoisin-38;3453;469;441,385123811291;5063,07195338469;
139;theys;1992;55;469,283534287111;5037,13017699851;
140;saint-jean-le-vieux-38;243;52;460,901947405117;5026,9336022252;
141;batie-montgascon;1771;210;430,61572893063;5068,63169971691;
142;saint-michel-de-saint-geoirs;293;41;419,748310825435;5037,13017699851;
143;siccieu-saint-julien-et-carisieu;581;40;412,592623821594;5085,49997008889;
144;beaucroissant;1477;132;427,31851362382;5040,83296805577;
145;domarin;1415;473;408,566374477179;5068,63169971691;
146;champ-sur-drac;3136;351;450,267652677326;5011,18840061234;
147;valencin;2510;260;390,175795854367;5072,34561026684;
148;besse-38;142;5;484,300053500441;5011,18840061234;
149;saint-mury-monteymond;349;31;464,750315024682;5027,86763960902;
150;echirolles;35748;4548;448,435872811877;5018,59398272686;
151;champagnier;1256;190;448,697641132437;5014,8911916696;
152;saint-nizier-du-moucherotte;1030;91;441,639510866104;5022,30789327679;
153;tencin;1222;181;466,539190260288;5038,98713227347;
154;sone;633;214;414,56376309808;5016,74814694456;
155;pommiers-la-placette;568;33;441,778483638382;5038,98713227347;
156;avenieres;5430;181;432,824330870038;5074,19144604914;
157;revel-tourdan;1024;88;393,097690642522;5046,392714388;
158;diemoz;2626;191;396,893049492117;5068,63169971691;
159;chapelle-de-la-tour;1664;184;425,428103307269;5068,63169971691;
160;entre-deux-guiers;1766;167;448,6715151188;5051,95246072023;
161;izeaux;2111;135;423,410114967748;5040,83296805577;
162;rencurel;304;8;429,50935278841;5014,8911916696;
163;fontanil-cornillon;2818;512;443,603166250786;5031,57043066628;
164;veyssilieu;293;45;405,24881210899;5079,75119238137;
165;proveysieux;522;25;446,081117761191;5033,42738594125;
166;cotes-de-corps;66;6;467,07168222583;4985,12430980685;
167;chatenay-38;428;92;409,198688810488;5038,98713227347;
168;saint-gervais-38;574;43;429,628497424183;5026,01068433405;
169;malleval-en-vercors;51;3;426,432066332638;5020,15071169989;
170;saint-clair-du-rhone;3890;543;373,242420593602;5051,95246072023;
171;charnecles;1481;283;432,401627729543;5042,68992333074;
172;ornacieux;403;82;407,295982089335;5048,24966966297;
173;huez;1368;96;474,999363395197;5013,03423639463;
174;hieres-sur-amby;1149;131;409,570200318023;5092,72764032079;
175;bresson;692;248;451,05039623912;5018,59398272686;
176;montalieu-vercieu;3189;368;418,48911423421;5094,58459559575;
177;grenoble;155637;8584;448,173166241447;5022,30789327679;
178;varces-allieres-et-risset;6330;303;446,076364368214;5013,41229914523;
179;brangues;585;50;429,719716050409;5081,60814765633;
180;saint-simeon-de-bressieux;2777;147;410,381858887596;5040,83296805577;
181;blandin;140;32;425,010813537839;5055,66637127016;
182;saint-romain-de-jalionas;3147;230;404,765384728369;5087,16789398856;
183;revel-38;1377;46;459,798754311259;5024,15372905909;
184;ornon;131;11;470,038689473875;5009,33144533737;
185;saint-just-de-claix;1219;105;414,926857065562;5011,18840061234;
186;passins;1120;80;422,079703775807;5079,75119238137;
187;sappey-en-chartreuse;1072;70;452,602510663478;5033,42738594125;
188;panossas;605;75;403,953829352201;5079,75119238137;
189;vaulnaveys-le-bas;1174;98;456,546574884647;5014,8911916696;
190;veurey-voroize;1380;113;439,559724858903;5033,42738594125;
191;saint-andeol-38;116;3;436,631657888458;5000,06890794788;
192;chavanoz;4288;520;400,646605382376;5090,87068504583;
193;domene;6626;1252;457,051609675035;5026,01068433405;
194;anthon;969;109;400,526574504549;5092,72764032079;
195;bourgoin-jallieu;26173;1073;410,817767642355;5069,56573710073;
196;roche-38;1878;93;401,479524188481;5069,25439130612;
197;saint-martin-le-vinoux;5357;532;447,91109460308;5026,01068433405;
198;flacheres;496;100;414,613255415087;5055,66637127016;
199;tronche;6232;970;449,21643474622;5026,01068433405;
200;saint-albin-de-vaulserre;371;74;444,244059101387;5059,36916232742;
201;tignieu-jameyzieu;6055;454;402,298824476732;5085,3109387136;
202;charantonnay;1880;170;397,246377755822;5063,07195338469;
203;merlas;496;31;442,038427444628;5053,80941599519;
204;saint-alban-de-roche;1811;296;407,14791301697;5070,48865499188;
205;saint-paul-de-varces;2167;110;442,414142541378;5011,18840061234;
206;virieu;1049;92;426,185241397371;5057,51220705246;
207;panissage;451;92;424,8856370726;5057,51220705246;
208;sainte-blandine-38;904;98;423,084244747102;5064,92890865965;
209;auberives-sur-vareze;1487;210;377,143912029417;5051,95246072023;
210;saint-savin-38;3566;145;412,089984427171;5074,19144604914;
211;allevard;3783;147;473,660460727228;5048,24966966297;
212;saint-jean-d-avelanne;901;114;441,646400418958;5059,36916232742;
213;bizonnes;835;75;418,636406816396;5053,80941599519;
214;saint-christophe-en-oisans;114;0;486,457230481341;5000,06890794788;
215;saint-pierre-de-chartreuse;1011;12;454,677304216326;5040,83296805577;
216;serpaize;1511;129;382,739032233798;5066,78586393461;
217;vinay-38;4070;254;422,975243435522;5027,86763960902;
218;chimilin;1359;140;435,804132775658;5068,63169971691;
219;saint-martin-de-clelles;160;10;442,774796311155;4987,09246000846;
220;saint-maximin-38;641;61;470,918161977122;5050,10662493793;
221;avignonet;214;25;447,251197058609;4998,21195267292;
222;laffrey;382;56;453,150556743138;5007,47449006241;
223;serre-nerpol;297;22;420,710392227034;5032,4711095721;
224;villette-de-vienne;1631;147;381,328616178701;5068,63169971691;
225;forteresse;297;32;422,3551808584;5037,13017699851;
226;nivolas-vermelle;2339;384;412,702062484635;5064,92890865965;
227;saint-geoirs;497;71;418,321219020415;5038,98713227347;
228;optevoz;760;63;413,817122672769;5087,16789398856;
229;valette-38;73;9;460,934433648173;4997,32239325976;
230;sousville;149;50;457,292867109322;4994,14221835772;
231;saint-paul-les-monestier;260;18;443,445402764483;4996,35499739795;
232;roissard;251;17;443,831313036234;4990,79525106572;
233;marcieu;70;5;447,510608219575;4994,50916161565;
234;luzinay;2206;116;385,219724507055;5068,63169971691;
235;ferriere-38;228;4;475,660938561395;5038,98713227347;
236;pisieu;528;28;394,39959981657;5046,392714388;
237;dionay;121;8;408,735219959006;5026,01068433405;
238;saint-sebastien-38;255;12;457,227114750323;4987,09246000846;
239;mayres-savel;106;8;450,882340917847;4989,81673571125;
240;saint-verand-38;1823;102;417,943128025193;5023,01954080732;
241;corbelin;2124;177;431,784526724702;5070,48865499188;
242;four;1120;94;403,377970632152;5068,63169971691;
243;saint-jean-de-moirans;3090;480;436,437589368168;5040,83296805577;
244;salette-fallavaux;72;3;471,679433189492;4987,09246000846;
245;saint-hilaire-de-la-cote;1434;104;415,226241654805;5046,392714388;
246;vezeronce-curtin;1784;124;425,220184787404;5076,11511828009;
247;vertrieu;660;143;415,532504262711;5100,14434192798;
248;hurtieres;176;52;466,814098601604;5035,27322172355;
249;marcollin;629;58;397,58717805795;5037,13017699851;
250;roybon;1297;19;410,985044623496;5031,57043066628;
251;chamrousse;453;34;462,816928314923;5018,59398272686;
252;bessins;129;27;412,652807423413;5026,01068433405;
253;chozeau;1040;126;405,127825582188;5081,60814765633;
254;morestel;4201;523;424,795658945347;5077,90535659907;
255;saint-hilaire-de-brens;516;68;410,548953709611;5077,90535659907;
256;pont-de-claix;11268;2012;447,258348363448;5016,74814694456;
257;morte;156;8;459,698709471386;5007,47449006241;
258;saint-georges-d-esperanche;3208;130;394,533048854533;5064,92890865965;
259;saint-egreve;16006;1471;445,029539722747;5029,53556350869;
260;corenc;3851;592;451,696045752281;5027,86763960902;
261;venerieu;583;97;410,548953709611;5077,90535659907;
262;saint-barthelemy-de-sechilienne;471;38;457,734989680692;5008,68651476283;
263;pinsot;200;8;476,684009294622;5042,68992333074;
264;sinard;639;61;444,628283661364;4998,21195267292;
265;moras;470;56;408,456673456681;5080,19597208795;
266;saint-pierre-de-mesage;719;102;453,018304092923;5009,33144533737;
267;polienas;1098;78;427,946593122272;5031,57043066628;
268;saint-martin-de-la-cluze;607;37;445,052084687967;5001,85914626686;
269;miribel-les-echelles;1743;59;444,9008297689;5050,10662493793;
270;satolas-et-bonce;2101;125;398,655621478033;5081,60814765633;
271;salagnon;1197;145;415,729644437584;5077,90535659907;
272;montcarra;475;96;418,693090655094;5072,34561026684;
273;saint-sorlin-de-morestel;543;100;426,344410246989;5074,19144604914;
274;correncon-en-vercors;359;9;434,814471808428;5007,47449006241;
275;bevenais;928;65;420,308104453795;5048,24966966297;
276;chamagnieu;1487;108;401,364640672911;5079,75119238137;
277;teche;560;111;421,917105964104;5024,15372905909;
278;saint-martin-d-uriage;5446;183;457,453082646611;5020,45093800183;
279;saint-marcellin;8062;1032;416,936309263278;5020,45093800183;
280;allemond;871;19;473,628613323879;5018,26039794693;
281;saint-bernard-38;632;29;461,191041416537;5040,83296805577;
282;prunieres-38;376;45;454,3367276454;4990,79525106572;
283;eclose;713;69;413,069037410062;5059,36916232742;
284;livet-et-gavet;1226;26;465,703140999974;5014,8911916696;
285;saint-lattier;1265;69;408,263915645459;5013,03423639463;
286;saint-just-chaleyssin;2468;176;389,110832835409;5068,63169971691;
287;anjou;992;197;381,607430017821;5042,68992333074;
288;culin;662;90;409,050781034127;5061,22611760239;
289;cote-saint-andre;4833;173;410,019385947919;5046,392714388;
290;maubec-38;1608;187;412,579422828688;5066,78586393461;
291;saint-romain-de-surieu;324;68;381,38285104401;5046,392714388;
292;reventin-vaugris;1765;95;376,920645026944;5055,66637127016;
293;septeme;1750;81;390,639633170716;5064,92890865965;
294;rives-38;6062;554;429,797057560725;5042,68992333074;
295;pajay;1050;73;401,025284271312;5044,5468786057;
296;assieu;1316;106;379,857108984458;5050,10662493793;
297;succieu;703;84;415,420788995384;5063,07195338469;
298;chalons;165;31;384,832968086267;5053,80941599519;
299;meyrie;1001;291;411,281743776131;5066,78586393461;
300;plan-38;246;40;422,23076312341;5038,98713227347;
301;saint-bueil;700;183;443,206735211744;5055,66637127016;
302;saint-cassien-38;1107;195;433,70430353855;5042,68992333074;
303;salaise-sur-sanne;4201;260;376,50933109488;5040,83296805577;
304;saint-baudille-de-la-tour;744;34;413,570164125827;5090,87068504583;
305;montchaboud;369;188;452,622108008542;5014,8911916696;
306;saint-pierre-de-cherennes;476;39;421,103150949415;5016,74814694456;
307;dizimieu;651;66;411,476298976285;5083,4651029313;
308;moirans;7780;387;435,135310935965;5040,83296805577;
309;sarcenas;197;25;449,994110022254;5033,42738594125;
310;beauvoir-de-marc;1028;91;396,064782238897;5061,22611760239;
311;prebois;163;10;449,863949029197;4979,67575840127;
312;chezeneuve;499;73;406,092584469384;5066,78586393461;
313;auberives-en-royans;359;70;416,236037205224;5011,18840061234;
314;saint-antoine-l-abbaye;1016;45;408,914774873669;5023,23081116794;
315;gillonnay;975;68;412,622423306709;5046,392714388;
316;tramole;533;76;410,349614656954;5061,22611760239;
317;cheylas;2673;316;468,73115611657;5044,5468786057;
318;saint-maurice-l-exil;5845;455;373,462590121165;5048,24966966297;
319;clelles;510;24;442,903159094263;4985,2355047335;
320;belmont-38;463;71;418,222642748532;5056,44473575667;
321;valjouffrey;148;2;475,262709415046;4989,57210687263;
322;chassignieu;206;39;428,656548255725;5059,36916232742;
323;saint-quentin-sur-isere;1311;67;434,215106120986;5035,27322172355;
324;penol;322;26;406,114439415082;5046,392714388;
325;quaix-en-chartreuse;924;51;447,647891551775;5031,88177646089;
326;freney-d-oisans;265;18;480,653898335444;5007,47449006241;
327;herbeys;1343;173;453,664919666364;5018,59398272686;
328;chonas-l-amballan;1545;208;375,621437659322;5055,66637127016;
329;bourg-d-oisans;3327;93;473,966591574159;5009,33144533737;
330;annoisin-chatelans;634;47;409,937584723;5087,16789398856;
331;montagne-38;265;30;407,786980980397;5020,45093800183;
332;villefontaine;18374;1579;400,545650531127;5072,34561026684;
333;vasselin;424;110;423,752908514732;5074,19144604914;
334;saint-quentin-fallavier;5922;259;397,835558607353;5074,19144604914;
335;pont-eveque;5041;575;382,9665388472;5063,07195338469;
336;villemoirieu;1809;136;405,006804637852;5083,4651029313;
337;ruy;4198;201;413,754778322207;5068,63169971691;
338;estrablin;3264;157;386,975284312146;5061,22611760239;
339;sassenage;10996;826;443,993507138673;5026,01068433405;
340;nantes-en-ratier;479;39;458,651195453982;4996,54402877325;
341;saint-ondras;597;73;431,126277756108;5061,22611760239;
342;marcilloles;998;105;405,170400119589;5040,83296805577;
343;cour-et-buis;851;61;390,149143581565;5051,95246072023;
344;saint-honore-38;814;55;457,877591211252;4996,35499739795;
345;moidieu-detourbe;1790;99;390,871006036281;5061,22611760239;
346;sillans;1860;147;420,803994743879;5040,83296805577;
347;jardin-38;2241;242;383,193234747722;5059,36916232742;
348;ponsonnas;272;93;456,96268736434;4990,79525106572;
349;cheyssieu;1047;122;378,444669274118;5051,95246072023;
350;grand-lemps;2940;227;423,036134720479;5046,392714388;
351;saint-prim;1200;164;374,432330051726;5053,80941599519;
352;torchefelon;621;71;420,737946206531;5061,22611760239;
353;saint-pierre-de-bressieux;684;29;413,108232913482;5038,98713227347;
354;froges;3435;534;463,037678425281;5033,42738594125;
355;combe-de-lancey;705;38;462,004688538932;5029,71347539132;
356;sievoz;121;16;459,455215842665;4992,65220634069;
357;saint-clair-sur-galaure;272;17;403,156758059239;5031,57043066628;
358;renage;3717;728;428,620792056023;5040,83296805577;
359;oulles;12;1;469,764948922873;5013,03423639463;
360;murianette;874;143;455,880017154479;5024,15372905909;
361;pierre-chatel;1333;116;453,809660980792;4998,21195267292;
362;villard-notre-dame;25;1;475,552784331389;5005,62865428011;
363;seyssuel;1990;204;377,549094475309;5066,78586393461;
364;mure;5091;611;455,821680315604;4992,99691061329;
365;meyssies;602;43;393,817359333227;5055,66637127016;
366;poisat;2078;811;452,225567232735;5020,45093800183;
367;chichilianne;274;4;439,086824675339;4983,3896689512;
368;mizoen;193;13;481,822395774728;5009,33144533737;
369;royas;386;70;397,481526564399;5059,36916232742;
370;notre-dame-de-mesage;1198;264;452,886012956651;5011,18840061234;
371;bilieu;1274;189;432,937381622309;5053,80941599519;
372;saint-sauveur-38;1927;204;419,550066970216;5020,45093800183;
373;pact;829;85;389,42192197347;5042,68992333074;
374;veyrins-thuellin;1904;164;430,745298162123;5073,33524511398;
375;primarette;720;33;392,981554426428;5048,24966966297;
376;saint-didier-de-la-tour;1813;123;426,977660430919;5064,92890865965;
377;morette;386;61;426,391410515203;5035,27322172355;
378;quincieu;81;17;421,298572574974;5033,42738594125;
379;saint-bonnet-de-chavagne;628;41;410,520968721752;5018,59398272686;
380;isle-d-abeau;15586;1710;407,026712484284;5072,34561026684;
381;saint-andre-en-royans;326;31;420,040759366001;5013,03423639463;
382;vernioz;1183;104;381,045403465233;5051,95246072023;
383;monteynard;478;44;448,432513507065;5000,06890794788;
384;soleymieu;702;52;415,358150853419;5083,4651029313;
385;miribel-lanchatre;375;38;441,876744849075;5000,06890794788;
386;savas-mepin;806;77;393,584648852983;5059,36916232742;
387;monestier-de-clermont;1273;233;443,702456583626;4992,65220634069;
388;saint-michel-les-portes;248;12;441,332643204684;4988,94941528342;
389;mens;1387;49;453,547496417642;4983,3896689512;
390;cremieu;3347;545;407,59444709915;5083,4651029313;
391;saint-baudille-et-pipet;254;7;455,125778762842;4979,67575840127;
392;doissin;851;100;422,162011861879;5059,36916232742;
393;serezin-de-la-tour;865;92;416,595478168452;5064,92890865965;
394;saint-marcel-bel-accueil;1296;71;406,78493396126;5076,04840132411;
395;saint-chef;3493;128;417,273765419956;5074,19144604914;
396;vaujany;345;5;477,058225962976;5020,45093800183;
397;ville-sous-anjou;1146;62;378,891017860894;5044,5468786057;
398;saint-pierre-d-allevard;2799;103;472,637249084209;5044,5468786057;
399;champier;1242;86;412,135325485872;5053,80941599519;
400;courtenay-38;1201;37;417,821618683419;5085,3109387136;
401;chabons;1844;101;424,086495685659;5050,10662493793;
402;arandon;564;46;421,827645191852;5083,4651029313;
403;cessieu;2652;184;417,769360587177;5066,78586393461;
404;monsteroux-milieu;741;90;386,24765214575;5051,95246072023;
405;chapareillan;2747;90;465,302618497581;5055,66637127016;
406;salle-en-beaumont;307;33;462,34874605529;4988,94941528342;
407;buissiere;663;85;467,153618786425;5048,24966966297;
408;balbins;386;53;407,41634858913;5046,392714388;
409;villard-reculas;62;12;473,552074752184;5014,8911916696;
410;beaufort-38;563;64;400,421227217215;5040,06572306193;
411;saint-nicolas-de-macherin;887;83;437,354011677781;5046,392714388;
412;presles-38;99;3;422,657574040705;5013,03423639463;
413;montrevel-38;473;50;421,111631762263;5055,66637127016;
414;grenay-38;1453;201;395,007658590449;5077,90535659907;
415;apprieu;3108;205;429,417214715775;5048,24966966297;
416;bonnefamille;1015;107;398,071880064231;5070,48865499188;
417;chelieu;661;65;427,357329226739;5059,36916232742;
418;auris;207;18;477,894493674444;5009,33144533737;
419;gieres;6118;882;453,267003218339;5024,15372905909;
420;porcieu-amblagnieu;1603;101;418,364343310554;5096,43043137805;
421;saint-appolinard-38;398;36;412,407296757795;5024,7764206483;
422;chirens;2197;125;433,192913196034;5050,10662493793;
423;motte-saint-martin;413;28;449,874897408568;4998,21195267292;
424;bressieux;90;101;413,108232913482;5038,98713227347;
425;gresse-en-vercors;406;5;438,452061922588;4992,65220634069;
426;saint-nazaire-les-eymes;2907;342;458,220262502087;5031,51483320296;
427;romagnieu;1433;83;438,527554717648;5066,78586393461;
428;sardieu;1017;90;406,233668634361;5044,5468786057;
429;chapelle-du-bard;504;18;476,121940629875;5050,10662493793;
430;saint-jean-de-bournay;4366;162;400,197832541998;5057,51220705246;
431;clonas-sur-vareze;1495;218;374,653330331705;5050,10662493793;
432;villard-bonnot;7296;1249;460,699329529111;5029,71347539132;
433;tullins;7663;266;428,872747010424;5037,13017699851;
434;montfalcon;126;21;404,4617334295;5031,57043066628;
435;vourey;1578;229;431,353293333337;5038,98713227347;
436;sainte-anne-sur-gervonde;581;75;407,87294066966;5059,36916232742;
437;crolles;8451;594;460,293830683744;5035,27322172355;
438;riviere-38;637;34;431,987695783402;5029,71347539132;
439;adrets;903;55;466,950670686345;5033,42738594125;
440;oyeu;919;67;426,688775275921;5050,10662493793;
441;biol;1373;88;419,777419149087;5058,44624443627;
442;murette;1795;425;432,274028012417;5044,5468786057;
443;pierre;428;129;465,440957968122;5036,20725910736;
444;thodure;704;48;403,986484612375;5038,98713227347;
445;bouge-chambalud;1252;78;383,02306829509;5040,83296805577;
446;pommier-de-beaurepaire;694;36;399,48839636723;5048,24966966297;
447;saint-victor-de-morestel;1125;85;427,131300370166;5081,60814765633;
448;albenc;1091;110;425,585940632504;5027,86763960902;
449;saint-romans;1742;102;417,179832104122;5016,74814694456;
450;saint-blaise-du-buis;993;182;430,9725178356;5044,5468786057;
451;valbonnais;503;21;464,706398141666;4992,65220634069;
452;voreppe;9847;343;440,604835367602;5037,13017699851;
453;pellafol;137;3;466,829203492185;4981,53271367623;
454;biviers;2360;382;454,174100597594;5029,71347539132;
455;vernas;230;39;409,606824730093;5090,22575447129;
456;entraigues-38;240;11;468,477933991448;4992,84123771598;
457;villette-d-anthon;4284;187;396,650513380996;5092,72764032079;
458;bouvesse-quirieu;1418;80;418,614601343722;5092,72764032079;
459;sermerieu;1502;87;420,910335165557;5077,90535659907;
460;sechilienne;927;43;458,121162813274;5011,18840061234;
461;charancieu;714;129;433,723945001761;5061,22611760239;
462;murinais;381;46;416,448108799321;5027,86763960902;
463;chuzelles;2052;157;380,031320662027;5068,63169971691;
464;izeron;776;45;422,163824677154;5020,45093800183;
465;passage-38;766;114;428,5293896548;5061,22611760239;
466;choranche;131;12;424,089547341172;5011,18840061234;
467;aoste;2682;273;435,804132775658;5068,63169971691;
468;seyssins;6913;864;445,689996656792;5020,45093800183;
469;saint-etienne-de-crossey;2545;198;440,086213947693;5044,5468786057;
470;meaudre;1350;39;434,054032873358;5018,59398272686;
471;saint-joseph-de-riviere;1145;65;443,992306915331;5044,5468786057;
472;montaud-38;526;36;435,64673259784;5033,42738594125;
473;bellegarde-poussieu;928;55;386,589706750895;5046,392714388;
474;brie-et-angonnes;2416;249;455,104986054035;5016,74814694456;
475;venosc;815;32;481,073652764514;5001,91474373018;
476;bernin;2991;389;459,124686164218;5033,42738594125;
477;saint-pancrasse;438;65;458,990402995821;5035,27322172355;
478;vatilieu;385;41;424,032449840143;5031,57043066628;
479;vaulx-milieu;2435;269;403,137919760681;5072,34561026684;
480;trept;1774;111;413,017154981148;5079,75119238137;
481;claix-38;7538;312;444,643064021176;5016,74814694456;
482;motte-d-aveillans;1794;183;452,497810805813;4998,21195267292;
483;vif;8053;284;445,162499892355;5009,33144533737;
484;saint-hilaire-du-rosier;1987;121;412,069021991001;5014,8911916696;
485;chantelouve;76;2;469,402644715644;5001,98146068617;
486;mont-de-lans;1255;39;481,963057395237;5007,47449006241;
487;saint-agnin-sur-bion;835;86;408,930094748641;5063,07195338469;
488;saint-georges-de-commiers;2102;143;447,911563074684;5007,47449006241;
489;oz;221;13;474,583460390726;5018,59398272686;
490;chatonnay-38;1861;58;405,395470234407;5057,51220705246;
491;saint-geoire-en-valdaine;2402;143;439,437682885478;5053,80941599519;
492;creys-mepieu;1405;48;425,965766812915;5084,76608357304;
493;villard-reymond;35;3;472,795800737642;5007,47449006241;
494;crachier;471;129;407,510582011833;5064,92890865965;
495;saint-sulpice-des-rivoires;450;62;436,708358864569;5055,66637127016;
496;villeneuve-de-marc;1141;43;397,59940349913;5057,51220705246;
497;lavaldens;157;3;462,721554950496;5001,91474373018;
498;marnans;147;22;409,319266415128;5037,13017699851;
499;saint-sorlin-de-vienne;821;82;385,448432090497;5055,78868568947;
500;saint-christophe-sur-guiers;798;33;449,972272363501;5051,95246072023;
501;cognin-les-gorges;656;52;424,653888432437;5022,30789327679;
502;champ-pres-froges;1250;258;464,205678486636;5035,27322172355;
503;semons;368;34;405,755109324828;5051,95246072023;
504;parmilieu;651;50;414,490599391012;5096,43043137805;
505;janneyrias;1485;141;395,71287087638;5087,16789398856;
506;rochetoirin;1034;97;421,536994978915;5068,63169971691;
507;fitilieu;1709;170;433,467205692706;5064,92890865965;
508;chasse-sur-rhone;5267;665;374,954514821935;5066,78586393461;
509;arzay;216;22;403,154375133713;5051,95246072023;
510;saint-laurent-du-pont;4484;127;447,766942102245;5046,392714388;
511;saint-julien-de-raz;434;40;442,432310061677;5042,66768434541;
512;frette-38;1085;91;417,829279013594;5046,392714388;
513;seyssinet-pariset;12113;1137;442,946398736358;5022,30789327679;
514;pressins;1102;109;437,619666725895;5061,22611760239;
515;artas;1620;114;402,439400501897;5063,07195338469;
516;beauvoir-en-royans;74;35;418,827397538214;5017,21516563647;
517;eydoche;477;85;416,158826387574;5051,95246072023;
518;vienne;29328;1294;379,183840863877;5061,22611760239;
519;mont-saint-martin-38;88;16;443,472717119966;5033,42738594125;
520;charavines;1784;237;430,464815184423;5051,95246072023;
521;moutaret;222;41;474,681197924809;5051,95246072023;
522;pontcharra;7162;459;469,479729542579;5051,95246072023;
523;saint-alban-du-rhone;865;242;371,942443647188;5051,95246072023;
524;faramans-38;935;86;403,511402056293;5046,392714388;
525;eybens;9582;2129;450,9182962764;5020,45093800183;
526;chevrieres-38;693;41;415,386138618615;5024,15372905909;
527;balme-les-grottes;915;62;413,07508535307;5098,28738665302;
528;vaulnaveys-le-haut;3533;177;455,104986054035;5016,74814694456;
529;agnin;969;121;380,417729750952;5040,83296805577;
530;pont-en-royans;835;287;420,162792273198;5011,18840061234;
531;cognet;50;27;455,649313571519;4990,79525106572;
532;chantesse;315;54;426,767042802912;5029,71347539132;
533;susville;1402;141;455,150876513665;4994,42020567434;
