782
98.73589
226.41547
5513.41141
5598.66456
6
133448
1;moyenneville-80;679;48;124,885528617595;5568,08595172628;
2;bussu;222;32;212,335945925645;5552,32963062074;
3;marquaix;219;41;219,493329319337;5552,32963062074;
4;crouy-saint-pierre;328;31;149,299044576897;5556,32152848728;
5;beaumetz;217;35;150,868520115142;5574,56861594966;
6;mericourt-en-vimeu;117;35;139,665395534621;5548,62683956348;
7;templeux-le-guerard;210;32;225,301278323572;5556,04354117067;
8;mailly-raineval;243;16;176,02198587324;5531,9476005668;
9;famechon-80;236;48;147,283702465364;5531,9476005668;
10;canchy-80;316;48;134,09657660354;5580,12836228188;
11;fontaine-le-sec;149;20;128,788249820551;5554,18658589571;
12;mericourt-l-abbe;571;82;183,642742870507;5554,18658589571;
13;mezerolles;199;30;159,017223442511;5580,12836228188;
14;bus-les-artois;147;21;181,254177601781;5571,24388764298;
15;villers-bocage-80;1437;101;166,83203463816;5557,88937695297;
16;gruny;325;46;203,632678920044;5530,09064529183;
17;balatre;84;25;206,099299748126;5528,24480950953;
18;warsy;119;39;190,587316530857;5526,38785423457;
19;vauchelles-les-domart;125;31;146,370738215371;5565,30607856016;
20;mezieres-en-santerre;554;51;183,08074810627;5535,65039162406;
21;fontaine-sur-maye;152;26;137,512519804706;5585,68810861411;
22;morisel;524;81;178,355167235795;5533,80455584176;
23;vironchaux;419;25;129,07926095057;5591,24785494634;
24;croix-moligneaux;314;39;214,118427806516;5537,50734689903;
25;biaches;380;58;208,829155080292;5550,48379483845;
26;ignaucourt;91;21;184,087340008667;5541,21013795629;
27;saint-maulvis;258;41;131,309107484865;5548,62683956348;
28;bernay-en-ponthieu;250;25;124,385540558711;5589,40201916404;
29;quevauvillers;1099;124;149,472391205337;5539,36430217399;
30;hombleux;1058;78;214,413245192948;5530,09064529183;
31;vecquemont;545;291;175,537766131294;5546,76988428852;
32;maison-roland;117;23;143,790744746668;5572,72278016736;
33;hamel-80;523;57;183,896946202534;5546,76988428852;
34;berneuil-80;264;47;154,539784664925;5570,86582489239;
35;clairy-saulchoix;388;59;155,344773142375;5543,06709323125;
36;vaudricourt-80;402;134;110,516670728148;5572,72278016736;
37;avesnes-chaussoy;69;11;133,697027632109;5548,62683956348;
38;tailly-80;62;15;139,358483295413;5552,0294043188;
39;barly-80;167;14;161,334659701557;5581,98531755685;
40;franleu;513;60;117,687808802044;5570,86582489239;
41;bernes;299;39;220,838207186546;5548,62683956348;
42;froyelles;111;39;137,512519804706;5585,68810861411;
43;lanches-saint-hilaire;126;23;152,161777667676;5570,86582489239;
44;englebelmer;262;27;185,640936273153;5565,30607856016;
45;doullens;6717;201;167,440966330264;5576,42557122462;
46;miannay;553;62;122,443109537094;5570,86582489239;
47;aumatre;202;36;127,683727377227;5550,48379483845;
48;vauchelles-les-quesnoy;871;141;134,330291485548;5570,86582489239;
49;marieux;111;27;173,559561086229;5570,86582489239;
50;flixecourt;3255;274;148,853700549474;5561,6032875029;
51;lucheux;593;21;172,011202363362;5581,98531755685;
52;courcelette;147;31;196,282656388854;5567,16303383513;
53;nampty;244;46;157,897564524989;5537,50734689903;
54;maurepas-80;203;18;202,581807417441;5557,88937695297;
55;eaucourt-sur-somme;412;93;134,423641911571;5567,16303383513;
56;naours;1147;69;163,087308149923;5563,4491232852;
57;behencourt;355;50;174,042018915269;5556,04354117067;
58;saint-riquier;1261;87;138,988890202312;5574,56861594966;
59;louvrechy;199;34;172,489060366461;5530,09064529183;
60;forceville;171;22;183,261162270852;5565,30607856016;
61;quend;1381;36;115,971005558173;5594,96176549627;
62;aumont-80;140;42;137,325702126884;5546,76988428852;
63;saint-gratien-80;369;53;172,910388718794;5554,18658589571;
64;oisemont;1189;147;126,40352072804;5554,18658589571;
65;port-le-grand;288;25;124,690081309771;5576,42557122462;
66;boufflers;113;20;143,339764616307;5589,40201916404;
67;bettembos;98;23;135,169645544021;5537,50734689903;
68;lieramont;212;29;217,997899376734;5559,74633222794;
69;cavillon;107;19;149,163273066005;5550,48379483845;
70;fricourt;502;44;194,173230590096;5559,74633222794;
71;malpart;66;15;179,861142749674;5524,53089895961;
72;vaux-sur-somme;308;59;182,576138354611;5550,48379483845;
73;woignarue;822;49;106,951616833692;5572,72278016736;
74;rainneville;804;113;168,081906050919;5556,04354117067;
75;mouflers;87;24;146,421665596888;5563,4491232852;
76;cartigny;737;48;215,989003643218;5550,48379483845;
77;equennes-eramecourt;313;34;140,864324474947;5530,15736224782;
78;cerisy;481;43;188,960832186848;5549,33848709401;
79;montigny-sur-l-hallue;215;43;175,234327585001;5556,04354117067;
80;lihons;384;30;198,499892276341;5539,36430217399;
81;allenay;247;113;107,026208262626;5569,00886961743;
82;cayeux-en-santerre;120;22;186,541842691209;5539,36430217399;
83;harponville;168;61;179,753664954986;5563,4491232852;
84;rouy-le-petit;126;38;211,871858893339;5533,80455584176;
85;fleury-80;241;25;152,073655852372;5531,9476005668;
86;guyencourt-sur-noye;164;43;169,918319263006;5535,65039162406;
87;bourdon;383;54;147,765965819514;5557,88937695297;
88;tilloy-les-conty;256;40;156,862890782294;5531,9476005668;
89;frettemeule;295;39;117,496579280793;5559,74633222794;
90;allery;802;61;135,896009147552;5556,04354117067;
91;argoules;335;35;130,080362881215;5598,66455655353;
92;champien;295;33;205,041702734628;5524,53089895961;
93;folleville-80;148;24;170,268788284548;5524,53089895961;
94;contoire;408;57;183,332303459318;5528,24480950953;
95;boisle;392;33;140,970042375034;5589,40201916404;
96;sauvillers-mongival;186;35;177,280662722558;5530,09064529183;
97;namps-maisnil;1010;45;151,210470238615;5537,81869269363;
98;sentelie;208;37;146,186302977621;5528,24480950953;
99;thezy-glimont;467;69;174,583793106077;5539,36430217399;
100;framicourt;169;33;120,440624761349;5554,18658589571;
101;dominois;195;31;131,309310143562;5596,80760127857;
102;blangy-tronville;549;44;173,14973603123;5546,76988428852;
103;millencourt-en-ponthieu;375;43;135,377802564894;5576,42557122462;
104;bray-sur-somme;1238;73;194,442487441415;5552,32963062074;
105;lancheres;1041;63;110,401214601145;5578,28252649958;
106;bouzincourt;541;66;186,960785193317;5561,6032875029;
107;hallu;173;44;201,029841057865;5535,65039162406;
108;bazentin;76;14;197,609965637533;5563,4491232852;
109;bacouel-sur-selle;474;75;160,179446154572;5541,21013795629;
110;guillaucourt;387;60;188,803117899361;5543,06709323125;
111;tilloloy;369;57;198,050648376753;5518,97115262738;
112;vron;860;41;124,254902393762;5594,96176549627;
113;hem-hardinval;364;35;163,821157150086;5578,28252649958;
114;cizancourt;45;24;209,190126499736;5541,21013795629;
115;inval-boiron;93;28;125,38411866521;5546,76988428852;
116;boismont-80;462;29;119,939745469244;5576,42557122462;
117;chaulnes;1954;230;200,891215205917;5539,36430217399;
118;monchy-lagache;681;44;218,677305766103;5543,06709323125;
119;saint-maxent;414;64;123,889278336615;5559,74633222794;
120;neufmoulin;348;78;135,425072504817;5574,56861594966;
121;villers-les-roye;224;35;196,580388638976;5526,38785423457;
122;arrest;869;77;115,23034314019;5574,56861594966;
123;herissart;546;73;172,670807076602;5561,6032875029;
124;halloy-les-pernois;367;59;157,08079223113;5565,30607856016;
125;guillemont;131;40;202,441118487154;5561,6032875029;
126;bealcourt;103;28;155,402772598658;5581,98531755685;
127;bouquemaison;519;72;166,021208158055;5583,84227283181;
128;bellancourt;480;80;136,755948393819;5569,00886961743;
129;fonches-fonchette;150;29;202,318426211854;5534,7941906889;
130;ercourt;136;32;122,570856181552;5565,30607856016;
131;rogy;138;20;159,422334692247;5526,38785423457;
132;noyelles-en-chaussee;259;24;141,167382382918;5581,98531755685;
133;gorges-80;43;8;154,485906430037;5572,72278016736;
134;sailly-saillisel;495;52;208,323746047061;5563,4491232852;
135;morvillers-saint-saturnin;394;30;131,626442323791;5535,65039162406;
136;senlis-le-sec;283;34;183,324925091495;5563,4491232852;
137;outrebois;303;31;160,259827646823;5578,28252649958;
138;ville-sur-ancre;279;46;187,220194254411;5554,18658589571;
139;saint-vaast-en-chaussee;518;109;157,739805108109;5556,42160392126;
140;bray-les-mareuil;250;46;132,090666194359;5565,30607856016;
141;yvrench;301;32;142,403696222691;5580,12836228188;
142;chuignolles;158;32;195,770059270075;5548,62683956348;
143;louvencourt;268;34;178,314861821279;5570,86582489239;
144;brevillers-80;105;57;169,578810558016;5583,84227283181;
145;treux;243;108;184,834749671624;5554,18658589571;
146;grattepanche;293;45;163,934809636662;5535,65039162406;
147;peronne-80;7887;556;209,949674302188;5552,32963062074;
148;montonvillers;95;64;164,096010141545;5559,04580419008;
149;hervilly;175;28;223,072021016183;5552,32963062074;
150;pertain;382;48;205,674578533695;5539,36430217399;
151;autheux;112;13;159,183619566938;5574,56861594966;
152;marcelcave;1089;87;184,023764062519;5543,06709323125;
153;daours;773;89;175,477035415293;5548,62683956348;
154;limeux-80;140;16;129,800872726459;5561,6032875029;
155;y;85;31;214,118427806516;5537,50734689903;
156;cardonnette;447;81;168,140215043497;5554,18658589571;
157;bosquel;295;31;159,393572072337;5530,74669535904;
158;beaucamps-le-jeune;191;28;126,753029702799;5539,36430217399;
159;ault;1697;283;103,422619856342;5570,86582489239;
160;biencourt;124;55;121,591166079388;5556,04354117067;
161;friville-escarbotin;4541;512;110,593748538047;5569,00886961743;
162;bernaville;1094;63;154,432337812637;5574,56861594966;
163;morlancourt;365;30;188,412201055528;5554,18658589571;
164;breuil-80;54;24;212,090311845093;5528,24480950953;
165;beaucamps-le-vieux;1437;286;127,904434951768;5541,21013795629;
166;buverchy;40;21;213,28880184457;5528,24480950953;
167;havernas;420;93;159,516048013414;5563,4491232852;
168;neuville-coppegueule;583;67;125,470585275633;5543,06709323125;
169;pont-de-metz;2195;285;161,208152569555;5546,76988428852;
170;guignemicourt;244;54;155,291091925743;5544,92404850622;
171;esclainvillers;148;26;172,666697039687;5524,53089895961;
172;soyecourt;185;35;199,488779966343;5544,92404850622;
173;grivillers;65;19;196,782597105312;5520,82810790234;
174;fresnes-mazancourt;123;21;205,533007252628;5543,06709323125;
175;vermandovillers;135;23;199,557739494416;5543,06709323125;
176;matigny;520;74;215,314860715894;5537,50734689903;
177;framerville-rainecourt;454;45;194,476894029233;5544,24575945369;
178;arry-80;193;26;121,97399356846;5591,24785494634;
179;talmas;1093;56;166,658568286433;5563,4491232852;
180;plessier-rozainvillers;659;64;183,425270098721;5531,98095904479;
181;athies-80;623;58;213,897234954488;5543,06709323125;
182;forest-l-abbaye;324;98;129,305031716142;5581,98531755685;
183;verpillieres;166;34;202,712974102734;5522,68506317731;
184;coisy;286;47;166,947492752103;5554,18658589571;
185;fienvillers;629;53;159,238836282126;5572,72278016736;
186;rubempre;762;75;170,288667724546;5561,6032875029;
187;chaussoy-epagny;585;50;167,697458010365;5530,09064529183;
188;ovillers-la-boisselle;417;43;192,697107407186;5563,23785292458;
189;aigneville;845;78;115,470982497815;5563,4491232852;
190;saint-aubin-montenoy;226;21;142,199757654126;5543,06709323125;
191;hallencourt;1416;68;134,657239136807;5557,88937695297;
192;domvast;341;26;136,422726824012;5581,98531755685;
193;cardonnois;99;41;178,845496957615;5518,97115262738;
194;bethencourt-sur-somme;133;46;212,92271261334;5537,50734689903;
195;etoile-80;1239;156;145,231007467376;5563,4491232852;
196;nesle;2501;323;209,47806599269;5533,80455584176;
197;montdidier-80;6119;486;184,784123582696;5520,82810790234;
198;bettencourt-saint-ouen;623;77;151,235839901531;5561,6032875029;
199;laucourt;176;27;199,114523199669;5522,68506317731;
200;fontaine-sur-somme;539;35;138,088487194357;5563,4491232852;
201;picquigny;1357;131;153,83040950788;5554,18658589571;
202;tincourt-boucly;384;29;218,300193507608;5552,32963062074;
203;eclusier-vaux;88;13;199,21359921165;5552,32963062074;
204;ercheu;805;56;210,9643370564;5526,38785423457;
205;querrieu;673;67;172,970337260338;5552,32963062074;
206;grecourt;23;9;214,486572893838;5528,24480950953;
207;heucourt-croquoison;117;23;132,411592783303;5552,32963062074;
208;gamaches;2817;283;110,824295615771;5557,88937695297;
209;omiecourt;241;43;203,352684770721;5537,50734689903;
210;brassy-80;66;27;147,334405729686;5530,09064529183;
211;herleville;149;24;197,168062575995;5543,06709323125;
212;harbonnieres;1470;95;191,193511792555;5543,06709323125;
213;roye-80;6326;406;201,375277843924;5526,38785423457;
214;courcelles-sous-thoix;53;12;149,781054025843;5528,24480950953;
215;hancourt;103;25;219,644963345722;5548,62683956348;
216;cremery;155;60;203,562601320093;5531,9476005668;
217;buire-courcelles;245;31;215,914637622491;5552,32963062074;
218;villers-campsart;137;30;131,39971364362;5544,92404850622;
219;marquivillers;155;26;194,316348765522;5522,68506317731;
220;carrepuis;288;52;203,772362847688;5526,38785423457;
221;bussy-les-daours;337;41;174,222743036246;5550,48379483845;
222;hornoy-le-bourg;1664;32;136,337276300122;5542,57783555402;
223;licourt;395;56;206,941265782652;5537,50734689903;
224;faverolles-80;155;23;188,668903798267;5520,6835544977;
225;thennes;470;58;177,036902494024;5537,50734689903;
226;mereaucourt;7;2;139,021395406739;5529,63474609259;
227;salouel;4186;913;161,263578132766;5544,92404850622;
228;rancourt-80;185;63;208,468174811521;5559,74633222794;
229;loeuilly;853;49;155,55904490173;5535,65039162406;
230;eterpigny-80;176;43;208,973769935576;5546,76988428852;
231;mazis;105;27;126,578491955581;5546,76988428852;
232;puchevillers;522;36;172,551108255093;5565,30607856016;
233;moyencourt-les-poix;164;15;145,985716685067;5535,65039162406;
234;remaugies;119;28;192,114801078221;5517,12531684508;
235;estrees-sur-noye;281;47;167,524628226981;5535,65039162406;
236;sailly-le-sec;356;52;184,962515880634;5550,48379483845;
237;beaufort-en-santerre;188;40;191,522823713594;5533,80455584176;
238;rouy-le-grand;109;28;211,799296828822;5535,65039162406;
239;fricamps;142;25;143,493725147084;5539,36430217399;
240;thory-80;172;33;174,944311363397;5528,24480950953;
241;grebault-mesnil;228;88;122,613502770834;5563,4491232852;
242;rollot;768;64;191,044656580874;5513,41140629515;
243;maisnieres;515;40;115,510894609744;5561,6032875029;
244;jumel;358;40;168,837415021271;5531,9476005668;
245;roiglise;174;30;203,842388634773;5524,53089895961;
246;villers-tournelle;161;27;177,584751494243;5520,82810790234;
247;courtemanche;96;23;182,321272525244;5522,68506317731;
248;marestmontiers;104;41;182,006747264659;5524,9089617102;
249;sourdon;283;55;172,607381009078;5526,38785423457;
250;aubigny-80;496;50;177,864239329739;5548,62683956348;
251;abbeville;24155;914;130,763994249122;5570,86582489239;
252;clery-sur-somme;534;28;206,299457975049;5554,18658589571;
253;bettencourt-riviere;213;28;140,616011263658;5557,88937695297;
254;bayencourt;83;45;184,194213543321;5572,72278016736;
255;cerisy-buleux;256;45;123,932307303023;5557,88937695297;
256;cachy;251;41;178,048496304307;5543,06709323125;
257;etelfay;391;48;188,319170490474;5522,68506317731;
258;boussicourt;78;23;185,792427325909;5526,38785423457;
259;franqueville-80;167;26;148,647273639851;5569,00886961743;
260;berteaucourt-les-thennes;419;159;176,975833504279;5539,36430217399;
261;bonneville-80;346;33;160,539312393939;5569,00886961743;
262;tertry;182;36;219,796523178849;5544,92404850622;
263;miraumont;707;50;194,957344504783;5570,86582489239;
264;epagne-epagnette;577;87;133,234525891412;5567,16303383513;
265;cramont;300;31;146,065523820017;5576,42557122462;
266;saleux;2410;300;161,263578132766;5544,92404850622;
267;conty;1752;73;154,521449911622;5530,09064529183;
268;plachy-buyon;892;88;159,039117860893;5539,36430217399;
269;bouvaincourt-sur-bresle;848;124;107,137804095284;5563,4491232852;
270;guizancourt;128;21;143,740883638718;5530,09064529183;
271;heudicourt-80;520;40;220,303591133047;5561,6032875029;
272;boves;2976;117;170,878748574271;5543,06709323125;
273;nesle-l-hopital;171;35;121,759575594285;5548,62683956348;
274;wargnies;93;32;160,706706142926;5563,4491232852;
275;chaussee-tirancourt;661;52;153,83040950788;5554,18658589571;
276;villers-bretonneux;4187;288;180,376537413062;5544,92404850622;
277;vaux-en-amienois;424;37;160,929484516837;5556,04354117067;
278;rivery;3435;539;165,870063702736;5550,48379483845;
279;becordel-becourt;164;45;191,856875583657;5557,88937695297;
280;saigneville;393;30;122,357978535181;5574,56861594966;
281;vergies;193;24;132,411592783303;5552,32963062074;
282;liercourt;349;63;135,70788518736;5563,4491232852;
283;carnoy;111;37;196,623750286046;5557,88937695297;
284;herly-80;49;13;207,154886746077;5531,9476005668;
285;riencourt;183;18;146,776895539982;5550,48379483845;
286;saint-quentin-la-motte-croix-au-bailly;1322;191;103,618548221012;5567,94139832164;
287;quivieres;170;24;217,707008818447;5537,50734689903;
288;estrees-les-crecy;382;34;136,27978510247;5587,54506388908;
289;hargicourt-80;403;77;182,133813459841;5528,24480950953;
290;curlu;142;24;201,460111624018;5556,04354117067;
291;thieulloy-l-abbaye;315;21;138,710361819306;5539,36430217399;
292;buigny-les-gamaches;386;80;111,938400080566;5561,6032875029;
293;eplessier;382;27;140,002925022442;5535,65039162406;
294;woincourt;1450;346;109,442212916626;5567,16303383513;
295;cottenchy;441;41;171,055455663337;5537,50734689903;
296;ferrieres-80;460;132;156,377255401336;5548,62683956348;
297;sancourt-80;268;37;217,856700249808;5533,80455584176;
298;yvrencheux;159;26;141,216761414674;5580,12836228188;
299;rouvrel;272;37;173,567581434497;5533,80455584176;
300;foucaucourt-en-santerre;285;41;198,878457935452;5545,82472741204;
301;puzeaux;253;67;203,352684770721;5537,50734689903;
302;bonnay-80;250;42;180,12772065403;5552,32963062074;
303;pargny;166;45;211,799296828822;5535,65039162406;
304;montigny-les-jongleurs;84;16;151,897038631376;5580,12836228188;
305;rouvroy-en-santerre;198;26;195,113872169413;5533,80455584176;
306;vraignes-les-hornoy;87;15;137,467879382395;5541,21013795629;
307;villeroy-80;210;34;124,061073577883;5552,32963062074;
308;saveuse;751;188;158,820122469492;5546,76988428852;
309;contre-80;137;14;150,875987891348;5531,9476005668;
310;chuignes;122;26;196,964019343697;5548,62683956348;
311;proyart;637;64;193,449783083467;5546,76988428852;
312;nampont;251;12;123,855682458906;5598,54224213422;
313;camps-en-amienois;174;38;140,956551647274;5544,92404850622;
314;meillard-80;168;24;156,698498143561;5578,28252649958;
315;saint-aubin-riviere;113;36;127,816078574003;5544,92404850622;
316;dompierre-becquincourt;630;57;200,871651468753;5549,47192100598;
317;foucaucourt-hors-nesle;72;24;124,103803095764;5550,48379483845;
318;longuevillette;77;37;161,559973207628;5574,56861594966;
319;tully;623;331;108,215626190452;5569,00886961743;
320;allaines;424;50;211,069631650347;5554,18658589571;
321;lesboeufs;157;26;204,752485910552;5563,4491232852;
322;authie-80;300;30;178,25269472282;5572,72278016736;
323;vrely;455;80;192,653358359215;5535,65039162406;
324;domleger-longvillers;284;31;148,388491880647;5578,28252649958;
325;caix;732;61;190,129185819886;5539,36430217399;
326;nouvion;1241;78;126,228340085858;5583,31965667658;
327;embreville;578;108;110,709064231793;5563,4491232852;
328;thieulloy-la-ville;119;36;138,901463652372;5531,9476005668;
329;davenescourt;507;43;186,991329426501;5526,38785423457;
330;saint-sauflieu;912;117;161,541836564356;5535,65039162406;
331;hescamps;519;15;134,490247819005;5529,57914862927;
332;damery-80;211;43;197,643715003237;5530,09064529183;
333;toutencourt;517;35;174,991746688964;5563,4491232852;
334;hedauville;102;25;183,261162270852;5565,30607856016;
335;henencourt;192;58;183,452022424027;5559,74633222794;
336;bouillancourt-la-bataille;135;37;182,196440221553;5526,38785423457;
337;bresle;119;33;183,515738598795;5557,88937695297;
338;fresnoy-les-roye;307;40;200,039156829076;5530,09064529183;
339;cannessieres;85;22;126,44734520134;5552,32963062074;
340;courcelles-au-bois;86;42;184,258452795506;5570,86582489239;
341;villers-carbonnel;321;41;207,850834037788;5544,92404850622;
342;beauchamps-80;1056;146;108,365905551387;5561,6032875029;
343;lignieres-en-vimeu;113;34;124,103803095764;5550,48379483845;
344;esmery-hallon;788;41;216,883552892792;5528,24480950953;
345;cantigny;108;26;179,922545153261;5522,68506317731;
346;gueudecourt;103;21;202,300782296467;5565,30607856016;
347;bovelles;391;56;152,848972498315;5546,76988428852;
348;pont-noyelles;742;86;175,355893145456;5552,32963062074;
349;beuvraignes;826;57;199,182867759602;5520,82810790234;
350;coigneux;48;16;181,817748617276;5572,72278016736;
351;voyennes;604;68;214,265651793989;5533,80455584176;
352;roisel;1773;174;221,801985802059;5554,18658589571;
353;ramburelles;256;55;121,591166079388;5556,04354117067;
354;doingt;1329;154;212,409079361755;5550,48379483845;
355;languevoisin-quiquery;207;42;210,81972310198;5530,09064529183;
356;ailly-sur-somme;3157;209;157,516668384371;5550,48379483845;
357;fort-mahon-plage;1318;101;111,395426370329;5597,76387764771;
358;huchenneville;663;57;128,520648189106;5565,30607856016;
359;gratibus;169;31;183,458365604667;5524,53089895961;
360;ailly-le-haut-clocher;895;82;142,701611016835;5569,00886961743;
361;heilly;381;40;181,25729828772;5554,18658589571;
362;fay-80;118;30;200,614589864336;5546,76988428852;
363;brutelles;186;29;108,1027077452;5574,56861594966;
364;maizicourt;191;32;150,658117039752;5581,98531755685;
365;bus-la-mesiere;145;21;195,650274518427;5518,97115262738;
366;boisbergues;83;19;159,128056738029;5576,42557122462;
367;fransu;149;26;148,59548043125;5570,86582489239;
368;mesnil-martinsart;241;27;189,210954278406;5565,30607856016;
369;rue;3145;108;118,462656504564;5589,40201916404;
370;saint-fuscien;938;94;166,156778229331;5541,21013795629;
371;saint-valery-sur-somme;2818;268;116,296114575704;5580,12836228188;
372;fossemanant;108;39;157,897564524989;5537,50734689903;
373;caours;604;98;134,236895684472;5574,56861594966;
374;dury-80;1267;115;162,514520872411;5543,06709323125;
375;buigny-l-abbe;338;46;137,944652813589;5569,00886961743;
376;prouzel;483;93;157,897564524989;5537,50734689903;
377;frise;182;29;201,599870835107;5552,32963062074;
378;courcelles-sous-moyencourt;131;19;146,692876102745;5538,99735891606;
379;dernancourt;443;66;188,346861983433;5556,04354117067;
380;lealvillers;181;81;179,628608310595;5567,16303383513;
381;bussus-bussuel;300;36;142,651889457023;5570,86582489239;
382;villers-sous-ailly;189;30;143,940852603531;5567,16303383513;
383;candas;1047;60;160,483375639151;5570,86582489239;
384;longueval;282;33;200,280520522128;5562,59292235004;
385;chepy-80;1312;178;117,769593833312;5567,16303383513;
386;mirvaux;143;62;171,539330657102;5559,74633222794;
387;flers-80;169;26;201,111252297116;5565,30607856016;
388;flesselles;2066;100;160,818122491033;5559,74633222794;
389;ville-le-marclet;510;57;148,853700549474;5561,6032875029;
390;estrees-deniecourt;321;49;201,808963154707;5546,76988428852;
391;bailleul-80;278;19;132,13662505085;5563,4491232852;
392;arvillers;748;58;190,456670821301;5530,09064529183;
393;demuin;495;44;182,954499562532;5539,36430217399;
394;folies;129;22;191,588795538201;5531,9476005668;
395;domart-sur-la-luce;422;49;178,171136234754;5539,36430217399;
396;saulchoy-sous-poix;53;14;138,901463652372;5531,9476005668;
397;briquemesnil-floxicourt;158;21;149,317888991705;5544,92404850622;
398;driencourt;90;18;214,647083034251;5554,18658589571;
399;heuzecourt;154;21;154,324515896686;5578,28252649958;
400;sailly-laurette;310;48;186,156062636074;5550,48379483845;
401;erches;169;20;191,977034531936;5528,88974008407;
402;camon-80;4590;355;168,372959350425;5546,76988428852;
403;warloy-baillon;807;52;179,81579613496;5561,6032875029;
404;rosieres-en-santerre;2924;225;194,912549147664;5539,36430217399;
405;meharicourt;578;82;196,175522746858;5537,50734689903;
406;fresnoy-au-val;248;30;147,03060659055;5541,21013795629;
407;belloy-sur-somme;757;57;152,588956568802;5555,92122675136;
408;muille-villette;829;126;220,402927814173;5530,09064529183;
409;warlus-80;233;28;139,617046977056;5550,48379483845;
410;dancourt-popincourt;143;24;196,637211534975;5522,62946571398;
411;lamotte-buleux;350;56;130,536484197973;5580,12836228188;
412;hallivillers;141;19;164,216504699774;5526,38785423457;
413;lignieres-80;143;22;190,858576573101;5523,79701244375;
414;oneux;382;30;140,128138405421;5576,42557122462;
415;hailles;429;84;174,644036675268;5537,50734689903;
416;villers-sur-authie;412;34;120,704762325369;5594,96176549627;
417;bouchavesnes-bergen;334;33;208,540579544292;5557,88937695297;
418;croixrault;436;48;142,395898094748;5535,65039162406;
419;bouchoir;285;48;192,785745042139;5531,9476005668;
420;brailly-cornehotte;239;20;139,932598238655;5583,84227283181;
421;drucat;866;79;133,002990902006;5576,42557122462;
422;billancourt;183;36;207,297070797394;5528,24480950953;
423;authieule;364;79;168,687608602618;5574,56861594966;
424;irles;116;21;196,146348003407;5570,86582489239;
425;forceville-en-vimeu;268;90;128,74358761347;5556,04354117067;
426;ham-80;4991;525;220,327078946077;5531,9476005668;
427;fouquescourt;162;29;197,507665070062;5533,80455584176;
428;bourseville;737;91;109,366210830569;5570,86582489239;
429;metigny;109;16;137,183420291878;5552,32963062074;
430;mailly-maillet;616;55;185,576329676735;5567,16303383513;
431;lamotte-brebiere;216;50;170,760989450488;5546,76988428852;
432;aizecourt-le-bas;58;16;218,148856789491;5556,04354117067;
433;hangest-sur-somme;704;56;147,765965819514;5557,88937695297;
434;moislains;1257;60;212,11555682222;5557,88937695297;
435;huppy;802;74;126,22837819728;5561,6032875029;
436;longpre-les-corps-saints;1664;206;141,708711491117;5561,6032875029;
437;crecy-en-ponthieu;1550;27;133,909231989354;5587,54506388908;
438;longavesnes;85;20;218,148856789491;5556,04354117067;
439;hyencourt-le-grand;86;29;203,282538135493;5539,36430217399;
440;houssoye-80;413;100;177,679846903815;5554,18658589571;
441;fremontiers;147;11;148,481370426387;5531,9476005668;
442;moyencourt;304;73;210,891821845616;5528,24480950953;
443;marche-allouarde;71;34;206,028839450302;5530,09064529183;
444;yzeux;265;52;151,393160885446;5556,04354117067;
445;cocquerel;207;21;139,279145323869;5563,4491232852;
446;berny-en-santerre;152;34;204,267198968171;5544,92404850622;
447;brie-80;349;50;210,059316925807;5545,98040030934;
448;andainville;228;27;127,727943496798;5548,62683956348;
449;fontaine-les-cappy;48;13;199,351223258142;5548,62683956348;
450;mons-boubert;531;55;118,794160837686;5574,56861594966;
451;fresnoy-andainville;97;24;128,877274132667;5550,48379483845;
452;saint-leger-sur-bresle;84;77;123,038376299189;5544,92404850622;
453;baizieux;213;41;179,878286368671;5559,74633222794;
454;marchelepot;468;88;205,604014143869;5541,21013795629;
455;fresnoy-en-chaussee;108;28;185,537264147434;5533,80455584176;
456;saint-blimont;943;142;111,70525969656;5572,72278016736;
457;gauville-80;385;52;128,036623733472;5535,65039162406;
458;wiencourt-l-equipee;256;43;187,608637927537;5543,06709323125;
459;saint-leger-les-domart;1870;265;152,320530222925;5565,30607856016;
460;franvillers;514;107;178,810538352042;5556,04354117067;
461;vauvillers-80;275;44;193,583188710977;5543,06709323125;
462;thievres-80;61;16;174,687640828364;5572,72278016736;
463;neuville-les-loeuilly;126;39;156,730327732287;5536,52883154455;
464;fourcigny;179;39;131,671537310144;5533,80455584176;
465;ribemont-sur-ancre;611;66;183,525207035219;5555,29853516215;
466;armancourt-80;19;8;195,150064462543;5523,95268534105;
467;misery;130;39;206,798906780844;5541,21013795629;
468;friaucourt;716;172;105,836790334801;5569,00886961743;
469;francieres-80;190;32;137,992417482278;5567,16303383513;
470;pierregot;250;101;170,347847056247;5559,74633222794;
471;wiry-au-mont;121;25;131,127489710779;5556,04354117067;
472;mesnil-saint-georges;178;29;181,246591000117;5518,97115262738;
473;offignies;66;14;132,777497441468;5537,50734689903;
474;machy-80;129;39;127,939413146103;5589,40201916404;
475;andechy;265;34;195,315046603461;5528,24480950953;
476;yonval;239;60;127,242031987326;5569,00886961743;
477;agenvillers;193;32;136,517868380372;5578,28252649958;
478;saint-sauveur-80;1400;154;158,655570472954;5552,32963062074;
479;favieres-80;457;36;118,545717173431;5585,68810861411;
480;auchonvillers;129;22;186,701512249711;5569,00886961743;
481;chirmont;120;15;172,607381009078;5526,38785423457;
482;laboissiere-en-santerre;145;20;193,11662523444;5522,68506317731;
483;occoches;129;18;161,447174903211;5578,28252649958;
484;domart-en-ponthieu;1171;65;151,078403744944;5567,16303383513;
485;thiepval;124;28;192,780972283659;5565,30607856016;
486;bertrancourt;211;34;181,944554046465;5569,00886961743;
487;gorenflos;222;35;145,079733364431;5569,00886961743;
488;bouchon;153;33;144,968030109928;5563,6381546605;
489;agenville;114;34;149,575839137035;5578,28252649958;
490;acheux-en-vimeu;528;42;120,148539628745;5567,16303383513;
491;mouflieres;94;34;125,297349851204;5550,48379483845;
492;etricourt-manancourt;528;47;213,084950061056;5563,4491232852;
493;long;658;71;141,659747330866;5563,4491232852;
494;fressenneville;2257;260;111,821872467173;5567,16303383513;
495;herbecourt;194;43;204,055684043389;5550,48379483845;
496;arqueves;152;19;177,248948760048;5567,16303383513;
497;thoix;131;11;148,63437337918;5526,38785423457;
498;quesne;286;200;129,010862506213;5544,92404850622;
499;aizecourt-le-haut;81;22;213,454360742857;5554,18658589571;
500;etrejust;45;11;134,843575940153;5550,48379483845;
501;gapennes;257;22;138,843603817123;5580,12836228188;
502;morcourt-80;274;36;189,867379693032;5546,76988428852;
503;rethonvillers;343;48;206,028839450302;5530,09064529183;
504;fescamps;145;28;193,249180475924;5518,97115262738;
505;neslette;90;43;119,331048043718;5550,48379483845;
506;devise;53;19;215,018104177022;5544,92404850622;
507;gentelles;525;94;175,658819385886;5543,06709323125;
508;ribeaucourt-80;235;43;149,732263567169;5572,72278016736;
509;punchy;78;25;202,226686575877;5535,65039162406;
510;piennes-onvillers;352;28;190,26256431977;5518,58197038412;
511;ailly-sur-noye;2805;110;170,035082982294;5531,9476005668;
512;grivesnes;365;19;178,661828649819;5524,53089895961;
513;hautvillers-ouville;518;85;129,395209373846;5578,28252649958;
514;fins-80;280;40;217,846868327077;5563,4491232852;
515;rubescourt;141;35;184,973862021506;5515,26836157011;
516;machiel;160;24;130,308424612858;5589,40201916404;
517;behen;456;46;124,950630183853;5565,30607856016;
518;ponches-estruval;111;15;134,905322598941;5594,96176549627;
519;remiencourt;186;38;171,1144468173;5535,65039162406;
520;mametz-80;165;22;196,555483044596;5559,74633222794;
521;saint-acheul;28;9;154,270908247409;5580,12836228188;
522;surcamps;72;24;147,509628174237;5567,16303383513;
523;belleuse;347;44;152,230360483536;5526,38785423457;
524;longueau;5686;1662;168,430848272;5544,92404850622;
525;toeufles;275;30;122,528199179292;5567,16303383513;
526;avelesges;48;9;137,230669451032;5550,48379483845;
527;martainneville;396;52;121,507025882114;5559,74633222794;
528;dommartin-80;352;53;172,311292335313;5535,65039162406;
529;forest-montiers;430;42;124,429152608077;5587,54506388908;
530;ablaincourt-pressoir;265;28;202,369391026648;5541,93290497948;
531;brucamps;142;22;146,319798398964;5567,16303383513;
532;douilly;263;26;219,053955804978;5533,80455584176;
533;corbie;6388;393;178,996214073148;5550,48379483845;
534;quesnel;737;64;187,931775257774;5533,80455584176;
535;translay;223;39;120,398857409657;5556,04354117067;
536;caulieres;216;39;136,413106432123;5535,65039162406;
537;coullemelle;322;34;175,124370719114;5522,68506317731;
538;becquigny-80;104;17;188,190231527093;5526,38785423457;
539;maison-ponthieu;280;25;145,912749711335;5581,98531755685;
540;neuvillette-80;204;65;164,893507255492;5581,98531755685;
541;belloy-saint-leonard;86;13;136,060819610361;5549,54975745463;
542;yaucourt-bussus;207;29;140,274595719222;5570,86582489239;
543;braches;223;30;180,874184813526;5530,09064529183;
544;pende;1152;70;112,77519684802;5578,28252649958;
545;cambron;720;57;125,965475274386;5572,72278016736;
546;titre;384;85;128,163326600422;5580,12836228188;
547;meigneux-80;162;40;135,262585765964;5533,80455584176;
548;barleux;264;35;206,585023354834;5546,76988428852;
549;woirel;41;22;129,935896283201;5556,04354117067;
550;sailly-flibeaucourt;1014;95;125,79016900287;5580,12836228188;
551;assainvillers;144;19;187,311696911645;5517,12531684508;
552;ligescourt;230;44;133,815632187484;5591,24785494634;
553;oissy;240;43;146,827723510756;5548,62683956348;
554;guerbigny;263;31;191,786218631449;5526,38785423457;
555;lafresguimont-saint-martin;512;19;129,785937002434;5539,20862927669;
556;mesnil-bruntel;302;41;212,55617332601;5546,76988428852;
557;buigny-saint-maclou;517;70;129,440417150298;5576,42557122462;
558;contalmaison;123;21;195,296129428797;5561,6032875029;
559;rumigny-80;581;74;163,878293639474;5537,50734689903;
560;bouvincourt-en-vermandois;154;79;218,526606816508;5546,76988428852;
561;chipilly;187;27;189,735986917537;5550,48379483845;
562;millencourt;236;40;184,642791277672;5559,74633222794;
563;montauban-de-picardie;219;28;198,937735499097;5559,74633222794;
564;hiermont;136;27;148,285077490788;5581,98531755685;
565;saint-germain-sur-bresle;196;22;124,318322595901;5541,21013795629;
566;mericourt-sur-somme;191;26;190,995651441184;5548,62683956348;
567;oresmaux;838;75;162,794436067039;5533,80455584176;
568;fresneville;110;32;131,354552155708;5546,76988428852;
569;liomer;415;106;130,250656087248;5543,06709323125;
570;pys;110;21;196,675442511068;5569,42029084601;
571;cahon;216;30;122,400421379929;5572,72278016736;
572;brouchy;567;70;222,874564989759;5528,24480950953;
573;acheux-en-amienois;569;80;180,817724330755;5567,16303383513;
574;fluy;307;48;150,56470233076;5543,06709323125;
575;grand-laviers;333;35;127,109260289481;5574,56861594966;
576;fransures;141;33;160,620517595418;5526,38785423457;
577;fontaine-sous-montdidier;121;13;181,18443753847;5520,82810790234;
578;belloy-en-santerre;166;30;204,19699325477;5546,76988428852;
579;hattencourt;248;68;199,901457970711;5533,80455584176;
580;poix-de-picardie;2407;206;142,477965079282;5534,82754916689;
581;bergicourt;159;23;144,889085000403;5531,9476005668;
582;parvillers-le-quesnoy;214;22;196,77076186764;5531,58065730887;
583;vaire-sous-corbie;269;39;182,576138354611;5550,48379483845;
584;regniere-ecluse;141;14;125,526627259515;5591,24785494634;
585;bavelincourt;125;16;175,173886618477;5557,88937695297;
586;pierrepont-sur-avre;571;132;183,332303459318;5528,24480950953;
587;epecamps;6;3;153,297317461625;5572,72278016736;
588;combles;738;74;204,82325783921;5561,6032875029;
589;villers-aux-erables;137;31;181,883902588257;5535,65039162406;
590;monsures;239;26;155,826347587891;5526,38785423457;
591;molliens-au-bois;334;45;170,407011916088;5557,88937695297;
592;neuville-sire-bernard;271;64;180,721757285279;5531,05804115364;
593;hardecourt-aux-bois;72;13;201,390624988435;5557,88937695297;
594;domesmont;40;20;152,108728493213;5572,72278016736;
595;arguel-80;30;11;129,010862506213;5544,92404850622;
596;estreboeuf;260;41;115,190122143467;5576,42557122462;
597;cagny-80;1252;236;168,430848272;5544,92404850622;
598;beaucourt-en-santerre;175;29;185,473721178577;5535,65039162406;
599;berteaucourt-les-dames;1165;251;154,701018228828;5565,30607856016;
600;valines;639;121;115,350706741293;5569,00886961743;
601;beauval;2145;95;166,426966613378;5570,86582489239;
602;marlers;146;37;132,868792865315;5533,80455584176;
603;laleu-80;98;62;138,375840365267;5552,32963062074;
604;mesnil-en-arrouaise;141;21;210,704348054059;5563,4491232852;
605;echelle-saint-aurin;54;10;195,382205735805;5526,38785423457;
606;saint-ouen-80;2028;466;151,18358386291;5563,4491232852;
607;beaucourt-sur-l-ancre;98;27;190,269052525132;5569,00886961743;
608;suzanne-80;188;21;197,952548406124;5554,18658589571;
609;airaines;2304;92;139,472219914592;5556,04354117067;
610;goyencourt;95;17;198,909797651683;5528,24480950953;
611;merelessart;201;53;132,319798380511;5556,04354117067;
612;tours-en-vimeu;881;65;120,23218651181;5563,4491232852;
613;bouillancourt-en-sery;559;34;116,822646642616;5556,04354117067;
614;doudelainville;321;64;126,272245538326;5559,74633222794;
615;rambures;393;39;121,633347052742;5554,18658589571;
616;grandcourt-80;188;22;193,836592800553;5569,00886961743;
617;ugny-l-equipee;41;14;220,023951048404;5539,36430217399;
618;feuilleres;146;24;203,914728882538;5554,18658589571;
619;ergnies;211;107;145,079733364431;5569,00886961743;
620;beaucourt-sur-l-hallue;254;46;175,173886618477;5557,88937695297;
621;buire-sur-l-ancre;324;61;184,770651216392;5556,04354117067;
622;dromesnil;96;17;133,74329873645;5546,76988428852;
623;breilly;469;81;156,269298849497;5552,32963062074;
624;fouilloy-80;1866;325;179,058199403361;5548,62683956348;
625;beauquesne;1344;67;171,241933220202;5569,00886961743;
626;remaisnil;39;13;160,148139927075;5581,98531755685;
627;mesnil-saint-nicaise;571;83;209,47806599269;5533,80455584176;
628;etalon;137;30;204,689761981701;5533,80455584176;
629;fouencamps;232;63;173,329002941065;5541,21013795629;
630;eppeville;1861;375;219,204847549045;5530,09064529183;
631;velennes-80;151;38;150,875987891348;5531,9476005668;
632;beaumont-hamel;188;22;189,079634597306;5569,00886961743;
633;saint-quentin-en-tourmont;306;9;112,499830041155;5591,24785494634;
634;quesnoy-sur-airaines;437;27;141,905333064774;5554,18658589571;
635;mesnil-domqueur;95;27;148,492166474452;5574,56861594966;
636;noyelles-sur-mer;773;38;122,230076597303;5580,12836228188;
637;saint-christ-briost;463;59;209,190126499736;5541,21013795629;
638;argoeuves;530;51;159,903045910394;5550,48379483845;
639;colincamps;92;21;185,447456294131;5570,86582489239;
640;fransart;150;50;198,704920625232;5533,80455584176;
641;gezaincourt;404;57;165,066154667375;5576,42557122462;
642;mareuil-caubert;895;98;130,854866340865;5567,16303383513;
643;aveluy;501;75;190,533279722496;5561,6032875029;
644;fresnes-tilloloy;172;48;126,316102151945;5557,88937695297;
645;terramesnil;284;106;168,746122007863;5572,72278016736;
646;quesnoy-le-montant;584;82;120,023243443106;5572,72278016736;
647;glisy;570;102;172,014483341617;5544,92404850622;
648;saint-leger-les-authie;90;20;179,441283691232;5572,72278016736;
649;senarpont;676;96;122,996088565146;5546,76988428852;
650;bayonvillers;355;43;188,737874757492;5544,92404850622;
651;nibas;840;66;112,932508066994;5570,86582489239;
652;lavieville;155;72;184,7069210278;5557,88937695297;
653;cressy-omencourt;113;14;209,694050796348;5528,24480950953;
654;creuse-80;190;37;155,39844116173;5541,21013795629;
655;brocourt;96;39;131,445136059072;5543,06709323125;
656;grouches-luchuel;598;66;169,697500659213;5580,12836228188;
657;potte;119;36;208,28081043752;5533,80455584176;
658;flaucourt;319;43;205,249230798829;5550,48379483845;
659;sorel;173;21;217,891777138726;5562,34829351142;
660;authuille;170;47;190,467445364514;5563,4491232852;
661;essertaux;239;36;161,652844169302;5531,9476005668;
662;gueschart;328;25;142,254576098965;5585,68810861411;
663;prouville;305;34;150,868520115142;5574,56861594966;
664;lawarde-mauger-l-hortoy;182;19;164,216504699774;5526,38785423457;
665;moreuil;4025;171;178,355167235795;5533,80455584176;
666;vercourt;114;24;120,747159039638;5593,1048102213;
667;neuilly-l-hopital;323;42;134,143173867596;5578,28252649958;
668;varennes-80;204;28;180,880674264949;5565,30607856016;
669;amiens;133448;2698;164,733543451092;5548,62683956348;
670;assevillers;287;52;202,93238724621;5548,62683956348;
671;frechencourt;233;41;174,102395519911;5554,18658589571;
672;offoy-80;217;30;216,098613288423;5532,87051845795;
673;feuquieres-en-vimeu;2509;314;114,200818262606;5567,16303383513;
674;yzengremer;556;163;108,253096896467;5567,16303383513;
675;conde-folie;893;86;144,090850843173;5561,6032875029;
676;conteville-80;195;30;147,769506158701;5579,20544439073;
677;neuville-au-bois;172;58;127,952762064377;5556,7218302232;
678;vers-sur-selles;725;64;160,013498543923;5542,11081686211;
679;soues-80;143;16;146,675506740072;5554,18658589571;
680;meaulte;1318;122;190,665693154651;5557,88937695297;
681;albert;9774;708;189,408010933884;5559,74633222794;
682;warvillers;135;32;192,719361059073;5533,80455584176;
683;bougainville;451;44;145,734253922088;5544,92404850622;
684;falvy;128;20;211,726279703962;5537,50734689903;
685;poeuilly;100;16;222,109010206943;5546,76988428852;
686;revelles;544;37;151,759899277357;5543,06709323125;
687;neuville-les-bray;270;66;194,442487441415;5552,32963062074;
688;oust-marest;646;111;104,180246937787;5564,53883356632;
689;cayeux-sur-mer;2736;104;105,615837359002;5580,12836228188;
690;ayencourt;173;37;184,910505043158;5517,12531684508;
691;etinehem;347;31;192,056215817958;5552,32963062074;
692;frohen-sur-authie;224;31;156,58929237314;5581,98531755685;
693;meneslies;301;74;107,100540157588;5565,30607856016;
694;coulonvillers;240;25;142,552707899807;5574,56861594966;
695;bethencourt-sur-mer;1042;353;107,026208262626;5569,00886961743;
696;bermesnil;237;57;124,269738635601;5548,48228615884;
697;poulainville;1271;100;165,812953866646;5552,32963062074;
698;vauchelles-les-authie;131;27;176,519847684428;5570,62119605377;
699;fieffes-montrelet;330;34;159,102670028123;5569,3313349047;
700;raincheval;293;43;173,680173189342;5567,16303383513;
701;villers-faucon;658;57;221,648591231543;5557,88937695297;
702;epaumesnil;122;25;132,45719841413;5550,48379483845;
703;hesbecourt;57;15;224,264441089572;5552,32963062074;
704;lamaronde;73;28;136,366078453399;5537,50734689903;
705;nurlu;385;58;215,615646922234;5559,74633222794;
706;aubercourt;73;19;182,891730149221;5541,21013795629;
707;bernatre;34;7;148,336946225809;5580,12836228188;
708;pissy;288;43;152,901524061322;5544,92404850622;
709;guyencourt-saulcourt;133;26;220,380151831235;5559,74633222794;
710;equancourt;325;41;215,46626632008;5563,4491232852;
711;hem-monacu;123;33;202,651705051596;5556,04354117067;
712;epenancourt;116;33;209,334131601408;5537,50734689903;
713;ronssoy;561;74;226,415465933932;5557,88937695297;
714;frucourt;138;26;129,845981593683;5559,74633222794;
715;vignacourt;2372;81;157,18975928386;5561,6032875029;
716;bussy-les-poix;94;21;144,689745346185;5539,36430217399;
717;ginchy;66;11;202,371169651527;5563,4491232852;
718;vadencourt-80;99;20;177,495319166959;5559,74633222794;
719;vaux-marquenneville;77;19;127,507284580951;5557,88937695297;
720;maricourt;166;22;199,075494284555;5556,04354117067;
721;blangy-sous-poix;193;24;143,641938232772;5533,80455584176;
722;morchain;314;53;208,209478238503;5535,65039162406;
723;epehy;1200;69;223,953887886591;5559,74633222794;
724;saint-mard-80;194;46;198,412266270386;5525,46493634342;
725;hamelet;473;79;181,445403317806;5548,62683956348;
726;pernois;716;81;155,890548228178;5565,30607856016;
727;pozieres;250;77;194,038705501023;5563,4491232852;
728;mesge;187;21;146,726359570688;5552,32963062074;
729;frettecuisse;72;13;130,070820888107;5550,48379483845;
730;montagne-fayel;169;24;142,052599449067;5548,62683956348;
731;allonville;760;73;168,198509751764;5552,32963062074;
732;bouttencourt;1017;131;116,903690184191;5552,32963062074;
733;vraignes-en-vermandois;165;39;219,603191636979;5547,2146639951;
734;vitz-sur-authie;114;24;146,945141040305;5587,54506388908;
735;domqueur;290;34;146,167209672712;5572,72278016736;
736;flers-sur-noye;403;86;161,708494093558;5530,09064529183;
737;lamotte-warfusee;626;66;186,012695498435;5545,44666466145;
738;fourdrinoy;347;38;150,408887498823;5548,62683956348;
739;hangard;118;18;180,563176632956;5539,36430217399;
740;hebecourt-80;506;100;161,48614553692;5537,50734689903;
741;neuilly-le-dien;101;20;145,861698398431;5583,84227283181;
742;sains-en-amienois;1170;117;166,213804118247;5539,36430217399;
743;molliens-dreuil;844;37;144,668430387832;5546,81436225917;
744;chilly-80;202;41;198,636867985558;5535,65039162406;
745;fignieres;142;21;185,856274359806;5524,53089895961;
746;ochancourt;278;70;115,310515064243;5570,86582489239;
747;dargnies;1300;354;109,48031415989;5565,30607856016;
748;canaples;618;60;158,271036234081;5565,30607856016;
749;ponthoile;614;31;122,144586238846;5583,84227283181;
750;humbercourt;255;30;175,570049917297;5581,98531755685;
751;lignieres-chatelain;339;51;134,066048420485;5533,80455584176;
752;quiry-le-sec;308;44;171,525919816049;5522,68506317731;
753;dreuil-les-amiens;1273;400;159,903045910394;5550,48379483845;
754;tilloy-floriville;387;47;115,591170318161;5557,88937695297;
755;faloise;231;23;169,011393904722;5526,38785423457;
756;sainte-segree;59;25;137,704514148434;5531,9476005668;
757;chavatte;62;32;198,77336639017;5531,9476005668;
758;chapelle-80;68;27;140,573496832446;5533,64888294446;
759;contay;368;43;177,495319166959;5559,74633222794;
760;hangest-en-santerre;1025;67;186,798842151193;5531,9476005668;
761;cappy;540;45;196,895835480463;5550,48379483845;
762;crotoy;2219;135;115,029381438923;5583,84227283181;
763;maucourt-80;158;42;197,716244273421;5536,82905784649;
764;dompierre-sur-authie;417;18;136,136739597943;5593,1048102213;
765;citerne;275;42;131,082261858879;5557,88937695297;
766;mers-les-bains;2960;549;98,7358862045067;5567,16303383513;
767;saisseval;227;31;150,460942398252;5546,76988428852;
768;biarre;64;26;206,099299748126;5528,24480950953;
769;pont-remy;1421;143;136,850928202563;5565,30607856016;
770;erondelle;507;126;134,470440196661;5565,30607856016;
771;vicogne;253;52;165,411072244587;5565,30607856016;
772;liancourt-fosse;271;42;202,365651816154;5531,9476005668;
773;vismes;427;32;119,083389138923;5561,6032875029;
774;estrees-mons;569;37;215,445299085844;5546,19167066997;
775;aubvillers;131;26;178,539062411619;5528,24480950953;
776;curchy;323;33;205,887017536871;5533,80455584176;
777;bertangles;585;68;163,313386614147;5556,04354117067;
778;templeux-la-fosse;143;19;215,764954692181;5556,04354117067;
779;villecourt;62;28;213,06911444851;5533,80455584176;
780;seux;162;45;150,512672923915;5544,92404850622;
781;sorel-en-vimeu;236;57;136,945861784816;5561,6032875029;
782;ennemain;219;34;211,580628996157;5541,21013795629;
