601
-138.84102
72.20233
5392.95394
5527.90011
29
38433
1;beauficel;167;18;-69,6732598674408;5418,89571864727;
2;mortain;1733;232;-68,5642369438508;5409,63318125778;
3;sacey;545;35;-106,835982099116;5392,9539422611;
4;vernix;171;29;-90,4826208757267;5417,04988286497;
5;champrepus;303;33;-96,3727236347764;5430,01521131173;
6;rouffigny;320;47;-91,5536577493008;5426,31242025447;
7;azeville;77;25;-95,1484436653448;5500,44607784839;
8;catz;121;43;-85,7742193555958;5483,76683885171;
9;equeurdreville-hainneville;17339;1351;24,8587370272208;5520,65019601971;
10;mesnil-rogues;168;35;-101,184336287759;5433,72912186166;
11;hamelin;111;45;-89,5557742629406;5398,51368859333;
12;sainte-colombe-50;215;43;-109,713147926198;5494,88633151617;
13;croix-avranchin;477;44;-101,823164219676;5398,51368859333;
14;perron;188;40;-65,5894565346314;5454,11115191561;
15;saint-brice-de-landelles;664;44;-84,6763092709553;5396,65673331836;
16;besneville;668;36;-118,272443228026;5489,32658518394;
17;fleury-50;921;73;-93,9011111834991;5431,87216658669;
18;feuillie-50;296;23;-107,810778799881;5468,93343563733;
19;ferrieres-50;57;16;-70,4874702097915;5397,83539954079;
20;saint-joseph-50;805;82;-110,654559553575;5507,85165996292;
21;carnet;476;46;-99,4352096914268;5394,81089753606;
22;saint-martin-de-varreville;217;25;-89,1866686253066;5496,73216729847;
23;teurtheville-bocage;615;28;-99,7274735049132;5513,41140629515;
24;aucey-la-plaine;456;48;-109,219921592075;5396,65673331836;
25;huberville;354;61;-102,270371034358;5506,00582418062;
26;liesville-sur-douve;224;42;-96,5816790075329;5487,46962990897;
27;berigny;387;31;-67,8817609485414;5465,23064458006;
28;montmartin-sur-mer;1309;133;-110,678830403832;5446,69445030841;
29;dangy;651;65;-88,667471202211;5454,11115191561;
30;agon-coutainville;2834;229;-114,800709253864;5453,18823402446;
31;senoville;214;29;-127,754463006876;5496,73216729847;
32;glatigny-50;144;28;-118,472941843962;5480,05292830178;
33;beaucoudray;154;32;-82,7321800061954;5444,84861452611;
34;haye-d-ectot;245;33;-125,471245537754;5491,17242096624;
35;montbray;362;25;-80,4333333165026;5435,57495764396;
36;tanu;353;34;-98,8450254005667;5428,16937552943;
37;saint-hilaire-petitville;1362;136;-89,4288004539297;5481,90988357675;
38;saint-patrice-de-claids;157;28;-104,071400046386;5474,49318196955;
39;jobourg;501;49;-136,964260203877;5524,53089895961;
40;hauteville-sur-mer;656;198;-111,894592115033;5446,69445030841;
41;picauville;1934;101;-101,34235474656;5491,17242096624;
42;saint-martin-de-cenilly;202;29;-93,6508689577493;5446,69445030841;
43;mobecq;251;31;-110,048084374167;5478,20709251948;
44;guilberville;994;44;-69,3261479976793;5446,69445030841;
45;meauffe;1081;105;-81,161348022667;5468,93343563733;
46;ouville;463;41;-99,6657386719972;5450,40836085834;
47;saint-martin-d-aubigny;538;35;-98,1530532062856;5467,08759985503;
48;placy-montaigu;219;24;-65,6114845522931;5452,25419664064;
49;saint-laurent-de-terregatte;566;34;-91,9787356639642;5400,37064386829;
50;amigny;144;39;-86,0641637906701;5465,23064458006;
51;milly;342;35;-74,7603448748183;5404,07343492555;
52;coudeville-sur-mer;878;100;-110,900748764673;5435,57495764396;
53;barre-de-semilly;945;122;-75,2050924126519;5461,5278535228;
54;chapelle-cecelin;214;40;-85,4218709511698;5428,16937552943;
55;villechien;192;17;-72,3328272591803;5402,21647965059;
56;loges-marchis;1022;51;-80,9680124349533;5398,51368859333;
57;hiesville;74;18;-91,7219151449148;5489,32658518394;
58;bloutiere;402;43;-90,2125143485517;5433,72912186166;
59;taillepied;29;13;30,248580410486;5489,97151575848;
60;moon-sur-elle;835;84;-76,2899089351592;5470,79039091229;
61;fervaches;383;78;-79,0293954019062;5448,55140558338;
62;hambye;1192;40;-92,4968562624143;5442,99165925115;
63;montaigu-les-bois;238;35;-93,8073063776891;5437,43191291892;
64;morigny;87;20;-77,9962033170125;5435,57495764396;
65;moitiers-d-allonne;685;39;-129,046736700062;5493,0293762412;
66;fourneaux-50;96;28;-75,4322603000025;5444,84861452611;
67;anctoville-sur-boscq;498;231;34,2315062763004;5431,19387753416;
68;chevreville-50;203;45;-77,1857206503156;5405,93039020052;
69;coulouvray-boisbenatre;540;31;-80,594039727073;5424,4554649795;
70;lengronne;449;37;-101,0496007584;5441,13470397619;
71;saint-pois;494;63;-78,2038812327107;5420,75267392224;
72;moyon;1129;47;-81,4615629249136;5448,55140558338;
73;saint-sebastien-de-raids;362;68;-99,3317448325274;5468,93343563733;
74;herqueville-50;159;54;-135,541410785397;5522,68506317731;
75;chaulieu;284;26;-63,2123167877355;5419,15146697856;
76;hocquigny;192;62;-103,726505284608;5428,16937552943;
77;ham-50;346;89;-102,409781231523;5498,58912257343;
78;mesnil-vigot;261;80;-93,3372122041026;5465,23064458006;
79;saint-jean-des-baisants;1203;89;-70,3770857953673;5459,67089824783;
80;saint-nicolas-de-pierrepont;262;32;-114,768403346738;5483,76683885171;
81;plomb;403;49;-95,3423556080769;5418,89571864727;
82;saint-jean-de-savigny;381;50;-71,4460809742256;5470,79039091229;
83;fierville-les-mines;311;41;-120,645901703893;5491,17242096624;
84;omonville-la-rogue;524;122;-133,051522861164;5526,38785423457;
85;vindefontaine;312;38;-102,653362871994;5485,61267463401;
86;videcosville;87;34;-98,5599323501796;5511,56557051285;
87;annoville;632;74;-111,931858830967;5444,84861452611;
88;cavigny;204;30;-79,9227617415953;5470,79039091229;
89;neufmesnil;190;35;-111,144130347845;5483,76683885171;
90;champs-de-losque;199;21;-89,6403819900203;5468,93343563733;
91;lithaire;551;38;-107,556308998668;5481,90988357675;
92;couvains-50;444;29;72,2023343587399;5466,99864391371;
93;saint-martin-le-hebert;136;63;28,2781324393973;5505,36089360608;
94;tirepied;777;41;-92,9285928215942;5417,04988286497;
95;sottevast;1353;125;-115,505088450361;5506,00582418062;
96;genets;417;60;-108,8959758416;5413,33597231505;
97;saint-germain-le-gaillard-50;703;50;-128,827705290901;5502,29191363069;
98;contrieres;392;42;-104,59710285212;5446,69445030841;
99;ecausseville;101;19;-98,7616665558696;5500,44607784839;
100;mancelliere-sur-vire;487;71;-77,7097811472952;5455,96810719057;
101;brevands;347;25;-85,7453068726783;5485,61267463401;
102;feugeres;339;40;-95,7620465451409;5465,23064458006;
103;baudreville-50;82;17;-118,432814125511;5481,90988357675;
104;heusse;237;16;-66,3119888891066;5392,9539422611;
105;neville-sur-mer;187;54;-95,9257029849691;5524,53089895961;
106;saint-andre-de-l-epine;538;74;-72,7549967518593;5463,3736893051;
107;vidouville;130;29;-65,5234710772485;5459,67089824783;
108;perques;161;33;-120,482053043506;5498,58912257343;
109;courcy-50;568;49;-102,028043498315;5454,11115191561;
110;beslon;536;31;-84,1453701394216;5431,87216658669;
111;saint-denis-le-gast;557;33;-97,3646122197295;5442,99165925115;
112;margueray;135;29;-82,8427875425856;5437,43191291892;
113;brillevast;323;35;-100,825784628165;5518,97115262738;
114;mesnil-villeman;224;20;-97,5270623080233;5433,72912186166;
115;flottemanville-hague;885;77;-123,67398874512;5517,12531684508;
116;tollevast;1198;96;-117,790610978158;5511,56557051285;
117;mesnil-ozenne;245;53;-90,5725186632502;5411,49013653275;
118;sideville;566;74;-121,355170476333;5513,41140629515;
119;saint-pierre-langers;552;65;-109,90096326419;5424,4554649795;
120;bricqueville-sur-mer;1165;90;-110,82666557208;5439,28886819389;
121;champcervon;217;38;-102,574232379911;5424,4554649795;
122;joganville;89;31;-97,5570180441686;5500,44607784839;
123;saint-brice-50;136;53;50,8030557407769;5415,01501570738;
124;belval-50;301;52;-99,6324973256471;5452,25419664064;
125;champcey;205;63;-106,343396639778;5418,89571864727;
126;trinite-50;398;43;-90,3627700150827;5424,4554649795;
127;mouche;200;45;-98,8779503692449;5426,31242025447;
128;sainte-pience;298;34;-95,3106824064836;5420,75267392224;
129;saint-floxel;473;55;-97,4906929262609;5504,14886890566;
130;saint-jean-du-corail-des-bois;77;21;58,5509450643771;5422,69858513852;
131;pernelle;249;34;-93,6558484558224;5517,12531684508;
132;saint-aubin-des-preaux;413;50;-109,864389299161;5426,31242025447;
133;saint-martin-de-landelles;1190;59;-87,1017074133212;5398,51368859333;
134;sainte-mere-eglise;1632;92;-95,2455118648003;5494,88633151617;
135;saint-cyr-du-bailleul;406;17;-58,8663908249371;5400,37064386829;
136;brainville-50;208;65;-109,242526287273;5457,81394297287;
137;saint-martin-de-bonfosse;543;42;-85,0236125058426;5454,11115191561;
138;saint-quentin-sur-le-homme;1251;74;-96,7248279626458;5409,63318125778;
139;braffais;190;32;-92,8670631414005;5420,75267392224;
140;avranches;8020;1782;-100,331593983429;5413,33597231505;
141;montanel;369;23;-104,38022811059;5392,9539422611;
142;courtils;237;43;-105,32973903028;5407,77622598282;
143;folligny;1005;85;-103,726505284608;5428,16937552943;
144;neuville-au-plain;108;22;-96,4180396797127;5496,73216729847;
145;saint-jean-du-corail;265;18;-66,7828592430467;5404,9963528167;
146;baupte;458;200;-97,8885461415883;5481,90988357675;
147;tourlaville;15910;925;-112,829094288148;5518,97115262738;
148;chavoy;152;41;-97,7867869253209;5418,89571864727;
149;grosville;711;54;-126,376824163672;5504,14886890566;
150;perriers-en-beauficel;226;24;-73,3402735446745;5418,89571864727;
151;colomby;482;43;-107,22857178747;5498,58912257343;
152;saint-laurent-de-cuves;488;32;-81,8696767098831;5420,75267392224;
153;saint-jean-de-la-riviere;355;99;-123,100141115172;5489,32658518394;
154;yquelon;1014;473;-113,413324970525;5431,87216658669;
155;chapelle-uree;128;27;-84,4529821400093;5411,49013653275;
156;virey;1028;60;-83,3664314302955;5402,21647965059;
157;saint-sauveur-de-pierrepont;132;16;-114,729717602628;5485,61267463401;
158;chevry-50;79;21;-81,5160133831436;5444,84861452611;
159;auvers-50;671;35;-95,4717867024038;5481,90988357675;
160;cosqueville;580;53;-100,687638921962;5526,38785423457;
161;bricquebosq;510;63;-123,885505891644;5507,85165996292;
162;bacilly;872;54;-105,1904218149;5415,19292759001;
163;eroudeville;243;49;-99,9317173826844;5502,29191363069;
164;breville-sur-mer;819;119;-113,375493371811;5433,72912186166;
165;saint-martin-le-bouillant;291;23;-86,699404572943;5424,4554649795;
166;chanteloup-50;331;79;-108,426664824494;5437,43191291892;
167;turqueville;144;27;-92,8337569333654;5494,88633151617;
168;saint-loup-50;697;108;-95,4685885060975;5411,49013653275;
169;golleville;179;27;-109,676035370861;5496,73216729847;
170;eculleville;37;15;-130,69933687962;5524,53089895961;
171;jullouville;2345;107;31,8157080749684;5423,51030810302;
172;lingreville;920;101;-111,96934056451;5442,99165925115;
173;montjoie-saint-martin;272;36;-95,721045262819;5396,65673331836;
174;savigny-50;412;40;-97,1693223125778;5454,11115191561;
175;bellefontaine-50;159;23;-70,9661007859826;5413,33597231505;
176;conde-sur-vire;3331;134;-75,3061701343674;5454,11115191561;
177;lapenty;429;28;-73,5588323174146;5402,21647965059;
178;flamanville-50;1725;238;-134,710431989116;5507,85165996292;
179;angoville-sur-ay;256;38;-112,504537827;5476,35013724452;
180;saint-ebremond-de-bonfosse;768;64;-83,7805959850652;5455,96810719057;
181;saint-senier-de-beuvron;309;27;-96,8527077473703;5402,21647965059;
182;cresnays;254;25;-83,1461723278339;5417,04988286497;
183;saint-jean-le-thomas;430;180;-111,232992677002;5418,89571864727;
184;brecey;2177;103;-85,5638969363654;5418,89571864727;
185;saint-malo-de-la-lande;461;114;-111,707218471113;5455,96810719057;
186;mesnil-herman;148;77;-83,8368969279301;5452,25419664064;
187;saint-louet-sur-vire;199;27;-71,7586200936863;5446,69445030841;
188;buais;559;31;-71,2005450716907;5394,81089753606;
189;emondeville;359;67;-96,3523695324677;5500,44607784839;
190;surtainville;1235;84;-131,280672570592;5500,44607784839;
191;granville;12969;1310;-117,110861351472;5430,01521131173;
192;coutances;9355;747;-104,457039705315;5454,11115191561;
193;rauville-la-bigot;1188;69;-121,520737838216;5506,00582418062;
194;saint-samson-de-bonfosse;901;143;-82,5938875271042;5454,11115191561;
195;valdecie;118;29;-119,357997506528;5494,88633151617;
196;mesnil-garnier;230;22;-95,0891234731314;5433,72912186166;
197;donville-les-bains;3242;1178;-114,633066988111;5431,87216658669;
198;cerisy-la-foret;937;39;-67,8132281677895;5470,79039091229;
199;baudre;536;140;-77,6838170098972;5457,81394297287;
200;saint-andre-de-bohon;313;30;-90,7601529710414;5474,49318196955;
201;saint-germain-de-tournebut;394;28;-99,8296334561031;5507,85165996292;
202;mesnil-veneron;109;38;-84,7097181333799;5474,49318196955;
203;saint-marcouf-50;331;24;51,240946148928;5501,15772537892;
204;bonneville-50;173;27;-104,926047459017;5493,0293762412;
205;nehou;553;34;-110,918302010112;5494,88633151617;
206;grand-celland;568;45;-86,8720211231757;5413,33597231505;
207;saint-germain-sur-seves;199;24;-99,2646845305009;5472,64734618725;
208;percy-50;2281;61;-86,4687230389009;5439,28886819389;
209;sortosville-en-beaumont;312;30;-124,138777479673;5496,73216729847;
210;saint-georges-de-livoye;209;37;-89,2309106135992;5418,89571864727;
211;sebeville;32;11;-92,8969172263595;5491,17242096624;
212;fresne-poret;228;22;-61,15733974889;5415,19292759001;
213;saint-georges-de-la-riviere;280;73;19,612587554009;5489,04859786733;
214;saint-pierre-eglise;1785;221;-100,756625285826;5522,68506317731;
215;carentan;6063;387;-89,4288004539297;5481,90988357675;
216;aumeville-lestre;142;58;-95,0190362983867;5507,85165996292;
217;sainte-suzanne-sur-vire;552;109;-77,7097811472952;5455,96810719057;
218;bretteville;1067;184;34,5126328097899;5521,51751644754;
219;marchesieux;716;35;-93,2744613519923;5468,93343563733;
220;saint-ovin;769;59;54,2259030121707;5413,12470195442;
221;chasseguey;77;25;-79,5832728601495;5409,63318125778;
222;biville;553;63;-130,878284780184;5517,12531684508;
223;mesnil-eury;187;54;-89,7006879973863;5465,23064458006;
224;magneville;293;30;-112,04808523429;5498,58912257343;
225;boisroger;194;36;-112,883943830182;5457,81394297287;
226;saint-martin-le-greard;434;151;-119,033498007618;5509,70861523789;
227;digosville;1532;165;-110,428000245646;5518,97115262738;
228;lestre;259;34;-96,2539997396998;5506,00582418062;
229;anneville-sur-mer;238;63;-115,233738466631;5461,5278535228;
230;teurtheville-hague;915;71;-124,959786638236;5513,41140629515;
231;saint-jean-des-champs;1328;68;-107,351866886477;5430,01521131173;
232;haye-bellefond;78;27;59,5349206991788;5446,73892827907;
233;treauville;723;56;-131,146643146948;5506,00582418062;
234;moitiers-en-bauptois;334;41;-103,790073685065;5489,32658518394;
235;gouberville;115;41;-94,7271083296853;5524,53089895961;
236;ravenoville;263;22;-91,5352207748201;5500,44607784839;
237;heugueville-sur-sienne;535;90;-110,567744751029;5452,25419664064;
238;crosville-sur-douve;62;15;-107,374396475868;5491,17242096624;
239;flottemanville;200;41;-104,747956167286;5502,29191363069;
240;carolles;788;204;-113,639659792346;5420,75267392224;
241;lozon;307;34;-92,1565717356776;5463,3736893051;
242;angey;238;96;-109,973864315173;5420,75267392224;
243;equilly;162;28;-101,251854895832;5430,01521131173;
244;tanis;315;42;-106,660306860251;5402,21647965059;
245;mesnil-tove;234;19;-74,6122289678963;5415,19292759001;
246;catteville;118;25;-113,483997998044;5487,46962990897;
247;mesnil-raoult;386;96;-77,7620024748827;5452,25419664064;
248;lande-d-airou;500;33;-93,9635455165254;5428,16937552943;
249;ger-50;851;21;-58,7305459157974;5413,33597231505;
250;branville-hague;178;83;-128,388562265009;5520,82810790234;
251;saint-georges-d-elle;384;42;-70,306158906675;5465,23064458006;
252;subligny-50;344;43;-100,198654095745;5420,75267392224;
253;muneville-le-bingard;684;34;-107,919669331935;5463,3736893051;
254;saint-pellerin-50;394;90;-85,803298744982;5481,90988357675;
255;saint-clement-rancoudray;536;16;-65,1044187391394;5412,35745696057;
256;reigneville-bocage;30;13;-106,132335190839;5493,0293762412;
257;sainte-marie-du-mont-50;750;27;-88,0715733924982;5491,17242096624;
258;marcilly-50;372;41;54,9556160428946;5409,42191089716;
259;saint-nicolas-des-bois-50;111;31;59,0938945507092;5421,40872398944;
260;brehal;3045;239;-110,863711877576;5437,43191291892;
261;vasteville;1108;66;-127,319746137031;5515,26836157011;
262;saint-jean-de-daye;601;141;-82,2889633333363;5474,49318196955;
263;mesnil-gilbert;150;19;-78,2556957258085;5417,04988286497;
264;notre-dame-de-livoye;127;35;-87,9790914521387;5420,75267392224;
265;cuves-50;349;36;-81,923919999755;5417,04988286497;
266;montreuil-sur-lozon;306;47;-89,7309201439706;5463,3736893051;
267;vaudreville;80;26;-98,6608370202842;5506,00582418062;
268;raids;192;28;-98,0539004413474;5472,64734618725;
269;heauville;500;46;-129,766181828518;5513,41140629515;
270;petit-celland;183;27;-89,2899963787369;5415,19292759001;
271;quettehou;1586;98;-93,6879383122716;5515,26836157011;
272;crasville-50;250;34;-96,1884447869677;5509,70861523789;
273;montaigu-la-brisette;506;34;41,849349511593;5511,37653913755;
274;bretteville-sur-ay;385;39;-118,512819302062;5478,20709251948;
275;etang-bertrand;365;41;-112,611872539829;5500,44607784839;
276;vast;304;23;-97,257996473354;5517,12531684508;
277;foucarville;130;25;-90,361359059911;5498,58912257343;
278;pretot-sainte-suzanne;315;27;-102,687976586829;5483,76683885171;
279;saint-lo-d-ourville;530;49;-120,768619578213;5485,61267463401;
280;notre-dame-du-touchet;641;36;-69,8808907015439;5402,21647965059;
281;hyenville;321;94;-106,994215385999;5448,55140558338;
282;chaise-baudouin;448;37;-90,3926541817514;5422,6096291972;
283;vaudrimesnil;393;64;-103,035094958573;5465,23064458006;
284;saint-barthelemy-50;348;51;-69,7425232750094;5413,33597231505;
285;cametours;414;57;-93,4940454308815;5455,96810719057;
286;muneville-sur-mer;392;52;-108,354408776617;5441,13470397619;
287;morsalines;204;55;-93,7519021089462;5511,56557051285;
288;saint-symphorien-le-valois;822;141;-112,390552977379;5481,90988357675;
289;husson;231;16;-64,9982820082052;5400,37064386829;
290;tamerville;644;35;-104,640952275559;5507,85165996292;
291;saint-michel-de-montjoie;313;21;-75,7847048619185;5418,89571864727;
292;tourville-sur-sienne;776;103;-112,959619587421;5454,11115191561;
293;meautis;651;38;-94,2949828859754;5480,05292830178;
294;saint-aubin-de-terregatte;711;33;-95,626482012639;5402,21647965059;
295;laulne;157;17;-106,456148706275;5476,35013724452;
296;rozel;282;51;-132,439703779428;5502,29191363069;
297;gavray;1388;67;-98,6476943054906;5439,28886819389;
298;lolif;546;43;-101,453800602555;5418,89571864727;
299;negreville;829;72;-111,971953144341;5502,29191363069;
300;breuville;378;44;-121,479485651046;5507,85165996292;
301;saint-germain-des-vaux;414;65;-138,088636584818;5527,80002980296;
302;pierreville-50;702;69;-128,827705290901;5502,29191363069;
303;mesnil-amand;162;23;-99,932566948786;5435,57495764396;
304;huisnes-sur-mer;208;30;-106,625060313068;5404,07343492555;
305;amfreville-50;293;29;-100,067574964064;5494,88633151617;
306;omonville-la-petite;137;22;-135,448607864928;5526,38785423457;
307;troisgots;283;37;-77,787946958124;5450,40836085834;
308;periers;2390;163;-102,965824194499;5468,93343563733;
309;rochelle-normande;316;41;-105,050962044489;5422,6096291972;
310;surville-50;196;26;-119,682093662969;5480,05292830178;
311;morville-50;260;36;-108,359954655814;5502,29191363069;
312;lieusaint-50;376;72;-105,988112336919;5500,44607784839;
313;montpinchon;560;33;-96,0194400530183;5450,40836085834;
314;saint-gilles-50;903;115;-84,9380755574372;5459,67089824783;
315;montmartin-en-graignes;560;18;-83,4147925529782;5480,05292830178;
316;monthuchon;607;79;-103,173739810261;5457,81394297287;
317;querqueville;5244;943;-122,347330704218;5522,68506317731;
318;valcanville;372;57;-94,8244898902615;5518,97115262738;
319;clitourps;201;31;-98,3916585212604;5520,82810790234;
320;saint-james;2678;149;-96,9484835893815;5396,65673331836;
321;villedieu-les-poeles;3871;480;-89,0532948003094;5430,01521131173;
322;saint-hilaire-du-harcouet;3959;391;-80,9147155491561;5402,21647965059;
323;fontenay-50;316;46;-74,7356253462441;5405,93039020052;
324;moulines-50;302;40;-76,0730898742056;5397,59077070218;
325;sortosville;103;41;-103,543715871212;5502,29191363069;
326;doville;293;26;-111,106666261384;5485,61267463401;
327;mesnillard;281;28;-79,6096266621598;5407,77622598282;
328;loges-sur-brecey;156;29;-85,5070401711009;5422,6096291972;
329;hardinvast;896;122;-118,952333342808;5513,41140629515;
330;bolleville-50;380;62;-113,599295247142;5481,90988357675;
331;boisyvon;110;28;-83,0084055496121;5426,31242025447;
332;gathemo;287;27;-70,8485124337453;5422,6096291972;
333;chambres;121;28;-101,386385078805;5422,6096291972;
334;saint-sauveur-le-vicomte;2082;60;-110,993766288245;5491,17242096624;
335;juvigny-le-tertre;610;81;-74,6369801452672;5413,33597231505;
336;brectouville;167;44;-74,1416483391451;5450,40836085834;
337;chefresne;311;27;-84,0613110691267;5437,43191291892;
338;saint-denis-le-vetu;608;43;-102,164849680791;5446,69445030841;
339;neufbourg;488;216;-69,7886232423565;5409,63318125778;
340;saint-michel-de-la-pierre;205;48;-100,64416965675;5463,3736893051;
341;bourguenolles;324;42;-95,2158040592729;5426,31242025447;
342;barfleur;643;1071;-89,9612725766306;5522,68506317731;
343;saint-fromond;763;49;-79,8957707299868;5472,64734618725;
344;longueville-50;620;152;-113,413324970525;5431,87216658669;
345;gieville;683;66;-71,7105151979271;5450,40836085834;
346;cherbourg-octeville;38433;2695;-118,789639459474;5520,82810790234;
347;roncey;826;67;-97,2996135892061;5446,69445030841;
348;vauville-50;383;23;11,0619164292259;5519,44929081195;
349;saint-georges-de-rouelley;542;26;-56,6359802544448;5404,39590021282;
350;colombe-50;633;44;-86,5552403688159;5433,72912186166;
351;martinvast;1189;115;-120,112981651472;5515,26836157011;
352;virandeville;804;97;-126,204483608197;5511,56557051285;
353;neuville-en-beaumont;38;22;-115,898304554801;5487,46962990897;
354;coigny;206;45;-100,271311351167;5483,76683885171;
355;saint-christophe-du-foc;398;111;-126,247649402019;5509,70861523789;
356;quettetot;728;58;-120,40019041747;5502,29191363069;
357;helleville;438;74;-128,652126061772;5509,70861523789;
358;tonneville;658;171;-123,63185692688;5518,97115262738;
359;biniville;103;34;-107,265096261322;5496,73216729847;
360;houtteville;93;20;-99,0303115307507;5485,61267463401;
361;fresville;373;26;-97,6235092344822;5496,73216729847;
362;pontaubault;472;243;-99,2061477056075;5407,77622598282;
363;benoîtville;592;71;-128,696103049361;5507,85165996292;
364;varenguebec;361;17;-108,691540237311;5485,61267463401;
365;saint-pierre-de-semilly;420;91;-72,7793564617808;5461,5278535228;
366;saint-vaast-la-hougue;2028;322;-91,2859237092346;5515,26836157011;
367;saint-lo;18718;807;-78,844060235741;5461,5278535228;
368;chef-du-pont;743;196;-96,5162870387366;5491,17242096624;
369;rampan;218;53;-83,6682462646382;5463,3736893051;
370;barneville-carteret;2283;221;17,8965940700137;5490,93891162028;
371;cambernon;719;42;-100,745642592649;5457,81394297287;
372;fontenay-sur-mer;168;20;-95,11620099778;5502,29191363069;
373;saint-romphaire;744;74;-80,1918144528027;5452,25419664064;
374;dezert;548;37;-84,7668076736973;5470,79039091229;
375;mesnil-amey;272;96;-87,3646281029979;5459,67089824783;
376;cheris;266;45;-91,8575441718588;5407,77622598282;
377;savigny-le-vieux;422;24;-77,3384964266653;5394,81089753606;
378;saussemesnil;920;42;-105,771617127791;5511,56557051285;
379;notre-dame-de-cenilly;704;27;-91,1880445038749;5448,55140558338;
380;champeaux-50;358;83;-112,454841634256;5418,89571864727;
381;ponts;592;88;-99,0749300231737;5415,19292759001;
382;saint-aubin-du-perron;238;31;-99,3985707518572;5465,23064458006;
383;rauville-la-place;388;32;-108,581094371315;5491,17242096624;
384;theville;304;39;-101,991344565487;5520,82810790234;
385;barenton;1255;35;-61,2787457833584;5404,07343492555;
386;soulles;468;31;-86,2954908959255;5450,40836085834;
387;marcey-les-greves;1271;188;-101,52097996219;5415,19292759001;
388;saint-pair-sur-mer;3842;266;-114,709285884671;5428,16937552943;
389;canville-la-rocque;130;24;-118,312611111558;5487,46962990897;
390;hemevez;173;40;-103,578815313517;5500,44607784839;
391;etienville;330;44;-102,549052642007;5491,17242096624;
392;plessis-lastelle;258;17;41,6084901121346;5479,81941895583;
393;marigny-50;2141;207;-91,0048209406229;5459,67089824783;
394;lessay;2025;91;-111,369620121282;5472,64734618725;
395;saint-cyr-50;210;36;-102,340197974834;5502,29191363069;
396;saint-germain-d-elle;204;22;-66,7144343497512;5461,5278535228;
397;beuzeville-la-bastille;150;34;-98,9967099286936;5487,46962990897;
398;montsurvent;344;41;-109,169034692671;5461,5278535228;
399;gatteville-le-phare;497;51;-92,3284801299756;5524,53089895961;
400;bion;401;31;-67,3843838012979;5405,93039020052;
401;gohanniere;127;33;-91,7360463177535;5415,19292759001;
402;pont-hebert;1780;118;-82,3998516965035;5467,08759985503;
403;ozeville;148;31;-96,2868634069418;5504,14886890566;
404;sainte-marie-du-bois-50;58;12;-66,2246896780542;5400,37064386829;
405;precey;488;63;-101,722513574397;5404,07343492555;
406;auderville;267;61;-138,841023622555;5527,90010523694;
407;reffuveille;476;20;-82,0053144054645;5411,49013653275;
408;ducey;2478;221;-95,563273186105;5405,93039020052;
409;brouains;194;51;-70,9939013341735;5417,5724990202;
410;domjean;1023;61;-75,4071458004652;5446,69445030841;
411;varouville;267;63;-98,357897913843;5522,68506317731;
412;vicel;146;30;-94,8244898902615;5518,97115262738;
413;urville-50;194;37;-103,614117425074;5498,58912257343;
414;romagny-50;1030;34;-71,0130095408621;5409,63318125778;
415;argouges;549;33;-103,151982716388;5392,9539422611;
416;valognes;7190;460;-105,879905048432;5506,00582418062;
417;greville-hague;767;76;-129,544232510348;5522,68506317731;
418;creances;2182;107;-113,829630125187;5470,79039091229;
419;rethoville;134;39;-97,0916518176064;5526,38785423457;
420;sourdeval-les-bois;176;30;-92,5585740340265;5439,28886819389;
421;vengeons;481;30;-67,2062748534647;5420,75267392224;
422;gratot;663;61;-108,064583863067;5455,96810719057;
423;mesnil;198;57;-122,496950423708;5489,32658518394;
424;canisy;1028;164;-84,9666520957155;5457,81394297287;
425;montebourg;2105;357;-99,9317173826844;5502,29191363069;
426;yvetot-bocage;1139;91;-108,359954655814;5502,29191363069;
427;saint-jean-de-la-haize;500;55;-100,298321936867;5415,19292759001;
428;baubigny-50;156;24;-130,16467897931;5496,73216729847;
429;saint-clair-sur-l-elle;911;114;-75,0787158094934;5470,79039091229;
430;haye-pesnel;1367;217;-102,540096679217;5426,31242025447;
431;sourdeval;2782;77;-68,4508975282717;5418,89571864727;
432;rouxeville;337;57;-69,1636639148734;5459,67089824783;
433;anneville-en-saire;386;64;-92,4233958477594;5518,97115262738;
434;auxais;180;23;-93,2114904099217;5472,64734618725;
435;tocqueville-50;260;44;-95,9584508516791;5522,68506317731;
436;rocheville;649;64;-115,544524949643;5504,14886890566;
437;ver;375;28;-101,116985601091;5437,43191291892;
438;ecoqueneauville;69;19;-92,8653410245384;5493,0293762412;
439;isigny-le-buat;3282;44;-85,7621568677178;5405,93039020052;
440;octeville-l-avenel;193;28;46,5974511035614;5509,00808720002;
441;pieux;3558;233;-129,943224506656;5506,00582418062;
442;ancteville;246;31;-107,992144836683;5459,67089824783;
443;montgardon;414;31;-113,637785259978;5480,05292830178;
444;saint-jores;361;28;-102,722790120299;5481,90988357675;
445;pirou;1589;54;-115,078937523825;5468,93343563733;
446;saint-sauveur-la-pommeraye;308;58;-106,096336262749;5431,87216658669;
447;cretteville;230;33;-100,20350102487;5487,46962990897;
448;digulleville;291;36;-134,250424961757;5526,38785423457;
449;meurdraquiere;157;20;-102,437841908861;5431,87216658669;
450;carneville;228;33;-104,355076188891;5522,68506317731;
451;bricquebec;4256;130;-118,031706875616;5500,44607784839;
452;saint-amand-50;2257;77;-70,4479590888472;5454,11115191561;
453;crollon;242;51;-101,756139509649;5402,21647965059;
454;mont-saint-michel;43;10;35,9859471152481;5408,06533279209;
455;veys;401;26;-83,3582789745339;5483,76683885171;
456;gonfreville;160;17;-101,651371327566;5474,49318196955;
457;servon-50;255;27;-104,174154616354;5404,07343492555;
458;denneville;553;67;-119,601008963462;5483,76683885171;
459;sainteny;811;37;-95,6009364899048;5474,49318196955;
460;godefroy;224;61;-95,4371371131708;5413,33597231505;
461;beuzeville-au-plain;47;23;-94,0078237072792;5496,73216729847;
462;herenguerville;182;67;-109,462338943704;5446,69445030841;
463;saint-germain-de-varreville;119;20;-90,3921381800761;5496,73216729847;
464;bricqueville-la-blouette;547;87;-108,137203756614;5452,25419664064;
465;saint-planchers;1347;112;-111,048359017983;5428,16937552943;
466;gouvets;268;24;-80,3528882003861;5441,13470397619;
467;trelly;668;56;-104,631939124774;5444,84861452611;
468;regneville-sur-mer;831;97;-113,035257188345;5450,40836085834;
469;graignes-mesnil-angot;793;43;-87,1002873499353;5476,35013724452;
470;tribehou;496;49;-89,5798644676496;5472,64734618725;
471;vesly-50;659;29;-108,875359187419;5476,35013724452;
472;villebaudon;299;52;-85,1659732362401;5444,84861452611;
473;mesnil-rainfray;244;21;-77,1092445626172;5411,49013653275;
474;quineville;298;64;-93,8478843659183;5506,00582418062;
475;sartilly;1535;133;-106,308068838001;5420,75267392224;
476;dragey-ronthon;799;52;36,8897886801008;5416,49390823175;
477;saint-sauveur-lendelin;1692;103;-103,069821248457;5463,3736893051;
478;beuvrigny;139;20;-72,9991970619284;5444,84861452611;
479;carantilly;609;56;-89,8514108228352;5455,96810719057;
480;mesnil-adelee;189;27;-78,2816708206065;5415,19292759001;
481;vretot;585;28;-124,096507405902;5498,58912257343;
482;geffosses;417;27;-112,770244965382;5463,3736893051;
483;bieville;173;31;-64,3316856486107;5457,81394297287;
484;lucerne-d-outremer;833;57;-105,016231783641;5424,4554649795;
485;lamberville-50;171;24;-65,545515772364;5457,81394297287;
486;siouville-hague;1104;173;11,580904300536;5510,60929414371;
487;gourfaleur;452;53;-81,3252345528064;5457,81394297287;
488;appeville;205;15;-96,6470383522742;5483,76683885171;
489;hommet-d-arthenay;433;29;-86,0063026280482;5468,93343563733;
490;orval-50;864;68;-106,958335909955;5450,40836085834;
491;montviron;344;58;-103,898965322534;5418,89571864727;
492;montcuit;197;41;-97,0388993511862;5461,5278535228;
493;nay-50;80;31;-99,2313426087465;5474,49318196955;
494;guehebert;115;18;45,7432333184859;5445,21555778404;
495;tessy-sur-vire;1454;91;-77,8660535300472;5444,84861452611;
496;vendelee;431;85;-106,81515735317;5457,81394297287;
497;lorey-50;605;41;-94,6450137782478;5459,67089824783;
498;montrabot;80;20;-64,2884072814542;5461,5278535228;
499;blainville-sur-mer;1576;135;-115,349853079159;5455,96810719057;
500;montabot;291;25;-81,5705996970228;5441,13470397619;
501;chapelle-en-juger;655;43;-88,5188218980846;5463,3736893051;
502;hauteville-la-guichard;454;37;50,7942034068412;5462,60644431125;
503;montchaton;333;51;-109,388958569366;5450,40836085834;
504;ronde-haye;347;52;-105,494745290196;5463,3736893051;
505;saint-georges-montcocq;829;92;-78,8176706311917;5463,3736893051;
506;hautteville-bocage;130;30;-106,060349843658;5496,73216729847;
507;villiers-fossard;558;65;-77,5532720470731;5467,08759985503;
508;torigni-sur-vire;2377;789;-71,6865977102889;5452,25419664064;
509;theil-50;671;48;38,0286128522965;5516,29135489524;
510;servigny;211;53;-106,779232583187;5459,67089824783;
511;saint-remy-des-landes;208;25;-118,472941843962;5480,05292830178;
512;canteloup-50;195;45;46,6402359494036;5520,33885022511;
513;baleine;94;22;-96,2121923416372;5439,28886819389;
514;gouville-sur-mer;2042;154;-115,272530511933;5459,67089824783;
515;gorges-50;360;15;-101,582623856102;5478,20709251948;
516;saint-maurice-en-cotentin;288;38;-123,058573620823;5491,17242096624;
517;poilley-50;869;68;-96,7886883891914;5405,93039020052;
518;mesnilbus;286;57;-98,21924561501;5463,3736893051;
519;sainte-croix-hague;752;76;-127,232777806457;5518,97115262738;
520;saint-georges-de-bohon;407;29;-90,7294659895159;5476,35013724452;
521;maupertuis;135;24;-87,6283700686818;5442,99165925115;
522;luzerne;48;24;-76,3927465894523;5463,3736893051;
523;sotteville;464;75;-126,290804470503;5507,85165996292;
524;parigny-50;1832;157;-79,6621562682452;5404,07343492555;
525;beauchamps-50;382;93;-100,03243805201;5430,01521131173;
526;houesville;310;57;-92,9598569901954;5487,46962990897;
527;bazoge-50;163;28;-75,9101874263413;5409,63318125778;
528;sainte-genevieve-50;313;63;-94,7919724770339;5520,82810790234;
529;quibou;918;53;-87,4232305931115;5455,96810719057;
530;juilley;598;53;-99,2716078776837;5404,07343492555;
531;ceaux;444;52;-101,655437263406;5407,77622598282;
532;luot;224;26;-96,5328586185729;5420,75267392224;
533;camprond;386;61;-98,318273658546;5457,81394297287;
534;macey-50;114;19;-105,468704951384;5400,37064386829;
535;cherence-le-roussel;307;28;-74,6122289678963;5415,19292759001;
536;brucheville;143;10;-86,8942172577687;5489,32658518394;
537;cerisy-la-salle;1018;60;-93,5568738561048;5452,25419664064;
538;saussey-50;502;56;-104,52698399082;5450,40836085834;
539;millieres-50;736;36;-106,599903556472;5468,93343563733;
540;urville-nacqueville;2183;188;-124,703485824917;5524,53089895961;
541;haye-du-puits;1662;316;-112,390552977379;5481,90988357675;
542;pontorson;4114;95;-111,637959472473;5398,51368859333;
543;airel;531;52;-78,6849866408332;5472,64734618725;
544;acqueville-50;650;112;-126,096910229446;5516,19127946126;
545;sainte-cecile-50;814;72;-86,6129972268981;5430,01521131173;
546;carquebut;301;35;-96,5488889135839;5489,32658518394;
547;agneaux;4020;618;-80,0572921079589;5461,5278535228;
548;reville;1179;111;-90,0537004382907;5517,12531684508;
549;portbail;1656;84;-123,183745602286;5485,61267463401;
550;glacerie;5501;294;-112,906217165913;5515,26836157011;
551;saint-vigor-des-monts;295;18;-79,1614864236793;5439,28886819389;
552;vierville-50;39;9;-90,514809643509;5489,32658518394;
553;vains;724;84;-104,002253103166;5413,33597231505;
554;saint-martin-des-champs-50;2223;342;-97,9162562406423;5411,49013653275;
555;mesnil-au-val;676;50;-110,503481886427;5515,26836157011;
556;beaumont-hague;1484;187;-133,142683413413;5522,68506317731;
557;cerences;1804;69;-104,736814576955;5439,28886819389;
558;orglandes;338;36;-104,890361445131;5494,88633151617;
559;val-saint-pere;1853;166;-99,1404572947936;5411,49013653275;
560;saint-come-du-mont;534;41;-91,7842088482633;5485,61267463401;
561;blosville;268;63;-92,9282965278435;5489,32658518394;
562;hebecrevon;1138;84;-84,8810720604917;5463,3736893051;
563;saint-pierre-de-coutances;410;101;40,1546084355388;5452,54330344992;
564;vessey;411;32;-105,572940079269;5394,81089753606;
565;saint-martin-d-audouville;125;34;-96,2213247569459;5507,85165996292;
566;saint-jacques-de-nehou;534;24;-116,946965956896;5494,88633151617;
567;guislain;117;21;-90,0320997123882;5444,84861452611;
568;boutteville;57;31;-90,4842453094289;5491,17242096624;
569;mesnil-opac;266;47;-80,2185696175353;5450,40836085834;
570;saint-pierre-d-artheglise;151;28;-121,76902905616;5494,88633151617;
571;quettreville-sur-sienne;1438;89;-107,065732354819;5444,84861452611;
572;precorbin;522;72;-69,1869333152731;5457,81394297287;
573;hudimesnil;866;46;-108,498884247231;5433,72912186166;
574;mesnil-rouxelin;506;106;-78,7911153772377;5465,23064458006;
575;gonneville;874;56;-105,627252528994;5518,97115262738;
576;notre-dame-d-elle;130;45;-70,3534021728402;5461,5278535228;
577;gourbesville;173;21;-102,479329895499;5494,88633151617;
578;nouainville;448;117;-121,27207644703;5517,12531684508;
579;cherence-le-heron;378;39;58,8361867431286;5426,53481010776;
580;brix;2067;64;-114,22382327297;5509,70861523789;
581;nicorps;422;74;-103,277579800775;5452,25419664064;
582;lingeard;85;23;-75,7847048619185;5418,89571864727;
583;angoville-au-plain;51;8;-90,5455504334382;5487,46962990897;
584;martigny-50;317;35;-82,0866463605599;5405,93039020052;
585;teilleul;1284;42;-65,0197430256406;5398,51368859333;
586;couville;970;112;-121,437974667371;5509,70861523789;
587;saint-germain-sur-ay;897;61;-116,172995802933;5474,49318196955;
588;saint-symphorien-des-monts;142;20;-73,6072840317757;5398,51368859333;
589;beauvoir-50;423;29;-110,30178653076;5404,07343492555;
590;remilly-sur-lozon;660;69;-90,8519840493018;5468,93343563733;
591;saint-senier-sous-avranches;1282;148;-97,8839984823877;5413,33597231505;
592;maupertus-sur-mer;256;74;-106,753803560875;5522,68506317731;
593;villiers-le-pre;192;24;-103,050197644486;5398,51368859333;
594;mesnil-aubert;155;26;-103,450402520999;5442,99165925115;
595;grimesnil;63;24;-98,581916327267;5442,99165925115;
596;loreur;228;70;-104,841610267495;5433,72912186166;
597;montfarville;800;148;-91,1922864328074;5520,82810790234;
598;vergoncey;211;27;-103,01618394364;5400,37064386829;
599;audouville-la-hubert;57;8;-89,216847918016;5494,88633151617;
600;fermanville;1401;120;-104,319462794811;5524,53089895961;
601;saint-maur-des-bois;131;26;-84,2013179338161;5428,16937552943;
