730
427.42006
552.65166
5400.68199
5504.52693
9
120738
1;attilloncourt;108;32;467,68941055547;5424,4554649795;
2;berthelming;515;48;512,529761336272;5428,16937552943;
3;juvelize;87;11;487,388736436028;5422,6096291972;
4;aboncourt-sur-seille;71;19;464,937712069332;5428,16937552943;
5;ajoncourt;91;26;460,970288589875;5431,87216658669;
6;roncourt;834;123;438,985788905863;5471,10173670689;
7;arzviller;535;102;525,779057147272;5417,04988286497;
8;guinzeling;76;15;499,661372319688;5435,57495764396;
9;behren-les-forbach;8193;1478;505,306459099026;5467,08759985503;
10;loutzviller;159;49;536,993165423482;5465,23064458006;
11;haut-clocher;339;29;513,211366804143;5420,75267392224;
12;bazoncourt;494;37;463,984916928157;5454,11115191561;
13;ippling;785;238;509,626997267488;5459,67089824783;
14;blies-ebersing;596;113;520,372398701733;5461,5278535228;
15;henridorff;658;90;529,272551881646;5418,89571864727;
16;val-de-bride;626;56;490,317517724299;5429,12565189857;
17;haute-kontz;528;82;456,626308746375;5498,58912257343;
18;xouaxange;342;66;513,721859379419;5415,19292759001;
19;niderviller;1173;108;522,110832873325;5417,04988286497;
20;lidrezing;88;8;489,912121109607;5435,57495764396;
21;maizieres-les-vic;491;18;496,4332629557;5417,04988286497;
22;beyren-les-sierck;482;51;454,061435694419;5500,44607784839;
23;chateau-salins;2422;225;475,920492669395;5428,16937552943;
24;voyer;430;95;520,353524917138;5409,63318125778;
25;fribourg;170;9;502,047044298766;5422,6096291972;
26;delme;989;194;467,975757477833;5435,57495764396;
27;volmunster;864;57;534,928269994089;5461,5278535228;
28;phalsbourg;4736;360;532,585429984601;5422,6096291972;
29;teterchen;729;83;476,793578968279;5474,49318196955;
30;guebenhouse;405;90;506,157038464367;5457,81394297287;
31;obergailbach;318;35;525,224598397039;5461,5278535228;
32;guermange;92;5;498,051898156197;5426,31242025447;
33;ottonville;409;26;473,629080535605;5472,83637756255;
34;bourgaltroff;283;29;493,731987264336;5433,72912186166;
35;bioncourt;314;38;466,468777190149;5424,4554649795;
36;barst;563;97;497,797800116311;5456,06818262455;
37;ley;108;17;487,712819072086;5418,89571864727;
38;manom;2642;254;447,746350330399;5489,32658518394;
39;saint-quirin;783;14;519,472396712348;5405,93039020052;
40;givrycourt;101;36;505,417442794043;5439,28886819389;
41;ibigny;97;20;506,885789865536;5409,63318125778;
42;roussy-le-village;1215;97;445,782945659185;5498,58912257343;
43;fey;596;105;444,700061965542;5452,25419664064;
44;saint-francois-lacroix;300;40;466,707223896434;5486,82469933444;
45;foulcrey;191;15;504,604354270862;5407,77622598282;
46;buchy-57;115;32;458,52533210343;5446,69445030841;
47;beux;274;54;460,803828061033;5448,55140558338;
48;marly-57;9707;898;448,07397516178;5455,35653509403;
49;hallering;115;32;476,704784824664;5461,5278535228;
50;mecleuves;1162;90;456,69719953542;5454,11115191561;
51;villers-stoncourt;239;22;468,842909342156;5454,11115191561;
52;hauconcourt;542;68;449,11083275259;5472,64734618725;
53;metzervisse;1826;203;455,450065242659;5483,76683885171;
54;stiring-wendel;12438;3455;503,755346968959;5470,79039091229;
55;troisfontaines;1319;102;522,621091662263;5411,80148232735;
56;richeval;136;27;508,278656037736;5407,77622598282;
57;morhange;3772;245;484,713118568474;5439,28886819389;
58;vahl-les-benestroff;126;14;495,673973491306;5439,28886819389;
59;manderen;421;47;465,059553664718;5498,58912257343;
60;tromborn;346;56;477,679953650424;5478,20709251948;
61;oberdorff;361;85;478,889512464482;5478,20709251948;
62;ennery-57;1715;236;451,532400930897;5472,64734618725;
63;bassing;131;20;497,389261244072;5433,72912186166;
64;morville-sur-nied;126;22;469,785185011627;5442,99165925115;
65;laumesfeld;252;30;467,056417760506;5489,32658518394;
66;brettnach;464;78;476,6323699435;5476,35013724452;
67;rettel;740;107;457,830644939925;5498,58912257343;
68;merschweiller;183;31;463,697178498871;5500,44607784839;
69;yutz;16171;1157;448,200498578545;5488,45926475611;
70;argancy;1310;114;450,473747998083;5470,79039091229;
71;danne-et-quatre-vents;598;83;535,028236989926;5422,6096291972;
72;remilly-57;2121;111;466,726223229296;5450,40836085834;
73;brouviller;432;38;524,034506092873;5422,6096291972;
74;montois-la-montagne;2364;332;437,005897161809;5472,64734618725;
75;vallerange;223;33;488,204425723896;5441,13470397619;
76;cocheren;3496;622;498,203816320122;5465,23064458006;
77;colmen;216;44;473,251168810636;5487,46962990897;
78;hilsprich;903;87;504,404885378652;5450,40836085834;
79;baerenthal;762;19;548,528186178649;5446,69445030841;
80;wiesviller;1031;116;521,936757244809;5457,81394297287;
81;pettoncourt;291;59;470,132142632289;5424,4554649795;
82;gros-rederching;1314;83;525,753837936992;5455,96810719057;
83;benestroff;533;55;493,238471527453;5439,28886819389;
84;willerwald;1500;237;512,741358495755;5452,25419664064;
85;brehain;103;28;477,405881953252;5439,28886819389;
86;bellange;57;14;481,220305218012;5437,43191291892;
87;nelling;289;39;501,261396489232;5444,84861452611;
88;hannocourt;19;4;472,692833435991;5437,43191291892;
89;cattenom;2660;104;452,113626918667;5494,88633151617;
90;mey;301;157;453,505903903267;5463,3736893051;
91;bambiderstroff;1030;93;479,291814274425;5459,67089824783;
92;morsbach;2581;507;499,247871007411;5467,08759985503;
93;rimling;561;42;529,041601747677;5459,67089824783;
94;bisten-en-lorraine;259;57;479,85937123073;5467,08759985503;
95;vigny-57;308;52;456,244981637053;5444,84861452611;
96;rolbing;279;46;541,659441768021;5467,08759985503;
97;blies-guersviller;600;166;515,174020183184;5465,23064458006;
98;schwerdorff;448;47;476,711089416322;5489,32658518394;
99;pournoy-la-chetive;657;256;448,494730134402;5450,40836085834;
100;boulange;2290;179;430,705007672881;5491,17242096624;
101;oron;104;19;473,91062599461;5437,43191291892;
102;saint-privat-la-montagne;1668;285;439,723602798621;5468,93343563733;
103;saint-jean-kourtzerode;764;483;526,652372500743;5420,75267392224;
104;donjeux-57;97;29;467,975757477833;5435,57495764396;
105;boulay-moselle;5070;259;472,430317056369;5468,93343563733;
106;ars-laquenexy;937;149;457,604561797742;5457,81394297287;
107;hultehouse;353;77;533,115505695165;5417,04988286497;
108;wittring;806;99;519,856931091313;5454,11115191561;
109;insviller;197;23;504,536363530789;5435,57495764396;
110;lixheim;585;147;522,639892187565;5424,4554649795;
111;arraincourt;130;27;476,927844140609;5444,84861452611;
112;moncheux;149;20;463,855309156774;5441,13470397619;
113;saint-louis-57;683;73;527,001309475351;5417,04988286497;
114;tragny;114;20;465,97796458132;5444,84861452611;
115;petit-rederching;1495;135;532,003369669788;5454,11115191561;
116;neunkirchen-les-bouzonville;338;88;474,754980386955;5488,00336555687;
117;hanviller;248;28;543,602373098176;5459,67089824783;
118;bebing;162;16;513,721859379419;5415,19292759001;
119;varize-57;519;37;469,269729049492;5463,3736893051;
120;florange;11454;869;443,220188948903;5485,61267463401;
121;berviller-en-moselle;501;90;482,517463316485;5478,20709251948;
122;tritteling-redlach;511;85;482,042222640436;5455,96810719057;
123;morville-les-vic;127;15;479,581419536083;5428,16937552943;
124;waldhouse;391;59;543,054523971236;5465,23064458006;
125;ranguevaux;774;76;438,685706782674;5481,90988357675;
126;lening;301;46;496,56076372253;5442,99165925115;
127;nitting;464;52;516,509298151993;5411,49013653275;
128;bousbach;1125;190;505,476864733555;5465,23064458006;
129;budling;174;30;459,971396201866;5487,46962990897;
130;k혵oenigsmacker;2080;113;454,679297779771;5493,0293762412;
131;vitry-sur-orne;2898;380;442,610003944445;5478,20709251948;
132;kirviller;147;57;509,948187959773;5442,99165925115;
133;hestroff;440;59;466,796101094413;5478,20709251948;
134;ritzing;136;22;467,628902563962;5496,73216729847;
135;alzing;445;98;475,101644540876;5480,05292830178;
136;rodemack;1103;110;450,448212803895;5500,44607784839;
137;etting;760;107;523,676605921137;5452,25419664064;
138;zoufftgen;872;52;443,372827490339;5498,58912257343;
139;chanville;119;30;468,842909342156;5454,11115191561;
140;porcelette;2570;191;483,657719493257;5465,23064458006;
141;saint-hubert;214;13;459,851199692868;5474,49318196955;
142;chemery-les-deux;473;47;466,480978184492;5481,90988357675;
143;berling;291;92;531,011214945945;5426,31242025447;
144;goin;333;36;453,660825760772;5446,69445030841;
145;gavisse;592;142;454,370906872814;5496,73216729847;
146;viller;191;26;485,283035983755;5446,69445030841;
147;antilly-57;122;25;454,106600804519;5470,79039091229;
148;gremecey;102;11;469,975687256165;5426,31242025447;
149;launstroff;258;33;470,039118536396;5496,73216729847;
150;montbronn;1678;111;533,933207652821;5446,69445030841;
151;charly-oradour;667;98;454,412283362433;5467,08759985503;
152;sarraltroff;767;64;516,534527341695;5424,4554649795;
153;soucht;1178;109;535,327201790152;5444,84861452611;
154;waldwisse;730;62;472,609203545046;5494,88633151617;
155;romelfing;365;34;513,580167199394;5430,01521131173;
156;montenach;431;46;461,758476498998;5494,88633151617;
157;pierrevillers;1495;256;443,058364957199;5472,64734618725;
158;ban-saint-martin;4252;2674;447,593042239952;5461,5278535228;
159;volstroff;1442;118;454,396455888228;5481,90988357675;
160;adaincourt;117;34;469,314225878491;5448,55140558338;
161;veckersviller;275;57;525,778727294917;5430,01521131173;
162;kuntzig;1153;255;451,520236706611;5487,46962990897;
163;luppy;516;31;463,390568195014;5446,69445030841;
164;bibiche;440;35;469,788749044511;5485,61267463401;
165;pournoy-la-grasse;580;80;453,356704712948;5450,40836085834;
166;amneville;10100;965;446,237954796449;5478,20709251948;
167;marimont-les-benestroff;46;11;495,947525288488;5436,23100771116;
168;seremange-erzange;4177;1113;440,952973247088;5483,76683885171;
169;aulnois-sur-seille;238;46;462,035856591558;5433,72912186166;
170;elzange;779;194;454,98753510188;5489,32658518394;
171;bouzonville;4132;297;473,731981602387;5481,90988357675;
172;gerbecourt;110;37;476,824008023013;5431,87216658669;
173;ay-sur-moselle;1540;328;450,018151307999;5476,35013724452;
174;charleville-sous-bois;259;20;466,373760391706;5468,93343563733;
175;mondelange;6009;1465;447,447513610507;5478,20709251948;
176;uckange;6906;1242;445,936710200569;5481,90988357675;
177;bettelainville;625;45;457,431170974049;5474,49318196955;
178;haute-vigneulles;429;45;476,865261728864;5459,67089824783;
179;suisse;103;20;480,577803993705;5444,84861452611;
180;sch혵oeneck;2794;688;502,375164122707;5472,64734618725;
181;zarbeling;67;17;488,693190503801;5435,57495764396;
182;nouilly;501;208;455,931555494974;5463,3736893051;
183;jussy-57;485;166;442,889885898175;5459,67089824783;
184;forbach;21510;1318;501,502951952146;5468,93343563733;
185;macheren;2920;172;492,639673371428;5459,67089824783;
186;montdidier-57;64;33;497,944656735387;5441,13470397619;
187;villing;497;100;481,145952943867;5480,05292830178;
188;val-de-gueblange;863;45;508,561316195425;5444,84861452611;
189;saulny;1492;152;443,506388561735;5467,08759985503;
190;feves;915;190;444,419235510876;5470,79039091229;
191;servigny-les-sainte-barbe;438;141;456,989632875725;5465,23064458006;
192;courcelles-sur-nied;973;192;458,971960613836;5455,96810719057;
193;bronvaux;527;335;441,996849259545;5470,79039091229;
194;rosselange;2897;541;440,1916119065;5478,20709251948;
195;rohrbach-les-bitche;2126;160;529,574373462789;5454,11115191561;
196;hargarten-aux-mines;1145;207;479,374624379921;5472,64734618725;
197;woippy;13046;894;447,292477426095;5465,23064458006;
198;landange;248;51;511,613962682903;5411,49013653275;
199;nousseviller-les-bitche;150;30;536,321987422927;5459,67089824783;
200;francaltroff;758;60;496,394540021113;5444,84861452611;
201;momerstroff;288;46;475,012064521646;5467,08759985503;
202;w혵oelfling-les-sarreguemines;691;110;522,461927319976;5458,03633282616;
203;moulins-les-metz;5110;732;444,10352619024;5459,67089824783;
204;boustroff;156;44;483,904312999111;5448,55140558338;
205;tressange;1970;210;432,970460374457;5493,0293762412;
206;gondrexange;482;21;508,997819892969;5413,33597231505;
207;maxe;859;113;450,776985095534;5467,08759985503;
208;lengelsheim;220;41;539,962180260551;5459,67089824783;
209;schneckenbusch;301;141;519,837351171146;5415,19292759001;
210;vry;547;36;460,316476911171;5468,93343563733;
211;denting;245;25;474,69252451747;5470,79039091229;
212;vic-sur-seille;1344;68;478,679506881889;5424,4554649795;
213;freyming-merlebach;13229;1460;494,569396845136;5464,30772668891;
214;sainte-ruffine;524;738;444,10352619024;5459,67089824783;
215;lesse;192;23;475,711677517557;5444,84861452611;
216;narbefontaine;137;38;476,545228724678;5463,3736893051;
217;remering-les-puttelange;1135;122;505,4511935455;5452,25419664064;
218;amelecourt;150;19;475,762874240354;5430,01521131173;
219;barchain;109;64;511,275809440403;5415,19292759001;
220;pontpierre;774;91;484,633206616998;5454,11115191561;
221;siersthal;632;60;535,827123843727;5452,25419664064;
222;hartzviller;918;221;520,181166940689;5411,49013653275;
223;liehon;107;19;455,940222519374;5448,55140558338;
224;brouck;83;27;474,120304682939;5463,3736893051;
225;orny;371;50;455,78732737236;5450,40836085834;
226;evrange;232;103;447,735034179865;5504,14886890566;
227;molring;9;2;498,443172926003;5435,57495764396;
228;kerbach;1188;266;506,51846754121;5467,08759985503;
229;flocourt;124;27;468,411757811364;5444,84861452611;
230;manhoue;134;32;464,783730988653;5430,01521131173;
231;illange;1979;350;448,050440997049;5485,61267463401;
232;rodalbe;204;19;488,529984441415;5437,43191291892;
233;lezey;102;13;486,328622251846;5420,75267392224;
234;hopital;5434;1361;489,553257589244;5467,08759985503;
235;waldweistroff;462;59;470,677010146247;5489,32658518394;
236;burlioncourt;178;24;481,312803367504;5433,08419128712;
237;tenteling;1008;140;504,603295537159;5461,5278535228;
238;malling;557;126;455,730535934017;5494,88633151617;
239;zimming;644;81;477,918016696882;5461,5278535228;
240;alsting;2638;460;507,559508616808;5468,93343563733;
241;heining-les-bouzonville;489;81;477,195703236016;5483,76683885171;
242;peltre;1801;215;453,963144254833;5457,81394297287;
243;holacourt;68;23;475,711677517557;5444,84861452611;
244;plaine-de-walsch;618;124;522,297074079999;5414,18105375755;
245;kerprich-aux-bois;141;21;510,937483495478;5418,89571864727;
246;gosselming;618;60;512,871161899555;5424,4554649795;
247;marthille;184;18;479,842114640767;5439,28886819389;
248;jury;1129;356;455,329326005789;5455,96810719057;
249;rozerieulles;1404;213;442,889885898175;5459,67089824783;
250;kappelkinger;399;46;504,911356342329;5444,84861452611;
251;pontoy;413;40;458,217950031771;5450,40836085834;
252;plesnois;775;249;443,506388561735;5467,08759985503;
253;amanvillers;2163;221;438,659081852651;5467,08759985503;
254;fossieux;160;31;463,409040926177;5431,87216658669;
255;cutting;111;19;499,993984465056;5431,87216658669;
256;pevange;52;26;483,657352271095;5437,43191291892;
257;metzing;630;97;507,200444721927;5459,67089824783;
258;petit-tenquin;228;46;501,09450596971;5446,69445030841;
259;hellimer;621;59;497,279045862583;5448,55140558338;
260;racrange;633;88;487,149351255989;5439,28886819389;
261;puttelange-les-thionville;900;84;452,704051361965;5502,29191363069;
262;vionville;175;18;433,328687606184;5457,81394297287;
263;aube-57;260;48;461,710203843972;5452,25419664064;
264;vantoux;923;376;453,505903903267;5463,3736893051;
265;enchenberg;1241;127;534,790221030327;5450,40836085834;
266;saint-jean-de-bassel;332;33;511,47952381634;5426,31242025447;
267;entrange;1316;329;441,262899872619;5494,88633151617;
268;metz;120738;2878;448,656055819788;5463,3736893051;
269;russange;1074;310;429,827820134727;5502,29191363069;
270;chailly-les-ennery;348;47;452,895407678853;5470,79039091229;
271;lindre-basse;223;26;494,389751846225;5426,31242025447;
272;maizeroy;339;38;466,101445492366;5457,81394297287;
273;blanche-eglise;139;20;488,286418806025;5426,31242025447;
274;guebestroff;65;17;491,621880695993;5430,01521131173;
275;vescheim;245;135;529,7902553662;5426,31242025447;
276;thicourt;146;26;477,985546720842;5446,69445030841;
277;wintersbourg;253;64;526,303257629705;5424,4554649795;
278;oberstinzel;325;64;515,141670126312;5426,31242025447;
279;diffembach-les-hellimer;375;64;498,494400119731;5448,55140558338;
280;montoy-flanville;1115;176;457,072178014164;5462,05046967803;
281;noveant-sur-moselle;1961;152;441,054979490415;5452,25419664064;
282;hilbesheim;613;81;520,369929127188;5422,6096291972;
283;pouilly-57;673;131;450,623615860314;5454,11115191561;
284;sillegny;449;42;450,012081129315;5446,69445030841;
285;lucy-57;207;28;472,219793226702;5442,99165925115;
286;sanry-sur-nied;321;66;462,770054438788;5454,11115191561;
287;arry-57;500;72;442,566219160258;5448,55140558338;
288;guebling;140;20;492,512652119492;5433,72912186166;
289;juville;111;18;463,855309156774;5441,13470397619;
290;vaxy;149;28;478,043018341728;5431,87216658669;
291;puzieux-57;173;27;465,383154212589;5437,43191291892;
292;alaincourt-la-cote;143;34;464,164630686048;5437,43191291892;
293;conthil;179;19;486,093668356255;5437,43191291892;
294;hombourg-haut;7440;607;492,309053870904;5463,3736893051;
295;angevillers;1270;145;436,737049402189;5491,17242096624;
296;frauenberg;547;198;518,98540097994;5463,3736893051;
297;veckring;680;102;462,542646362024;5485,61267463401;
298;rhodes;93;8;505,879775849798;5420,75267392224;
299;gorze;1220;68;437,263043564209;5454,11115191561;
300;klang;244;58;461,774515717121;5483,989228705;
301;vergaville;566;42;492,841297539816;5430,01521131173;
302;maizery;199;62;461,0908500863;5459,67089824783;
303;jouy-aux-arches;1561;259;443,186967803328;5455,96810719057;
304;harreberg;391;61;526,301437837688;5411,49013653275;
305;redange;984;178;427,420061942275;5502,29191363069;
306;hommert;356;102;527,351115491656;5413,33597231505;
307;clouange;3907;1298;442,610003944445;5478,20709251948;
308;fremery;63;14;472,534878025546;5439,28886819389;
309;secourt;209;28;458,831638753042;5442,99165925115;
310;v혵oelfling-les-bouzonville;181;62;478,566225581098;5481,90988357675;
311;hayange;15604;1277;438,389212290488;5485,61267463401;
312;ommeray;108;10;490,319066735886;5417,04988286497;
313;heming;499;135;510,052417526709;5415,19292759001;
314;garde-57;188;8;491,705208263159;5415,19292759001;
315;remeling;315;48;469,15185604998;5493,0293762412;
316;etangs;424;70;464,262681289157;5465,23064458006;
317;talange;7515;2031;448,808183149563;5476,35013724452;
318;silly-sur-nied;679;149;463,362145404526;5461,5278535228;
319;chenois;63;17;474,494780902535;5444,84861452611;
320;lorquin;1310;149;514,061630417448;5411,49013653275;
321;berg-sur-moselle;430;147;456,781845982353;5496,73216729847;
322;fameck;12637;1015;443,519950761384;5481,90988357675;
323;remelfing;1448;552;515,693742650674;5459,67089824783;
324;avricourt-57;698;67;499,53961899792;5409,63318125778;
325;marange-zondrange;311;37;475,491552952446;5461,5278535228;
326;arriance;228;32;474,018820467254;5450,40836085834;
327;achen;1010;83;523,500789787682;5454,11115191561;
328;schweyen;313;27;538,024143501121;5467,08759985503;
329;holving;1259;117;507,005527441544;5448,55140558338;
330;petite-rosselle;6593;1305;496,489641356087;5470,79039091229;
331;tarquimpol;68;16;494,554334688857;5424,4554649795;
332;riche-57;189;29;483,818930504821;5435,57495764396;
333;hambach;2736;155;512,397025356208;5455,96810719057;
334;lessy;800;280;443,954074416863;5461,5278535228;
335;failly;562;83;455,777943010047;5465,23064458006;
336;diane-capelle;224;36;508,492318775498;5418,89571864727;
337;altviller;565;116;490,377319683924;5457,81394297287;
338;conde-northen;611;55;467,741467987847;5467,08759985503;
339;rouhling;2035;338;509,284977263015;5463,3736893051;
340;ars-sur-moselle;4846;417;441,825571300808;5457,81394297287;
341;hinckange;304;50;468,796237694397;5468,93343563733;
342;fenetrange;732;50;513,408951561892;5431,87216658669;
343;hangviller;281;62;529,613842652356;5428,16937552943;
344;basse-ham;2250;223;452,421226547144;5491,17242096624;
345;obervisse;158;35;478,808778116022;5465,23064458006;
346;fletrange;901;148;478,39958803239;5455,96810719057;
347;valmunster;93;29;471,793223145483;5476,35013724452;
348;mondorff;575;149;452,839522216016;5504,52693165625;
349;lommerange;285;35;432,351034925172;5485,61267463401;
350;erstroff;209;41;493,797016706797;5446,69445030841;
351;boust;1131;161;447,139535818408;5496,73216729847;
352;honskirch;222;33;510,118849778547;5441,13470397619;
353;havange;456;47;434,324377485259;5491,17242096624;
354;raville;259;36;472,170231969379;5457,81394297287;
355;foville;93;26;462,791408722809;5439,28886819389;
356;guenange;7127;853;448,353469639753;5481,90988357675;
357;hombourg-budange;511;33;459,229974766597;5481,90988357675;
358;pange;930;108;463,674076558263;5457,81394297287;
359;oudrenne;747;36;457,247294254968;5491,17242096624;
360;langatte;529;40;511,989190592053;5420,75267392224;
361;diebling;1647;210;504,603295537159;5461,5278535228;
362;nebing;371;50;498,276710717899;5437,43191291892;
363;bousse-57;2910;330;449,714533763883;5480,05292830178;
364;lambach;547;98;537,042394340934;5452,25419664064;
365;fontoy;3100;183;434,618642080503;5487,46962990897;
366;sarreinsming;1294;185;517,081291093094;5457,81394297287;
367;ogy;563;150;459,877937832803;5459,67089824783;
368;fremestroff;295;53;494,68093622156;5450,40836085834;
369;bliesbruck;1015;93;522,798134652604;5461,5278535228;
370;thionville;41015;822;446,53996894747;5489,32658518394;
371;sailly-achatel;225;27;460,052329765038;5441,73515658007;
372;teting-sur-nied;1379;140;485,848069106368;5454,11115191561;
373;saint-louis-les-bitche;534;117;536,36546082415;5446,69445030841;
374;ernestviller;513;115;507,54066489676;5455,96810719057;
375;sarrebourg;12565;766;517,048928489955;5418,89571864727;
376;obreck;52;16;481,701512695616;5431,87216658669;
377;neufmoulins;38;19;511,44541539401;5413,33597231505;
378;moncourt;83;12;486,65084246194;5417,04988286497;
379;haraucourt-sur-seille;117;14;483,403312916308;5426,31242025447;
380;guinglange;299;28;474,756953424343;5455,96810719057;
381;bourscheid;217;54;526,477313098198;5422,6096291972;
382;eguelshardt;443;26;546,944792846831;5450,40836085834;
383;flastroff;309;36;473,090497030581;5489,32658518394;
384;languimberg;186;10;503,436156584715;5420,75267392224;
385;rening;129;32;500,211945808725;5442,99165925115;
386;tincry;181;21;469,03799382429;5437,43191291892;
387;hagen;254;72;445,328097294508;5504,14886890566;
388;belles-forets;251;9;504,750731277898;5426,93511184368;
389;solgne;1060;145;459,894941490149;5444,84861452611;
390;bechy;542;56;465,822821366343;5446,69445030841;
391;burtoncourt;201;39;466,058904699986;5472,64734618725;
392;scy-chazelles;2726;603;445,167306289081;5461,5278535228;
393;inglange;397;69;456,349574184529;5487,46962990897;
394;grening;142;51;500,04449987421;5444,84861452611;
395;ebersviller;865;61;464,221454207879;5480,05292830178;
396;grindorff-bizing;318;46;471,724773504477;5491,17242096624;
397;hermelange;251;97;515,116074513748;5413,33597231505;
398;guenviller;671;141;495,066225916988;5459,67089824783;
399;rechicourt-le-chateau;595;24;503,04602405136;5411,49013653275;
400;donnelay;201;15;489,994417729019;5420,75267392224;
401;niderhoff;297;56;515,627259571485;5407,77622598282;
402;longeville-les-metz;3826;1411;446,379810367734;5461,5278535228;
403;jallaucourt;162;19;468,443445405887;5430,01521131173;
404;maxstadt;317;40;495,564782706104;5454,11115191561;
405;henriville;719;182;498,706418754613;5459,67089824783;
406;malaucourt-sur-seille;141;19;466,003879775359;5430,01521131173;
407;seingbouse;1907;236;497,32535989098;5461,5278535228;
408;bettviller;835;45;530,432912655924;5457,81394297287;
409;sotzeling;22;6;485,198104160021;5433,72912186166;
410;etzling;1136;229;506,348633373399;5468,93343563733;
411;zommange;36;5;497,886053869521;5428,16937552943;
412;brulange;101;17;478,144740755631;5444,84861452611;
413;coin-sur-seille;294;88;449,861262720568;5448,55140558338;
414;hottviller;595;71;536,681741761131;5455,96810719057;
415;coincy-57;306;42;457,450657248675;5459,67089824783;
416;saint-jean-rohrbach;1003;82;501,806111070373;5452,25419664064;
417;adelange;227;39;482,688958741963;5448,55140558338;
418;diesen;1092;199;484,544157201567;5468,93343563733;
419;rochonvillers;214;37;435,234959307638;5494,88633151617;
420;coin-les-cuvry;721;108;448,345144440669;5452,25419664064;
421;moyenvic;371;25;479,900872920298;5424,4554649795;
422;neufvillage;38;62;495,509233742113;5441,13470397619;
423;guerstling;422;95;477,034851726998;5485,61267463401;
424;filstroff;869;51;474,779762854954;5483,76683885171;
425;aumetz;2308;222;429,206295360854;5494,88633151617;
426;hagondange;9414;1711;447,598940826855;5476,35013724452;
427;ormersviller;366;50;533,536400330312;5463,3736893051;
428;rurange-les-thionville;2211;249;452,132112055875;5480,05292830178;
429;assenoncourt;138;8;498,382467333082;5422,6096291972;
430;chicourt;87;15;474,970379989399;5439,28886819389;
431;rustroff;546;169;460,397531509556;5496,73216729847;
432;chateau-rouge;223;51;478,728374651875;5480,05292830178;
433;glatigny-57;280;44;460,626157082441;5465,23064458006;
434;spicheren;3212;396;506,177733220291;5470,79039091229;
435;achain;83;17;481,059500260863;5439,28886819389;
436;meisenthal;716;112;536,544098405174;5444,84861452611;
437;apach;983;293;460,240763108771;5498,58912257343;
438;bettange;214;57;470,742418049393;5474,49318196955;
439;laquenexy;1020;112;460,032659015354;5457,81394297287;
440;terville;6445;1682;445,484108132516;5487,46962990897;
441;menskirch;155;34;465,115276476107;5483,76683885171;
442;dalem;660;90;479,213607687098;5474,49318196955;
443;kemplich;158;28;463,750571679194;5485,61267463401;
444;wuisse;62;4;486,57974906709;5431,87216658669;
445;puttelange-aux-lacs;3147;188;505,074633794703;5454,38913923222;
446;azoudange;118;7;499,936442463777;5418,89571864727;
447;flevy;570;49;453,800764855207;5474,49318196955;
448;bermering;240;41;489,422137220533;5441,13470397619;
449;megange;182;36;467,268962463951;5472,64734618725;
450;hundling;1358;204;508,413356975424;5459,67089824783;
451;moyeuvre-grande;7939;827;437,920647230821;5476,35013724452;
452;bannay-57;83;20;470,482554845346;5463,3736893051;
453;lixing-les-rouhling;930;220;509,113388940271;5465,23064458006;
454;lutzelbourg;625;107;531,71698319889;5418,89571864727;
455;chateau-brehain;76;12;476,347673047692;5437,43191291892;
456;munster-57;222;33;504,199326450285;5439,28886819389;
457;bacourt;117;30;468,725424662519;5441,13470397619;
458;carling;3655;1368;488,341976206713;5467,08759985503;
459;postroff;208;41;518,286456234495;5431,87216658669;
460;faulquemont;5549;295;480,98934792063;5454,11115191561;
461;garrebourg;523;62;530,669533749297;5417,04988286497;
462;farschviller;1513;134;502,346611592238;5459,67089824783;
463;laneuveville-les-lorquin;97;43;514,231960733153;5409,63318125778;
464;dieuze;3780;404;491,7847531535;5428,16937552943;
465;betting;881;197;496,112855812327;5461,5278535228;
466;liederschiedt;133;22;545,845173463356;5461,5278535228;
467;hattigny;211;16;511,952957804611;5407,77622598282;
468;liocourt;144;45;464,164630686048;5437,43191291892;
469;han-sur-nied;241;119;469,4715659978;5446,69445030841;
470;folkling;1358;114;501,840340526839;5465,23064458006;
471;remelfang;125;37;472,843169574532;5478,20709251948;
472;mittelbronn;665;86;528,920853018916;5422,6096291972;
473;philippsbourg;596;25;552,176930810105;5446,69445030841;
474;cappel;701;117;499,040941302345;5455,96810719057;
475;noisseville;1017;391;457,14365374086;5463,3736893051;
476;norroy-le-veneur;1068;126;443,357682160593;5468,93343563733;
477;vittoncourt;393;41;469,156845888707;5450,40836085834;
478;grosbliederstroff;3302;252;510,32580611079;5465,23064458006;
479;herange;111;40;525,256276053232;5422,6096291972;
480;walschbronn;524;51;544,266213836914;5465,23064458006;
481;destry;90;12;480,738731270212;5442,99165925115;
482;laning;550;81;493,301404639406;5452,25419664064;
483;gomelange;559;59;469,374012664338;5476,35013724452;
484;bousseviller;137;34;543,419437512485;5461,5278535228;
485;brouderdorff;928;195;521,06074308484;5415,19292759001;
486;helstroff;472;59;471,53572970259;5465,23064458006;
487;kirschnaumen;469;23;465,533716482428;5493,0293762412;
488;roupeldange;378;150;469,849205155929;5470,79039091229;
489;bourdonnay;260;14;492,765038681754;5417,04988286497;
490;chieulles;386;147;453,200274920249;5467,08759985503;
491;courcelles-chaussy;3041;159;465,787881355397;5461,5278535228;
492;remering;458;92;480,984672419731;5477,99582215886;
493;malroy;386;109;450,625840884537;5468,93343563733;
494;salonnes;173;13;476,237507478159;5424,4554649795;
495;mouterhouse;289;6;543,662950087064;5446,69445030841;
496;bitche;5319;129;541,720083269524;5454,11115191561;
497;eincheville;227;33;481,634291352298;5446,69445030841;
498;valmont-57;3333;360;487,949950749821;5457,81394297287;
499;bistroff;336;17;489,984002302273;5448,55140558338;
500;augny;2233;149;445,615876559973;5455,96810719057;
501;nousseviller-saint-nabor;1170;190;507,029759281594;5461,5278535228;
502;maizieres-les-metz;10710;1214;446,689990899471;5472,64734618725;
503;chateau-voue;119;15;484,140996730789;5431,87216658669;
504;richeling;356;84;507,881734539915;5452,25419664064;
505;laneuveville-en-saulnois;274;42;470,569008241077;5433,72912186166;
506;lemoncourt;74;13;468,131069406186;5433,72912186166;
507;bettborn;427;64;513,921442975829;5426,31242025447;
508;erching;431;63;528,863566220129;5461,5278535228;
509;lubecourt;55;15;476,824008023013;5431,87216658669;
510;freybouse;420;71;493,631524082428;5448,55140558338;
511;loupershouse;966;124;503,729669530263;5457,81394297287;
512;many;261;31;475,393915181653;5448,55140558338;
513;moussey-57;647;82;498,020545304995;5412,26850101926;
514;reyersviller;371;44;539,472206318854;5452,25419664064;
515;vany;332;107;454,565525839528;5465,23064458006;
516;rahling;813;38;526,635718389908;5446,69445030841;
517;lostroff;72;14;501,213726482642;5431,87216658669;
518;hommarting;875;85;524,382955844423;5418,89571864727;
519;mittersheim;603;35;507,141748038436;5433,72912186166;
520;dornot;196;173;440,906902260578;5454,11115191561;
521;domnom-les-dieuze;96;14;499,09659568433;5433,05083280913;
522;longeville-les-saint-avold;3794;154;482,769488598624;5461,5278535228;
523;bionville-sur-nied;375;44;472,011428599175;5459,67089824783;
524;guerting;879;155;480,910077839595;5468,93343563733;
525;rosbruck;764;541;498,035862565227;5467,08759985503;
526;woustviller;3258;296;511,183299504807;5455,96810719057;
527;bening-les-saint-avold;1238;335;497,158901954383;5463,3736893051;
528;harprich;206;23;485,444660461824;5444,84861452611;
529;chesny;535;123;455,482337046051;5454,11115191561;
530;laudrefang;364;77;483,094484598106;5457,81394297287;
531;vasperviller;305;198;519,301561338359;5407,77622598282;
532;fleisheim;126;30;525,082624264384;5424,4554649795;
533;saint-medard-57;105;10;485,682720252105;5428,16937552943;
534;varsberg;952;229;482,282661055445;5467,08759985503;
535;vieux-lixheim;255;39;522,639892187565;5424,4554649795;
536;verny;1931;495;452,141028753381;5450,40836085834;
537;albestroff;642;33;500,379349247859;5441,13470397619;
538;schorbach;576;43;540,143844959354;5457,81394297287;
539;xanrey;116;14;481,44138372168;5420,75267392224;
540;cheminot;664;57;448,027981623703;5441,13470397619;
541;vibersviller;451;34;506,634828414139;5439,28886819389;
542;ottange;2696;174;436,292479236799;5496,73216729847;
543;stuckange;1027;231;451,673492338293;5485,61267463401;
544;fonteny;130;8;472,850748688934;5435,57495764396;
545;saint-georges-57;213;26;509,165560574601;5411,49013653275;
546;zilling;270;75;528,745989706523;5424,4554649795;
547;schalbach;301;23;525,952915785669;5428,16937552943;
548;puttigny;75;10;479,262760359315;5431,87216658669;
549;baudrecourt-57;184;36;470,844821049438;5444,84861452611;
550;dolving;377;56;514,262545156179;5422,6096291972;
551;sainte-barbe-57;725;52;458,241171486516;5466,2202794272;
552;rombas;9937;850;441,549825870402;5476,35013724452;
553;sanry-les-vigy;525;94;456,682397549199;5468,93343563733;
554;hemilly;144;10;473,542499046021;5455,96810719057;
555;coume;684;45;477,114910768802;5470,79039091229;
556;aspach-57;46;11;511,783481982976;5409,63318125778;
557;farebersviller;5741;834;498,538591763198;5461,5278535228;
558;vahl-les-faulquemont;245;39;482,366157214023;5452,25419664064;
559;saint-avold;16273;458;487,785840241739;5459,67089824783;
560;villers-sur-nied;84;19;477,405881953252;5439,28886819389;
561;altrippe;409;83;496,946487114533;5452,25419664064;
562;buhl-lorraine;1228;109;519,664860927458;5417,04988286497;
563;bickenholtz;75;30;524,907881905746;5426,31242025447;
564;monneren;391;35;463,593218219204;5487,46962990897;
565;rezonville;333;24;436,82314051499;5459,67089824783;
566;marsal-57;260;23;483,403312916308;5426,31242025447;
567;lelling;503;102;489,491927802736;5454,11115191561;
568;zetting;845;121;519,314766213803;5457,51371667093;
569;gelucourt;236;19;492,275083362072;5422,6096291972;
570;cuvry;753;138;449,560414937877;5452,25419664064;
571;rorbach-les-dieuze;58;13;500,160726374283;5430,01521131173;
572;vatimont;332;40;471,904548918056;5446,69445030841;
573;valmestroff;253;66;453,781153718951;5489,32658518394;
574;walscheid;1636;42;525,251217034578;5409,63318125778;
575;waltembourg;234;167;527,874548712832;5420,75267392224;
576;kedange-sur-canner;1085;277;459,074338241552;5483,76683885171;
577;voimhaut;266;66;467,941899188864;5450,40836085834;
578;breidenbach;346;31;539,599801759612;5463,3736893051;
579;niedervisse;244;42;477,436081406014;5467,08759985503;
580;nilvange;4839;1722;438,240464097841;5487,46962990897;
581;insming;606;84;501,429249916262;5442,99165925115;
582;silly-en-saulnois;38;16;458,52533210343;5446,69445030841;
583;roppeviller;137;9;546,028925643737;5459,67089824783;
584;virming;265;24;491,856829733005;5441,13470397619;
585;retonfey;1339;137;458,356479536714;5463,3736893051;
586;ham-sous-varsberg;2778;425;482,120953083004;5468,93343563733;
587;bining;1194;75;528,536958893472;5452,25419664064;
588;colligny;310;85;461,0908500863;5459,67089824783;
589;saint-epvre;164;35;470,844821049438;5444,84861452611;
590;plappeville;2135;840;445,018305982195;5463,3736893051;
591;servigny-les-raville;360;25;469,742863035275;5457,81394297287;
592;lemberg;1516;138;538,617139701436;5448,55140558338;
593;ancerville-57;268;51;465,355286319099;5452,25419664064;
594;bezange-la-petite;92;11;485,268387754842;5418,89571864727;
595;hettange-grande;7489;460;445,031166808936;5493,0293762412;
596;turquestein-blancrupt;23;0;522,145408304904;5400,6819896629;
597;hellering-les-fenetrange;208;51;517,411241220313;5428,16937552943;
598;sarreguemines;21540;725;513,267190105113;5459,67089824783;
599;kerling-les-sierck;528;29;459,503725079145;5493,0293762412;
600;hampont;201;17;481,862154288115;5430,01521131173;
601;dannelbourg;489;165;530,494400838901;5418,89571864727;
602;verneville;581;63;436,382904805947;5465,23064458006;
603;fraquelfing;86;19;513,177235153333;5407,77622598282;
604;vilsberg;365;73;531,187989110254;5424,4554649795;
605;lafrimbolle;213;19;515,967490997857;5404,07343492555;
606;aboncourt-57;387;65;460,749758204463;5478,20709251948;
607;breistroff-la-grande;591;55;449,397400021582;5498,58912257343;
608;viviers-57;108;15;470,412887477323;5435,57495764396;
609;hertzing;190;123;510,22161764349;5413,33597231505;
610;velving;248;52;474,372824168235;5474,49318196955;
611;bertrange;2607;382;448,353469639753;5481,90988357675;
612;chambrey;378;26;473,795508074428;5424,4554649795;
613;landroff;288;37;483,01159722375;5444,84861452611;
614;fresnes-en-saulnois;184;14;470,883011036415;5430,01521131173;
615;mainvillers;268;40;476,449443126665;5450,40836085834;
616;neufgrange;1433;199;514,825934112853;5455,96810719057;
617;goetzenbruck;1699;209;538,79771399548;5446,69445030841;
618;sarralbe;4547;166;511,869132983203;5448,55140558338;
619;richemont-57;1894;223;447,296955471891;5480,05292830178;
620;elvange;368;51;477,185133654067;5455,96810719057;
621;haboudange;271;25;483,818930504821;5435,57495764396;
622;hesse;603;46;517,39130123213;5415,19292759001;
623;leyviller;461;63;498,161028595245;5452,25419664064;
624;dabo;2625;54;531,372781218562;5409,63318125778;
625;gandrange;2908;712;445,028395982391;5478,20709251948;
626;haselbourg;321;52;528,574913242177;5413,33597231505;
627;moyeuvre-petite;507;93;436,563661054496;5478,20709251948;
628;metairies-saint-quirin;303;31;516,851536920207;5407,77622598282;
629;epping;578;54;532,573369340575;5461,00523736757;
630;pagny-les-goin;239;46;453,811918398979;5444,84861452611;
631;grundviller;666;106;507,711221284578;5454,11115191561;
632;berig-vintrange;245;28;489,094620314921;5444,84861452611;
633;sturzelbronn;187;5;552,651659358629;5454,11115191561;
634;grostenquin;566;25;491,364033786541;5446,69445030841;
635;fouligny;210;35;473,225068891239;5459,67089824783;
636;hazembourg;112;65;506,12752296538;5444,84861452611;
637;biding;308;45;494,349920216734;5454,11115191561;
638;dalstein;335;84;464,064218745308;5481,90988357675;
639;lixing-les-saint-avold;733;115;492,086134142198;5452,25419664064;
640;louvigny-57;822;51;451,378125168934;5444,84861452611;
641;crehange;3999;382;479,774485431261;5454,11115191561;
642;kalhausen;853;63;521,420702513979;5450,40836085834;
643;sorbey-57;326;58;460,341058231789;5454,11115191561;
644;saint-jure;316;29;454,115808626085;5441,13470397619;
645;herny;469;48;472,961747658646;5448,55140558338;
646;xocourt;79;16;466,600946771208;5437,43191291892;
647;lindre-haute;57;23;494,225127002834;5428,16937552943;
648;vittersbourg;338;47;506,297005873578;5442,99165925115;
649;freistroff;1083;73;470,26576261087;5480,05292830178;
650;audun-le-tiche;6242;404;429,973523972447;5500,44607784839;
651;marieulles;643;78;444,997657178909;5448,55140558338;
652;buding;560;88;457,712394313878;5485,61267463401;
653;torcheville;134;21;500,713026803059;5437,43191291892;
654;craincourt;266;29;461,882566873047;5435,57495764396;
655;prevocourt;104;15;470,098645338031;5439,28886819389;
656;semecourt;872;379;445,780159463283;5468,93343563733;
657;desseling;107;21;500,659699534727;5424,4554649795;
658;mulcey;222;26;488,286418806025;5426,31242025447;
659;reding;2470;212;520,542957758488;5420,75267392224;
660;marange-silvange;5842;383;443,058364957199;5472,64734618725;
661;pommerieux-57;698;161;449,861262720568;5448,55140558338;
662;cherisey;272;53;454,571651412792;5450,40836085834;
663;metzeresche;828;86;458,021957597175;5481,90988357675;
664;bidestroff;126;15;496,335490111168;5431,87216658669;
665;lhor;137;25;502,099233531299;5435,57495764396;
666;guntzviller;385;71;525,779057147272;5417,04988286497;
667;dalhain;117;24;478,94393929372;5435,57495764396;
668;gueblange-les-dieuze;180;36;491,053313401713;5422,6096291972;
669;sierck-les-bains;1707;355;459,192061954787;5496,73216729847;
670;vannecourt;88;9;478,94393929372;5435,57495764396;
671;fixem;382;108;453,16616045515;5496,73216729847;
672;merten;1529;292;483,890727222661;5476,35013724452;
673;distroff;1613;203;454,089342972634;5485,61267463401;
674;oriocourt;61;13;469,35040455103;5433,72912186166;
675;metting;360;69;528,394021820376;5428,16937552943;
676;volmerange-les-mines;1987;153;439,758373127943;5498,58912257343;
677;tremery;1087;144;453,64732994758;5476,35013724452;
678;lemud;299;70;464,140744838387;5452,25419664064;
679;knutange;3304;1359;437,181286973318;5485,61267463401;
680;anzeling;497;83;469,215218722529;5478,20709251948;
681;abreschviller;1510;36;521,750850896158;5407,77622598282;
682;thonville;43;16;479,202038180969;5446,69445030841;
683;volmerange-les-boulay;573;96;468,953476430031;5467,08759985503;
684;piblange;1012;105;465,744834024758;5476,35013724452;
685;sainte-marie-aux-chenes;3795;372;435,942336772338;5470,79039091229;
686;imling;688;112;514,774384325432;5417,04988286497;
687;escherange;609;46;438,851868322988;5494,88633151617;
688;boucheporn;544;81;480,021195286541;5465,23064458006;
689;holling;445;91;471,633610760474;5478,20709251948;
690;hayes-57;240;20;462,894888338417;5467,08759985503;
691;ancy-sur-moselle;1414;155;442,121764749947;5454,11115191561;
692;oeting;2544;579;502,883169274311;5467,08759985503;
693;theding;2452;301;502,009477587829;5463,3736893051;
694;basse-rentgen;375;35;447,887812577363;5502,29191363069;
695;kirsch-les-sierck;297;33;462,650158386744;5498,58912257343;
696;loudrefing;302;13;502,433468500228;5431,87216658669;
697;montigny-les-metz;22540;3364;447,743719027864;5459,67089824783;
698;lorry-les-metz;1516;248;445,286966820733;5464,30772668891;
699;guinkirchen;184;35;468,638012030264;5470,79039091229;
700;folschviller;4217;445;486,898583099883;5455,96810719057;
701;fleury-57;1034;106;451,990226915797;5452,25419664064;
702;vaux-57;865;130;442,726697596492;5458,93701173198;
703;corny-sur-moselle;2224;271;442,270249987622;5452,25419664064;
704;niederstinzel;258;19;514,456295997907;5433,72912186166;
705;lorry-mardigny;611;53;443,930353577603;5446,69445030841;
706;marsilly-57;501;155;458,664297540739;5459,67089824783;
707;halstroff;286;26;469,15185604998;5493,0293762412;
708;algrange;6544;940;438,240464097841;5487,46962990897;
709;lachambre;793;100;491,59136829273;5457,81394297287;
710;gravelotte;711;125;437,889370642903;5461,5278535228;
711;kanfen;1044;122;441,113634318771;5496,73216729847;
712;contz-les-bains;485;152;459,035704024348;5498,58912257343;
713;falck;2559;421;481,633636405918;5474,49318196955;
714;chatel-saint-germain;2292;177;442,740842544645;5461,5278535228;
715;hunting;645;170;458,141567483649;5494,88633151617;
716;saint-julien-les-metz;2991;657;451,080979861528;5463,3736893051;
717;vigy;1446;84;457,739453610955;5470,79039091229;
718;haspelschiedt;277;10;544,998582827561;5457,81394297287;
719;baronville;412;66;482,117329202316;5441,13470397619;
720;eblange;373;112;470,900588406223;5472,64734618725;
721;creutzwald;13483;504;486,447884794204;5471,37972402351;
722;hoste;651;68;501,487714334458;5456,21273602919;
723;guessling-hemering;933;92;484,795969191943;5452,25419664064;
724;schmittviller;347;148;524,027052580816;5448,55140558338;
725;vahl-ebersing;547;86;491,920924009735;5454,11115191561;
726;neufchef;2538;151;436,121092484964;5483,76683885171;
727;vulmont;42;13;460,355906758956;5439,28886819389;
728;thimonville;161;21;467,351307032969;5442,99165925115;
729;vaudreching;574;122;473,892492721869;5480,05292830178;
730;luttange;905;70;458,331366166518;5478,20709251948;
