474
-23.04144
51.54632
4751.72616
4847.17588
11
43034
1;ibos;2780;84;0,135022536536166;4807,3236221022;
2;thermes-magnoac;196;18;47,2060120927215;4814,74032370939;
3;grange-65;223;62;28,4011594642843;4796,20412943775;
4;artiguemy;84;28;20,2865424744888;4796,20412943775;
5;gerde;1175;169;13,5427957414276;4786,94159204825;
6;montastruc-65;266;21;27,8214962614383;4805,6334592172;
7;collongues-65;147;68;13,4911707031872;4812,88336843443;
8;marsac-65;241;155;7,05512714477637;4817,8982596261;
9;sarniguet;247;119;6,74184033277014;4816,59727898436;
10;sere-lanso;55;12;1,35393514902682;4788,79854732322;
11;avezac-prat-lahitte;569;31;27,3944127597627;4788,7095913819;
12;escots;25;6;21,6625562120078;4788,79854732322;
13;hautaget;48;35;37,9197793220301;4786,94159204825;
14;pareac;64;26;1,35283026351787;4794,35829365545;
15;villefranque-65;89;28;-0,425694915216703;4836,97930903831;
16;capvern;1284;58;25,7103016461453;4792,50133838048;
17;frechou-frechet;132;44;13,5133263214925;4801,76387576997;
18;sailhan;127;48;27,1883109161594;4760,99981566208;
19;cieutat;593;31;17,5816971932803;4796,20412943775;
20;arras-en-lavedan;527;21;-10,8459623921928;4779,52489044106;
21;osmets;76;15;21,5799305486399;4814,74032370939;
22;ardengost;15;2;32,5644191776711;4773,96514410883;
23;louit;179;35;12,1386957602403;4814,74032370939;
24;asque;120;7;20,3141529838354;4786,94159204825;
25;mouledous;172;24;18,9030903043754;4807,3236221022;
26;prechac-65;234;147;-5,94183198621918;4780,52564478086;
27;maubourguet;2462;111;2,69005382853565;4833,27651798104;
28;gazost;138;3;1,35467263817131;4785,08463677329;
29;gaudent;47;29;46,0829591225102;4781,38184571603;
30;auriebat;290;17;6,72146894522953;4836,97930903831;
31;lies;72;19;17,6008319994116;4788,79854732322;
32;sombrun;209;21;0,560279197730922;4835,12235376334;
33;tournous-devant;111;23;33,746342232927;4809,18057737717;
34;cadeac;248;40;28,5092688631292;4770,26235305157;
35;luby-betmont;105;14;24,2773915204805;4814,74032370939;
36;cazaux-debat;18;12;31,2328659991407;4768,40539777661;
37;seich;64;8;39,2953180930603;4783,23880099099;
38;castera-lanusse;42;48;22,978827301054;4799,91803998767;
39;bareilles;60;2;35,2971628693325;4770,26235305157;
40;caussade-riviere;86;13;2,68782768772819;4838,83626431327;
41;adervielle-pouchergues;106;11;32,9420400200871;4761,2444445007;
42;ansost;56;25;9,420510243413;4829,56260743111;
43;libaros;146;16;31,0465830199527;4809,18057737717;
44;saint-lezer;415;37;4,04179036192029;4822,15702531659;
45;larreule-65;432;42;1,34543881399101;4831,41956270608;
46;bours-65;785;167;8,09468623253988;4812,88336843443;
47;nouilhan;205;45;2,69227792075009;4827,71677164881;
48;frechede;39;7;21,556242208844;4822,15702531659;
49;lizos;104;60;12,1453419534953;4811,03753265213;
50;vidouze;252;15;-4,0362357172587;4831,41956270608;
51;azet;161;6;28,5477550097224;4760,99981566208;
52;talazac;71;44;2,69598314360765;4818,44311476666;
53;vizos;40;15;-1,35797903548006;4768,40539777661;
54;clarens;445;39;33,792459879535;4799,91803998767;
55;sarp;108;59;47,4253895123634;4783,23880099099;
56;sere-en-lavedan;73;39;-9,48511042275836;4783,23880099099;
57;juillan;3975;484;1,35098723674283;4803,62083104494;
58;mauvezin-65;233;23;22,9976274706491;4794,35829365545;
59;senac;246;27;14,8239504590502;4820,30007004162;
60;arcizac-ez-angles;277;143;1,35319940990474;4792,50133838048;
61;saint-sever-de-rustan;157;16;18,8668533895238;4820,30007004162;
62;bazillac;329;32;8,08580586094714;4820,30007004162;
63;bize-65;217;16;39,2846937196408;4785,08463677329;
64;uglas;284;33;35,1633132403906;4796,20412943775;
65;bernac-debat;659;168;9,46190823071111;4799,91803998767;
66;bettes;67;19;17,5960648873727;4790,64438310552;
67;barbazan-dessus;133;31;10,8135514766421;4799,91803998767;
68;angles-65;126;40;1,35356844133089;4790,64438310552;
69;castelbajac;109;13;28,3779285192772;4801,76387576997;
70;lomne;38;12;24,3769835806025;4786,94159204825;
71;vielle-adour;497;85;9,46449461912482;4798,06108471271;
72;mauleon-barousse;120;21;46,1079270470219;4777,67905465876;
73;oleac-dessus;98;26;14,8686434181127;4799,91803998767;
74;arreau;797;71;29,8668802463915;4770,26235305157;
75;andrest;1414;228;5,39352080766067;4816,59727898436;
76;ugnouas;75;47;8,08580586094714;4820,30007004162;
77;siarrouy;419;67;2,69671995262654;4816,59727898436;
78;thuy;15;28;20,2422365891589;4811,03753265213;
79;pintac;31;20;-0,742013174472364;4812,88336843443;
80;cheze-65;47;4;-2,71514131147054;4770,26235305157;
81;jezeau;112;9;31,2244101745998;4770,26235305157;
82;sarrouilles;559;132;10,8017543148774;4807,3236221022;
83;samuran;20;7;48,8069527822495;4779,52489044106;
84;mansan;44;21;16,1716117218943;4820,30007004162;
85;ourdis-cotdoussan;47;9;1,78323225076349;4786,54129031233;
86;monfaucon-65;218;21;9,41791024850841;4831,41956270608;
87;agos-vidalos;388;63;-5,41860927395252;4785,08463677329;
88;buzon;84;19;12,1120499928167;4829,56260743111;
89;montserie;51;22;35,2111714197774;4786,94159204825;
90;nistos;243;7;38,9562386711245;4783,30551794698;
91;pouy;35;18;45,895015717842;4809,18057737717;
92;juncalas;179;50;0,0677138161939141;4786,94159204825;
93;souyeaux;291;48;14,8524223096264;4807,3236221022;
94;viger;133;39;-4,06172421259619;4788,79854732322;
95;ferrieres-65;111;6;-21,43427531261;4782,43819751915;
96;artigues-65;24;16;0,203059372943532;4789,69922622904;
97;barthe;16;11;37,7752294008069;4812,88336843443;
98;gez;304;78;-8,13007141930311;4783,23880099099;
99;hiis;218;71;8,11461698979553;4796,20412943775;
100;luquet;365;44;-9,44640406458961;4811,03753265213;
101;saint-martin-65;376;46;6,75845953517146;4799,91803998767;
102;estaing-65;78;1;-14,2449900250238;4774,89918149265;
103;madiran;449;29;-4,02955620896985;4842,53905537053;
104;saint-paul-65;282;41;41,0587309845912;4790,43311274489;
105;thebe;81;10;47,4639875061022;4777,67905465876;
106;bun;147;52;-12,2050323330162;4777,67905465876;
107;campistrous;298;29;31,0975092856847;4798,06108471271;
108;gaillagos;113;13;-14,9132084573802;4779,52489044106;
109;crechets;42;43;47,4382852606755;4781,38184571603;
110;adast;257;244;-6,78054639604825;4777,67905465876;
111;houeydets;229;30;28,3856435902945;4799,91803998767;
112;horgues;1067;237;6,75477406848803;4803,62083104494;
113;lassales;23;9;39,1670943218872;4805,4777863199;
114;hourc;114;57;13,4985530914021;4809,18057737717;
115;betpouey;111;6;2,71587659384753;4768,40539777661;
116;troubat;58;20;47,4511769788799;4779,52489044106;
117;deveze;60;11;44,5329204961496;4811,03753265213;
118;semeac;4679;743;9,45158565886763;4807,3236221022;
119;montousse;233;29;33,8477288497964;4788,79854732322;
120;layrisse;179;53;2,70484528120854;4796,20412943775;
121;arrayou-lahitte;103;21;4,05951703937343;4792,50133838048;
122;vidou;88;17;25,62616246872;4814,74032370939;
123;sost;99;3;44,7760763692978;4773,96514410883;
124;salles-adour;458;184;8,10797957693634;4801,76387576997;
125;castillon-65;85;25;17,5960648873727;4790,64438310552;
126;ayros-arbouix;291;106;-5,42154852112508;4781,38184571603;
127;escala;402;103;32,4849928920835;4790,64438310552;
128;montignac-65;114;106;12,1619693654045;4801,76387576997;
129;ger-65;173;89;-2,70852664564075;4786,94159204825;
130;oursbelille;1219;107;2,69820176189252;4812,88336843443;
131;barthe-de-neste;1163;152;31,1314244507526;4790,64438310552;
132;labastide;163;29;28,4475564504685;4785,08463677329;
133;bourisp;152;80;27,1810112124818;4762,84565144438;
134;bareges;201;4;5,43036407799496;4770,26235305157;
135;viella-65;78;24;1,15438528639384;4767,67151126075;
136;esparros;165;5;25,7382924528586;4785,08463677329;
137;molere;39;22;24,3571022362406;4792,50133838048;
138;banios;54;10;18,9650105407348;4785,08463677329;
139;tilhouse;213;32;25,7173131103935;4790,64438310552;
140;ancizan;312;7;27,1590103698131;4768,40539777661;
141;vignec;212;33;25,8220136548825;4762,84565144438;
142;mazerolles-65;118;18;22,9097563199974;4820,30007004162;
143;bramevaque;34;9;46,0954825204316;4779,52489044106;
144;soreac;35;15;13,4837615679479;4816,59727898436;
145;azereix;992;65;-1,35061740262489;4805,4777863199;
146;orignac;228;23;13,5280591306013;4794,35829365545;
147;nestier;163;32;40,6172421259619;4788,79854732322;
148;pierrefitte-nestalas;1266;719;-5,42448593696793;4777,67905465876;
149;pailhac;67;67;29,8587895146763;4772,11930832653;
150;estirac;107;20;2,68857144650182;4836,97930903831;
151;arcizans-dessus;101;20;-12,2017381955624;4779,52489044106;
152;estensan;41;26;28,5477550097224;4760,99981566208;
153;lugagnan;158;210;-2,70852664564075;4786,94159204825;
154;villenave-pres-marsac;69;61;6,73999829917069;4818,44311476666;
155;grailhen;19;3;29,8910888204429;4764,70260671934;
156;oueilloux;160;36;14,8686434181127;4799,91803998767;
157;guchen;376;67;27,1663169438751;4766,55956199431;
158;gourgue;48;31;21,639005688178;4796,20412943775;
159;sazos;119;4;-1,35797903548006;4768,40539777661;
160;lancon-65;35;12;29,8749684407732;4768,40539777661;
161;tajan;146;29;37,8372650523015;4801,76387576997;
162;castera-lou;204;42;12,1353611404308;4816,59727898436;
163;lamarque-rustaing;57;20;24,2840586976197;4812,88336843443;
164;segus;257;23;-5,41565936162301;4788,79854732322;
165;pouyastruc;650;56;13,4948513824214;4811,03753265213;
166;escaunets;113;18;-6,73814459810308;4820,30007004162;
167;lespouey;205;69;13,5059309199785;4805,4777863199;
168;chelle-debat;212;24;18,8823886521609;4814,74032370939;
169;gedre;251;1;1,36017813095089;4757,28590511215;
170;lustar;107;21;26,9896217958964;4811,03753265213;
171;momeres;661;282;6,75662262084836;4801,76387576997;
172;lalanne-65;85;12;46,5571441550655;4811,03753265213;
173;bordes-65;726;64;17,5625098472045;4803,62083104494;
174;caixon;404;47;1,34655055114595;4825,85981637385;
175;cazarilh;40;13;47,4639875061022;4777,67905465876;
176;aspin-aure;55;4;28,4938667804622;4773,96514410883;
177;gensac-65;93;27;6,796354509691;4829,41805402648;
178;cassagne-65;209;31;12,1287087914207;4820,30007004162;
179;sers-65;92;3;2,71587659384753;4768,40539777661;
180;poumarous;133;23;17,5768954000867;4798,06108471271;
181;esquieze-sere;379;249;-0,158427356797795;4768,40539777661;
182;escondeaux;253;66;10,7840134547337;4818,44311476666;
183;moumoulous;47;13;18,8616614103589;4822,15702531659;
184;galan;727;51;33,7555936273616;4807,3236221022;
185;villembits;102;19;25,6332000519971;4812,88336843443;
186;vieuzos;51;10;36,436025860486;4811,03753265213;
187;peyrun;82;20;14,8280286102968;4818,44311476666;
188;uz;36;14;-7,02919545142468;4777,67905465876;
189;antin;121;16;22,9160589214228;4818,44311476666;
190;loubajac;405;61;-6,76215377610631;4796,20412943775;
191;rejaumont-65;184;27;36,5058035143286;4798,06108471271;
192;borderes-louron;158;9;32,5908450346208;4768,40539777661;
193;antichan;37;31;47,4382852606755;4781,38184571603;
194;lanne;575;100;1,35172434776982;4799,91803998767;
195;omex;249;45;-6,76767978168999;4790,64438310552;
196;aureilhan-65;7911;838;8,09911565660996;4809,18057737717;
197;arrodets-ez-angles;104;21;2,70778906356938;4788,79854732322;
198;luc-65;180;36;14,8727077237609;4798,06108471271;
199;grezian;96;48;28,5169894052932;4768,40539777661;
200;astugue;284;35;5,41271644927817;4792,50133838048;
201;julos;340;58;0,42827163256403;4796,20412943775;
202;cadeilhan-trachere;45;9;25,8289483876107;4760,99981566208;
203;clarac-65;173;27;20,2588558622561;4805,4777863199;
204;bonnemazon;83;16;21,6507846067719;4792,50133838048;
205;lutilhous;217;56;27,0486962505951;4796,20412943775;
206;lannemezan;5817;305;31,1060047454929;4796,20412943775;
207;bernac-dessus;306;66;9,46190823071111;4799,91803998767;
208;escoubes-pouts;100;36;2,70557935884329;4794,35829365545;
209;saint-lanne;120;9;-4,69786825228567;4847,17588381161;
210;sabalos;147;66;10,7928879944324;4812,88336843443;
211;averan;72;16;0,473352387250839;4796,20412943775;
212;boo-silhen;278;89;-5,42007471310681;4783,23880099099;
213;aveux;51;16;46,0829591225102;4781,38184571603;
214;ilhet;130;16;31,1906110620806;4777,67905465876;
215;frechendets;34;16;20,308621062981;4788,79854732322;
216;salechan;192;46;51,5463196119211;4775,8220993838;
217;ens;27;7;28,5554634611118;4759,14286038711;
218;viscos;44;6;-4,07164941413821;4772,11930832653;
219;guizerix;124;17;36,4060834212924;4816,59727898436;
220;arcizans-avant;364;24;-8,13449213037491;4779,52489044106;
221;sarriac-bigorre;285;26;10,7751307025397;4824,00286109889;
222;ossun;2322;84;-2,70263283238019;4801,76387576997;
223;aurensan-65;755;106;6,74369289192068;4814,74032370939;
224;aulon-65;81;2;24,0935753870573;4764,83604063132;
225;liac;196;47;8,07691453139559;4827,71677164881;
226;recurt;180;13;35,115323149436;4805,4777863199;
227;villemur;64;17;44,5451361113548;4809,18057737717;
228;villelongue;369;18;-4,06944842696663;4775,8220993838;
229;ricaud-65;72;21;21,6330957905677;4798,06108471271;
230;bartres;477;65;-2,70557935884329;4794,35829365545;
231;visker;332;79;5,40977170858698;4796,20412943775;
232;sarlabous;70;20;23,0101762277318;4790,64438310552;
233;tibiran-jaunac;273;42;46,0454405155643;4786,94159204825;
234;seron;299;32;-8,09024076028721;4816,59727898436;
235;sarrancolin;590;18;31,1906110620806;4777,67905465876;
236;laborde;96;52;24,3836198146873;4785,08463677329;
237;sinzos;143;34;17,5577020924297;4805,4777863199;
238;germs-sur-l-oussouet;104;8;4,69473641891317;4787,07502596023;
239;avajan;73;22;32,6172460722242;4762,84565144438;
240;bonnefont;351;22;28,3469047981349;4809,18057737717;
241;armenteule;60;84;33,98544981896;4760,99981566208;
242;hagedet;48;21;-2,68782768772819;4838,83626431327;
243;camales;440;94;6,73629032459807;4822,15702531659;
244;esbareich;74;8;46,120442635278;4775,8220993838;
245;arbeost;90;6;-23,0414388998445;4781,38184571603;
246;aventignan;179;34;44,6789663385581;4788,79854732322;
247;sainte-marie-65;32;114;50,5554714751718;4778,35734371129;
248;tramezaïgues;33;0;23,796246746606;4759,14286038711;
249;pere-65;52;11;24,3438509693866;4796,20412943775;
250;argeles-gazost;3208;1051;-8,13007141930311;4783,23880099099;
251;ossun-ez-angles;38;17;4,06062411151044;4790,64438310552;
252;hitte;158;54;13,5206950096058;4798,06108471271;
253;espieilh;32;15;20,3031205575522;4790,64438310552;
254;bourg-de-bigorre;190;23;21,1354070689055;4791,42274759203;
255;jarret;311;70;-1,35356844133089;4790,64438310552;
256;batsere;47;20;23,0164101265504;4788,79854732322;
257;vielle-aure;356;66;27,1810112124818;4762,84565144438;
258;caharet;26;21;25,6963141830758;4796,20412943775;
259;lortet;211;58;31,1483408230104;4786,94159204825;
260;lascazeres;303;32;-2,68857144650182;4836,97930903831;
261;saint-pastous;120;14;-4,06503570965156;4783,23880099099;
262;loucrup;210;58;5,41123988587902;4794,35829365545;
263;gavarnie;140;1;-0,680597225209266;4751,72615877992;
264;sacoue;86;6;44,739706717062;4779,52489044106;
265;garde-65;495;100;2,69746097184059;4814,74032370939;
266;castelnau-magnoac;771;61;40,4623192008009;4814,74032370939;
267;cabanac;270;48;18,8927271602329;4811,03753265213;
268;villenave-pres-bearn;70;22;-6,73629032459807;4822,15702531659;
269;marquerie;72;20;16,1937892713271;4811,03753265213;
270;estampures;78;14;22,9003176504361;4823,07994320774;
271;bourreac;84;66;0,13531750528025;4792,50133838048;
272;lalanne-trie;135;27;26,9674422334882;4816,59727898436;
273;beaudean;400;23;13,546482545515;4785,08463677329;
274;genos-65;157;6;32,7882260597999;4760,23257066823;
275;anla;80;28;47,4382852606755;4781,38184571603;
276;betbeze;43;12;45,8699156333468;4812,88336843443;
277;odos;3250;370;4,05288065261543;4803,62083104494;
278;saint-savin-65;382;98;-6,77871632700532;4779,52489044106;
279;ilheu;37;18;48,7936927216621;4781,38184571603;
280;vielle-louron;80;27;32,8887099712647;4762,91236840036;
281;heches;619;17;29,8102889710162;4783,23880099099;
282;barrancoueu;32;8;27,1443022832586;4772,11930832653;
283;aneres;187;70;39,2633069769351;4788,79854732322;
284;benac-65;508;64;1,35209383816292;4798,06108471271;
285;trie-sur-baïse;1069;95;29,9540645524348;4817,11989513959;
286;goudon;222;29;18,8979095350377;4809,18057737717;
287;lanespede;154;34;21,627184055123;4799,91803998767;
288;tournous-darre;81;14;29,680543168267;4812,88336843443;
289;arcizac-adour;519;101;8,1124007809619;4798,06108471271;
290;bugard;86;16;25,6401933359167;4811,03753265213;
291;pinas;459;77;35,1728563377325;4794,35829365545;
292;borderes-sur-l-echez;4243;266;4,04844731783178;4811,03753265213;
293;arrodets;25;25;23,028947176516;4785,08463677329;
294;soues-65;3005;770;8,10576130523085;4803,62083104494;
295;camparan;61;25;28,5400903131962;4762,84565144438;
296;sadournin;182;14;32,3609630411488;4816,59727898436;
297;garderes;420;27;-9,44382758691731;4812,88336843443;
298;ozon-65;285;31;21,627184055123;4799,91803998767;
299;ordizan;476;80;10,8253517082155;4792,50133838048;
300;lombres;80;56;41,9826099187972;4786,94159204825;
301;cantaous;441;77;35,9478288240472;4792,77932569709;
302;antist;135;55;10,8223986035656;4794,35829365545;
303;soublecause;180;29;-1,34358438487689;4840,68210009557;
304;labatut-riviere;337;26;2,68708815630296;4840,68210009557;
305;lubret-saint-luc;72;12;24,2707222808616;4816,59727898436;
306;cheust;83;27;1,35430395112634;4786,94159204825;
307;artalens-souin;107;27;-4,06834411100539;4777,67905465876;
308;galez;129;17;32,4319183077454;4801,76387576997;
309;tarasteix;284;28;-0,606768057021541;4816,59727898436;
310;grust;49;5;-2,71587659384753;4768,40539777661;
311;rabastens-de-bigorre;1439;161;12,122052345488;4824,00286109889;
312;izaourt;231;95;48,7804285158187;4783,23880099099;
313;tarbes;43034;2807;6,75108632012837;4807,3236221022;
314;ferrere;57;0;43,4074227579879;4775,8220993838;
315;burg;269;21;27,0265715631892;4801,76387576997;
316;gayan;255;91;4,04623192008009;4814,74032370939;
317;organ;32;11;39,124289808322;4812,88336843443;
318;heres;125;21;0;4842,53905537053;
319;bazet;1650;580;6,74369289192068;4814,74032370939;
320;sanous;83;50;0,202034205758134;4824,00286109889;
321;bonrepos;192;21;31,0720579841806;4803,62083104494;
322;bouilh-devant;20;6;21,5681077897706;4818,44311476666;
323;sariac-magnoac;153;13;44,4963241815797;4816,59727898436;
324;lapeyre;81;22;26,9674422334882;4816,59727898436;
325;trouley-labarthe;97;22;20,225601900718;4816,59727898436;
326;soulom;241;82;-5,42595836561169;4775,8220993838;
327;bouilh-pereuilh;105;13;14,8361567320809;4814,74032370939;
328;loudervielle;64;11;35,3448123475087;4760,99981566208;
329;tostat;455;72;8,08803031112607;4818,44311476666;
330;louey;996;164;1,35135695608798;4801,76387576997;
331;boulin;275;109;10,7987938784278;4809,18057737717;
332;loures-barousse;735;340;50,1354675192739;4783,23880099099;
333;hachan;41;22;36,4260880464295;4812,88336843443;
334;vic-en-bigorre;5280;165;4,04068411516267;4824,00286109889;
335;betpouy;76;18;36,4260880464295;4812,88336843443;
336;gaussan;111;14;39,1564302781204;4807,3236221022;
337;lansac-65;150;38;13,5059309199785;4805,4777863199;
338;peyrouse;286;59;-9,47223348865159;4792,50133838048;
339;angos;225;75;12,1586419578463;4803,62083104494;
340;pouzac;1109;146;10,8283038932004;4790,64438310552;
341;montgaillard-65;772;80;8,7695921372308;4795,22561408327;
342;saint-creac-65;93;42;-1,35430395112634;4786,94159204825;
343;argeles-bagneres;120;45;16,2424964460418;4790,64438310552;
344;ouzous;201;42;-8,12787327156243;4785,08463677329;
345;aubarede;257;52;20,2422365891589;4811,03753265213;
346;izaux;184;34;31,1398585517427;4788,79854732322;
347;siradan;292;106;50,1762711580273;4777,67905465876;
348;barbachen;51;16;10,7662397446149;4829,56260743111;
349;campan;1457;15;13,5501461324099;4783,23880099099;
350;begole;186;18;27,0413088952037;4798,06108471271;
351;germ;46;3;35,3543561371256;4759,14286038711;
352;beaucens;422;11;-4,06834411100539;4777,67905465876;
353;lhez;78;88;16,2115226104617;4803,62083104494;
354;camous;26;7;31,199077477088;4775,8220993838;
355;orieux;107;13;24,304007968494;4807,3236221022;
356;loudenvielle;284;6;33,9946265541459;4759,14286038711;
357;gonez;33;30;17,5529216483656;4807,3236221022;
358;frechet-aure;13;3;29,8507447165478;4773,96514410883;
359;sabarros;32;8;35,1057622833714;4807,3236221022;
360;laslades;350;66;13,5022536536166;4807,3236221022;
361;bernadets-dessus;148;18;24,3106270347073;4805,4777863199;
362;laloubere;1936;478;5,40386788935825;4803,62083104494;
363;laran;47;13;37,8062616221106;4807,3236221022;
364;lafitole;485;55;5,38167453124971;4831,41956270608;
365;bazordan;124;13;43,2188654943385;4805,4777863199;
366;peyraube;141;40;20,2644032630771;4803,62083104494;
367;bernadets-debat;104;11;25,6050788456855;4820,30007004162;
368;lescurry;178;35;12,1320454666891;4818,44311476666;
369;aries-espenan;64;11;43,1716329245919;4812,88336843443;
370;arne;203;24;41,8912548407697;4801,76387576997;
371;puydarrieux;212;15;31,0296035757821;4812,88336843443;
372;orincles;321;54;2,70484528120854;4796,20412943775;
373;mun;109;22;21,5858569357271;4812,88336843443;
374;neuilh;109;45;5,41419255284133;4790,64438310552;
375;saint-laurent-de-neste;941;90;39,2526726737735;4790,64438310552;
376;barry;133;52;1,35209383816292;4798,06108471271;
377;castelnau-riviere-basse;675;36;-2,51869168630571;4846,2418464278;
378;artagnan;495;100;6,73259117289526;4825,85981637385;
379;berberust-lias;56;9;-2,7092639976099;4785,08463677329;
380;saligos;89;19;-1,35761138326221;4770,26235305157;
381;vier-bordes;94;10;-4,06614106013851;4781,38184571603;
382;lau-balagnas;500;172;-6,77687465929045;4781,38184571603;
383;ayzac-ost;386;125;-8,13007141930311;4783,23880099099;
384;tournay;1310;91;20,2699489423408;4801,76387576997;
385;bazus-aure;134;68;28,5323770264437;4764,70260671934;
386;barlest;267;66;-8,1124007809619;4798,06108471271;
387;estarvielle;31;37;33,98544981896;4760,99981566208;
388;oleac-debat;108;55;10,7958325245693;4811,03753265213;
389;lamarque-pontacq;808;74;-9,46062248113374;4800,84095787882;
390;coussan;119;38;16,1982313132199;4809,18057737717;
391;mingot;100;57;13,4726614850034;4822,15702531659;
392;peyriguere;23;5;21,5976687480121;4809,18057737717;
393;fontrailles;145;16;28,300320513315;4820,30007004162;
394;ossen;191;27;-5,41565936162301;4788,79854732322;
395;pujo;616;116;5,39056419331763;4820,30007004162;
396;esterre;200;114;0,565965140078312;4766,55956199431;
397;merilheu;246;72;14,884868747589;4792,50133838048;
398;sentous;77;10;31,0380691137282;4811,03753265213;
399;trebons;698;68;9,47223348865159;4792,50133838048;
400;mazeres-de-neste;327;97;44,1791546315855;4789,32116347845;
401;sireix;68;39;-12,2050323330162;4777,67905465876;
402;tuzaguet;459;59;35,1920485622631;4790,64438310552;
403;gouaux;73;12;29,8830056875852;4766,55956199431;
404;marseillan-65;211;47;17,5336986285598;4814,74032370939;
405;cazaux-frechet-aneran-camors;61;4;34,2497708120254;4762,51206666444;
406;gazave;71;9;36,5754297220309;4785,08463677329;
407;aragnouet;242;2;18,359545953332;4758,21994249596;
408;montegut-65;131;18;41,2941690832332;4788,79854732322;
409;bagneres-de-bigorre;8047;63;12,1851726377886;4788,79854732322;
410;ade;741;102;-2,70484528120854;4796,20412943775;
411;beyrede-jumet;223;14;31,199077477088;4775,8220993838;
412;saint-arroman-65;103;24;32,5026447741367;4786,94159204825;
413;aspin-en-lavedan;246;138;-4,06062411151044;4790,64438310552;
414;arrens-marsous;725;7;-17,338830311863;4776,44479097301;
415;ourde;31;5;44,7517852210593;4777,67905465876;
416;espeche;57;21;24,3769835806025;4786,94159204825;
417;marsas-65;68;24;18,9598490327091;4786,94159204825;
418;generest;94;7;43,3486303554221;4785,08463677329;
419;mascaras-65;392;82;13,5133263214925;4801,76387576997;
420;mont-65;32;3;35,3448123475087;4760,99981566208;
421;oroix;120;13;-2,69746097184059;4814,74032370939;
422;bulan;63;18;23,028947176516;4785,08463677329;
423;esconnets;28;12;18,9546859139542;4788,79854732322;
424;gez-ez-angles;22;9;2,70705567017955;4790,64438310552;
425;allier;379;102;9,45933653302432;4801,76387576997;
426;hauban;90;42;13,531750528025;4792,50133838048;
427;benque-65;77;37;23,0039028263358;4792,50133838048;
428;saint-lary-soulan;885;9;25,8289483876107;4760,99981566208;
429;labassere;259;25;8,12566119353417;4786,94159204825;
430;salles-65;200;7;-9,77687170777007;4784,50642315474;
431;mazouau;16;11;32,5114930862497;4785,08463677329;
432;guchan;141;54;28,5323770264437;4764,70260671934;
433;segalas-65;94;15;9,42309387634329;4827,71677164881;
434;lourdes;14743;399;-4,05951703937343;4792,50133838048;
435;ouste;41;17;-1,03828073598741;4786,94159204825;
436;viey;26;4;1,35797903548006;4768,40539777661;
437;cauterets;1139;7;-9,50569029413525;4768,40539777661;
438;lahitte-toupiere;240;42;-1,34543881399101;4831,41956270608;
439;geu;174;65;-4,06393663578121;4785,08463677329;
440;ourdon;11;4;-1,35467263817131;4785,08463677329;
441;bertren;217;81;50,1491001826487;4781,38184571603;
442;sere-rustaing;132;24;24,2906839069907;4811,03753265213;
443;gembrie;71;71;46,0954825204316;4779,52489044106;
444;aucun;260;20;-13,5611741589787;4777,67905465876;
445;campuzan;153;23;33,7370879715803;4811,03753265213;
446;jacque;71;37;17,5288819480915;4816,59727898436;
447;larroque-65;89;12;39,71336147418;4815,95234840982;
448;casterets;13;6;47,1930441342062;4816,59727898436;
449;monlong;108;14;37,8269131102817;4803,62083104494;
450;chis;295;78;9,44123478839967;4814,74032370939;
451;uzer-65;104;29;16,2424964460418;4790,64438310552;
452;peyret-saint-andre;56;8;41,7996042289531;4816,59727898436;
453;cizos;112;14;39,1456986765626;4809,18057737717;
454;caubous-65;40;10;38,5865900052442;4808,60236375861;
455;monleon-magnoac;447;22;43,1952565048676;4809,18057737717;
456;orleix;1832;221;9,44382758691731;4812,88336843443;
457;poueyferre;842;135;-5,41123988587902;4794,35829365545;
458;lameac;128;24;18,8720437658598;4818,44311476666;
459;aste;535;20;13,546482545515;4785,08463677329;
460;bizous;101;31;35,2015827643389;4788,79854732322;
461;sassis;92;173;-1,35834437185507;4766,55956199431;
462;sauveterre-65;170;16;8,62948320811142;4834,17719688686;
463;luz-saint-sauveur;1001;19;-0,158469978425024;4766,55956199431;
464;ris-65;12;6;32,5908450346208;4768,40539777661;
465;barbazan-debat;3470;354;9,45674854197368;4803,62083104494;
466;chelle-spou;110;24;20,2865424744888;4796,20412943775;
467;dours;228;45;10,7899248120008;4814,74032370939;
468;castelvieilh;223;41;16,1893724650798;4812,88336843443;
469;puntous;208;23;36,4160872807208;4814,74032370939;
470;saint-pe-de-bigorre;1257;28;-12,1752288670835;4794,35829365545;
471;lezignan;373;145;-0,3833986510734;4792,50133838048;
472;hibarette;233;152;2,70336759370082;4799,91803998767;
473;bazus-neste;47;18;31,1568204480784;4785,08463677329;
474;calavante;270;131;13,5096291945891;4803,62083104494;
