261
-275.86415
218.51212
5258.59711
5357.73851
110
57204
1;peillac;1839;74;-165,832634825992;5305,85495622042;
2;beignon;1647;66;-161,312790300797;5333,65368788156;
3;saint-dolay;2305;47;-161,358860149716;5287,31876194877;
4;neulliac;1485;47;-221,397327698157;5352,17876266054;
5;guerno;857;87;-180,007043193263;5291,02155300603;
6;plouray;1107;28;-251,000249064996;5354,0357179355;
7;vraie-croix;1331;80;-190,891840573897;5302,14104567049;
8;moustoir-ac;1754;51;-211,423108963062;5320,67723994214;
9;trefflean;2025;110;-195,882726460588;5302,14104567049;
10;melrand;1507;37;-231,967548546235;5335,49952366386;
11;limerzel;1306;51;-177,337585280508;5296,58129933826;
12;île-d-arz;247;74;89,7835201865123;5291,76655901455;
13;gestel;2594;415;-257,687129711163;5315,11749360991;
14;chapelle-neuve-56;734;33;-220,058132077524;5322,5341952171;
15;thehillac;547;37;-158,806797252032;5289,17571722373;
16;malansac;2064;57;-172,176954243123;5302,14104567049;
17;auray;12322;1783;-223,4017855777;5300,29520988819;
18;augan;1460;35;-170,162857804482;5328,09394154933;
19;trinite-surzur;1227;533;-194,94541176142;5292,878508281;
20;monterblanc;3077;121;-200,61588796708;5309,55774727768;
21;questembert;7391;111;-184,71254686238;5300,29520988819;
22;queven;8798;367;-255,279669539281;5313,26053833494;
23;trinite-sur-mer;1630;262;-227,508651803925;5291,02155300603;
24;molac;1346;47;-179,433066794242;5309,55774727768;
25;île-aux-moines;629;196;86,6272079140195;5292,51156502307;
26;gacilly;2222;134;-160,690536025968;5311,41470255264;
27;croix-hellean;837;58;-186,190030152636;5331,79673260659;
28;theix;6736;142;-199,816965838064;5296,58129933826;
29;bieuzy;755;39;218,51211777068;5335,41056772254;
30;sarzeau;7682;127;-207,706487775687;5285,4618066738;
31;ferel;2996;103;-176,593324501787;5279,90206034158;
32;erdeven;3489;113;-236,033495854344;5296,58129933826;
33;locmalo;869;36;-237,127348549104;5345,69609843716;
34;carnac;4295;131;-231,258798537118;5291,02155300603;
35;kerfourn;823;42;-210,674773038087;5341,05926999608;
36;ploerdut;1234;16;-243,897940077526;5346,61901632831;
37;cleguerec;2915;46;-228,892438572177;5350,33292687824;
38;pleugriffet;1192;30;-199,714914328616;5335,49952366386;
39;kernascleden;422;45;-246,773278167275;5337,35647893882;
40;hellean;341;43;-183,648373056933;5333,65368788156;
41;saint-abraham;546;81;-179,088020636971;5320,67723994214;
42;saint-gildas-de-rhuys;1656;108;-212,845993062537;5281,75901561654;
43;cours-56;580;37;-186,969412780513;5307,70079200272;
44;lanvaudan;714;39;-243,523841631361;5326,23698627436;
45;tredion;1055;40;-194,26141266266;5313,26053833494;
46;moreac;3783;62;-209,909481630842;5328,09394154933;
47;cournon;763;70;-157,003933444962;5309,55774727768;
48;meslan;1344;36;-255,453240488216;5337,35647893882;
49;pontivy;13765;553;-221,684334769052;5344,77318054601;
50;lorient;57204;3272;-251,704967910071;5309,55774727768;
51;merlevenez;3058;173;-241,813524570247;5307,70079200272;
52;chapelle-caro;1305;79;117,637303241438;5322,3785223198;
53;locmariaquer;1661;151;-221,328809825572;5289,17571722373;
54;saint-congard;750;34;-173,14741585827;5311,41470255264;
55;sourn;2018;125;-221,756255052662;5342,91622527105;
56;carentoir;2761;46;-159,291290345815;5316,97444888487;
57;guiscriff;2344;27;-271,311028596306;5342,91622527105;
58;locmaria;806;39;-232,543983702676;5258,59711239648;
59;saint-perreux;1163;186;-157,255063875994;5300,29520988819;
60;berne;1538;44;-252,973357544988;5337,35647893882;
61;riantec;5097;362;-248,12539753248;5305,85495622042;
62;landaul;1998;115;-229,275834560791;5309,55774727768;
63;saint-thuriau;1892;88;-219,42052864294;5339,21343421378;
64;quelneuc;552;39;-154,313927530661;5316,97444888487;
65;guenin;1569;54;-222,401400341659;5326,23698627436;
66;locmaria-grand-champ;1382;98;-208,092265750174;5309,55774727768;
67;saint-brieuc-de-mauron;358;24;-175,805032647732;5346,61901632831;
68;gourin;4084;54;-267,16131963724;5352,17876266054;
69;mauron;3284;48;-170,852537569574;5346,61901632831;
70;billio;396;32;-196,435824048714;5322,5341952171;
71;serent;3004;50;-186,669772545522;5316,97444888487;
72;lizio;682;40;-187,73345737476;5322,5341952171;
73;buleon;487;39;-201,150203241316;5329,93977733163;
74;quily;340;63;-183,944719908448;5324,3800309994;
75;bignan;2729;59;-206,316344800523;5324,3800309994;
76;saint-malo-des-trois-fontaines;564;34;-183,470520470401;5339,21343421378;
77;locmiquelic;4208;1175;-250,618868242487;5305,85495622042;
78;reminiac;359;29;-167,89501934716;5320,67723994214;
79;guemene-sur-scorff;1204;1029;-237,784580070245;5344,77318054601;
80;plumelec;2685;46;-197,806689789207;5318,82028466717;
81;fougerets;946;47;-165,779795291272;5307,70079200272;
82;baden;4137;175;-218,619198223121;5294,73546355596;
83;port-louis;2718;2540;-250,618868242487;5305,85495622042;
84;malestroit;2488;428;-177,958267600367;5316,97444888487;
85;saint-gorgon-56;336;59;-167,292763456259;5298,43825461322;
86;sauzon;897;40;-242,256205691482;5266,93673189482;
87;sainte-anne-d-auray;2433;489;78,2806894384658;5304,40942217404;
88;saint-jean-brevelay;2724;65;-202,717938759933;5320,67723994214;
89;vannes;52515;1625;-205,929250313802;5300,29520988819;
90;saint;642;20;-264,945487031858;5346,61901632831;
91;arradon;5378;290;-212,305011050472;5296,58129933826;
92;marzan;2004;59;-173,922943117647;5285,4618066738;
93;gourhel;590;208;-176,317093150046;5329,93977733163;
94;guegon;2424;45;-191,217108204958;5329,93977733163;
95;sene;8682;435;-206,1264370373;5294,73546355596;
96;landevant;3257;145;-232,939243216769;5311,41470255264;
97;brehan;2336;45;97,5606301737287;5344,12824997147;
98;saint-marcel-56;1035;80;-180,505726306979;5315,11749360991;
99;cleguer;3306;102;195,198340797672;5321,14425863404;
100;loyat;1556;37;-178,62722601718;5335,49952366386;
101;guehenno;794;34;-196,30958679117;5326,23698627436;
102;caudan;6918;162;-248,892781167665;5316,97444888487;
103;damgan;1625;159;-194,003704877064;5283,6159708915;
104;trehorenteuc;110;20;-169,833720564842;5339,21343421378;
105;lanester;22219;1209;-250,458655733629;5309,55774727768;
106;hennebont;15191;818;-245,238227128856;5315,11749360991;
107;saint-caradec-tregomel;480;29;-249,09223058295;5341,05926999608;
108;glenac;881;64;-159,546982946821;5307,70079200272;
109;lauzach;948;88;-189,885922450801;5294,73546355596;
110;languidic;7318;67;-236,373022775391;5318,82028466717;
111;concoret;756;47;-163,476898798294;5344,77318054601;
112;brandivy;1204;46;-220,411987444172;5313,26053833494;
113;caden;1600;41;-171,092813361619;5296,58129933826;
114;saint-grave;740;46;-170,819576246005;5305,85495622042;
115;ploeren;5786;283;-215,982521014063;5298,43825461322;
116;trinite-porhoet;716;56;-189,361959641951;5348,47597160328;
117;meucon;2119;369;-206,979016179236;5305,85495622042;
118;pleucadeuc;1799;52;-176,941190079137;5309,55774727768;
119;saint-allouestre;640;38;-214,877250679226;5328,09394154933;
120;surzur;3720;64;-197,507477938381;5291,02155300603;
121;croisty;714;44;195,88854983817;5344,61750764871;
122;ambon;1732;45;-192,630207246731;5287,31876194877;
123;île-d-houat;251;86;78,6256301331661;5269,52757368564;
124;caro-56;1169;30;-172,814261979673;5322,5341952171;
125;kergrist;648;21;-220,089352470392;5354,0357179355;
126;arzon;2112;236;-217,646834620548;5287,31876194877;
127;beganne;1387;39;-168,702760178152;5292,878508281;
128;ploemeur;17805;448;-256,771077592688;5307,70079200272;
129;roche-bernard;761;1769;-172,726102053259;5283,6159708915;
130;plumeliau;3607;53;-220,874344317161;5333,65368788156;
131;nivillac;4066;73;-171,419957831204;5285,4618066738;
132;sulniac;3206;114;-192,139749194433;5302,14104567049;
133;radenac;989;45;-202,261358687047;5333,65368788156;
134;bono;2176;365;78,6051076249178;5297,35966382477;
135;camoel;918;64;-180,350629278421;5279,90206034158;
136;calan;957;77;-247,410238955105;5322,5341952171;
137;locqueltas;1616;83;92,2378692891752;5310,33611176419;
138;missiriac;1078;80;-175,413479624391;5318,82028466717;
139;campeneac;1811;29;-171,294827740425;5331,79673260659;
140;larmor-plage;8334;1146;-253,193452970237;5303,99800094545;
141;roc-saint-andre;936;94;-182,760143589808;5322,5341952171;
142;larmor-baden;810;206;-217,508510525192;5291,02155300603;
143;saint-malo-de-beignon;484;138;-160,123425931267;5331,79673260659;
144;branderion;1232;204;-239,090969430967;5313,26053833494;
145;reguiny;1813;64;-204,742841931254;5333,65368788156;
146;sainte-helene-56;1093;135;-239,39712787342;5305,85495622042;
147;monteneuf;726;23;-164,11114934595;5322,5341952171;
148;ruffiac-56;1413;38;-170,491476698546;5316,97444888487;
149;plouharnel;2038;111;-233,68481402864;5292,878508281;
150;etel;2077;1193;-239,703421823031;5298,43825461322;
151;montertelot;355;134;-180,216115759769;5324,3800309994;
152;moustoir-remungol;641;51;-215,771393200137;5337,35647893882;
153;noyal-pontivy;3726;69;-214,253566641857;5344,77318054601;
154;croixanvec;152;24;-212,739816712357;5352,17876266054;
155;josselin;2501;558;-189,913830755688;5331,79673260659;
156;saint-laurent-sur-oust;372;95;125,517352686667;5314,47256303537;
157;plouay;5284;78;-248,413045335284;5328,09394154933;
158;saint-gonnery;1072;65;-209,096809278635;5350,33292687824;
159;saint-nolff;3736;144;-198,314279237062;5303,99800094545;
160;saint-philibert-56;1564;221;-225,008803991578;5291,02155300603;
161;tour-du-parc;1130;121;-199,010508887451;5283,6159708915;
162;bangor;932;36;-240,399872486118;5261,37698556259;
163;saint-gerand;1025;56;-214,114909448794;5348,47597160328;
164;chapelle-gaceline;731;93;-156,903448689072;5313,26053833494;
165;lanouee;1690;38;-192,209901101969;5337,35647893882;
166;plougoumelen;2404;112;-219,727886980048;5298,43825461322;
167;taupont;2162;74;-181,224714428525;5331,79673260659;
168;billiers;918;156;-186,434866568111;5285,4618066738;
169;inguiniel;2086;40;-244,371720832911;5335,49952366386;
170;priziac;1039;23;-253,884825371439;5344,77318054601;
171;langonnet;1916;22;-259,908572057579;5348,47597160328;
172;seglien;726;18;-233,841717072891;5350,33292687824;
173;gueltas;525;25;-207,926857646063;5348,47597160328;
174;persquen;322;16;-235,460565319436;5341,05926999608;
175;grand-champ;4964;73;-213,008384964655;5311,41470255264;
176;rohan;1653;70;-205,584832544671;5344,77318054601;
177;lanvenegen;1214;41;-264,133946848443;5337,35647893882;
178;guidel;10359;198;187,614482303409;5314,07226129945;
179;malguenac;1741;45;-226,565321559653;5346,61901632831;
180;guillac-56;1338;61;-183,826085787241;5328,09394154933;
181;bubry;2388;34;-235,764732821253;5333,65368788156;
182;saint-aignan-56;660;24;-223,653460800769;5357,73850899277;
183;sainte-brigitte;166;9;212,928097603516;5355,42565451856;
184;pluneret;5149;196;-222,083567323672;5302,14104567049;
185;ploermel;9067;178;-178,800180658947;5329,93977733163;
186;hezo;730;149;-202,50792359242;5291,02155300603;
187;cruguel;633;36;-193,887415731316;5324,3800309994;
188;saint-pierre-quiberon;2158;286;-235,307772759365;5283,6159708915;
189;gavres;737;392;-250,779476832375;5302,14104567049;
190;neant-sur-yvel;988;30;-173,55271257574;5339,21343421378;
191;inzinzac-lochrist;6013;134;203,965733635667;5319,97671190427;
192;plumelin;2514;80;-215,084818292571;5322,5341952171;
193;saint-tugdual;401;20;197,617171240834;5348,35365718397;
194;guer;6193;118;-157,793597108325;5326,23698627436;
195;evriguet;179;35;-179,519218247071;5346,61901632831;
196;faouet-56;2866;84;-260,203187376828;5341,9933073799;
197;langoelan;405;18;-240,027758432791;5350,33292687824;
198;hoedic;119;57;-217,288923749011;5263,22282134489;
199;brignac-56;187;14;-176,927612555979;5350,33292687824;
200;quistinic;1407;32;-233,508247710369;5328,09394154933;
201;guern;1422;30;-229,26374546965;5341,05926999608;
202;lantillac;303;39;-197,361431961794;5331,79673260659;
203;camors;2821;76;-223,860025796213;5320,67723994214;
204;gree-saint-laurent;330;41;-186,009821724256;5337,35647893882;
205;plescop;4696;201;-209,53961579765;5303,99800094545;
206;saint-martin-sur-oust;1276;45;130,535123978552;5309,13520655643;
207;brech;6487;158;-223,187697968316;5305,85495622042;
208;saint-nicolas-du-tertre;458;35;-165,567341975897;5315,11749360991;
209;pluherlin;1361;38;-177,111115185652;5303,99800094545;
210;rochefort-en-terre;660;540;-174,616097046118;5303,99800094545;
211;noyal-muzillac;2480;50;-183,757189926456;5291,02155300603;
212;arzal;1443;61;-177,732906063646;5283,6159708915;
213;guilliers;1334;37;-178,396292775653;5342,91622527105;
214;palais;2552;146;-237,310204812477;5265,07977661986;
215;saint-armel-56;846;106;-203,822826369098;5289,17571722373;
216;pluvigner;7006;84;-225,465264796957;5311,41470255264;
217;monterrein;387;55;-175,24439498792;5324,3800309994;
218;saint-lery;181;114;-167,138351970236;5346,61901632831;
219;meneac;1586;23;-182,995683058157;5354,0357179355;
220;plaudren;1617;39;-201,733005457378;5313,26053833494;
221;pont-scorff;3211;136;193,843461743549;5318,92036010115;
222;plouhinec-56;5003;140;205,724633753071;5303,72001362884;
223;mohon;985;26;-188,306950157227;5342,91622527105;
224;groix;2253;152;-259,761980658215;5296,58129933826;
225;locmine;4268;878;-211,287319851542;5324,3800309994;
226;saint-jacut-les-pins;1744;76;-165,938908331349;5302,14104567049;
227;penestin;1900;87;-186,612553419159;5279,90206034158;
228;belz;3497;223;-237,055476388292;5302,14104567049;
229;baud;6010;124;-225,031445862476;5322,5341952171;
230;saint-guyomard;1060;53;-188,035334386822;5313,26053833494;
231;ploemel;2533;100;-229,716028938136;5298,43825461322;
232;plumergat;3552;84;-218,06126788615;5309,55774727768;
233;noyalo;777;157;-201,129182652836;5294,73546355596;
234;bohal;832;98;-181,808508951704;5313,26053833494;
235;quiberon;5058;572;-234,205581563824;5279,90206034158;
236;berric;1591;74;-188,577275559286;5296,58129933826;
237;larre-56;872;51;-188,276115564125;5305,85495622042;
238;saint-servant;778;34;-187,55228519347;5328,09394154933;
239;saint-jean-la-poterie;1522;180;-159,85312308284;5296,58129933826;
240;treal;659;34;-165,461190586808;5318,82028466717;
241;locoal-mendon;3149;78;-231,915967627376;5305,85495622042;
242;saint-vincent-sur-oust;1391;88;-160,896490701767;5303,99800094545;
243;elven;5310;82;-193,201477247313;5307,70079200272;
244;crach;3283;107;-225,489579757244;5294,73546355596;
245;saint-ave;10450;400;-205,863749638517;5302,14104567049;
246;silfiac;454;20;-233,690117297083;5354,0357179355;
247;forges-56;400;7;-197,106576577557;5339,21343421378;
248;nostang;1380;87;-237,997776882547;5309,55774727768;
249;credin;1500;44;-205,718209428935;5341,05926999608;
250;naizin;1714;41;-210,87911595469;5335,49952366386;
251;saint-barthelemy-56;1166;53;-227,225229587412;5329,93977733163;
252;rieux-56;2904;104;-157,455909499608;5292,878508281;
253;roudouallec;712;28;-275,864153484585;5351,25584476939;
254;porcaro;671;42;-163,952773874061;5328,09394154933;
255;muzillac;4694;118;-186,375487523533;5287,31876194877;
256;remungol;959;35;-216,050218296228;5329,93977733163;
257;kervignac;5965;150;-241,658386441323;5311,41470255264;
258;colpo;2230;84;-210,314859294318;5316,97444888487;
259;lignol;910;23;-242,896154292062;5341,05926999608;
260;peaule;2516;64;-177,507195380916;5291,02155300603;
261;allaire;3658;87;-162,35133157547;5296,58129933826;
