411
-330.98285
602.08878
4746.16641
5676.50101
20046
2243833
1;oyonnax;22650;626;435,725802874108;5142,76535731084;
2;bourg-en-bresse;40088;1680;401,489579152936;5137,20561097861;
3;soissons;28646;2325;241,372584343198;5489,32658518394;
4;laon;25986;618;260,822839846433;5511,56557051285;
5;saint-quentin;55978;2481;235,406478144597;5543,06709323125;
6;montlucon;38402;1857;199,617297485565;5152,02789470033;
7;vichy;24774;4234;263,35490470958;5127,94307358912;
8;manosque;22105;389;463,888600924347;4874,04057808894;
9;gap;39744;359;481,915610347014;4955,59093729006;
10;grasse;51036;1148;556,341757103303;4855,51550330995;
11;vallauris;28252;2166;567,853418242892;4846,2418464278;
12;antibes;74120;2799;573,223459008034;4846,2418464278;
13;cannes;73234;3732;565,481323295849;4842,53905537053;
14;cannet-06;42320;5488;565,324616560964;4844,3960106455;
15;cagnes-sur-mer;47141;2626;575,109635603349;4855,51550330995;
16;menton;28858;2053;602,088784184201;4868,48083175671;
17;saint-laurent-du-var;29963;2963;577,790531289315;4855,51550330995;
18;nice;343304;4773;582,829520979843;4859,21829436722;
19;mandelieu-la-napoule;22203;707;558,764859006738;4842,53905537053;
20;charleville-mezieres;49810;1584;338,755810402185;5533,80455584176;
21;troyes;60280;4566;302,044902089927;5370,71495693219;
22;carcassonne;47419;728;190,433245105207;4805,4777863199;
23;narbonne;51039;295;243,23938730809;4801,76387576997;
24;rodez;23917;2139;204,143311594248;4929,63804141122;
25;millau;21887;130;246,210070247358;4903,69626502504;
26;istres;42544;374;401,833988872485;4838,83626431327;
27;aix-en-provence;141438;760;437,999480763375;4840,68210009557;
28;salon-de-provence;43152;613;410,446246275908;4851,80159276002;
29;marseille;850726;3535;435,106030292586;4814,37338045147;
30;arles;52661;69;372,681500409799;4855,51550330995;
31;aubagne;46423;845;450,604470100928;4812,88336843443;
32;martigues;47544;665;407,996657064081;4825,85981637385;
33;vitrolles-13;35021;957;423,687714871513;4833,27651798104;
34;miramas;25368;985;402,732920739639;4846,2418464278;
35;ciotat;33829;1075;454,170297444712;4799,91803998767;
36;marignane;34485;1488;421,345977284954;4827,71677164881;
37;gardanne;20474;757;441,295374169332;4831,41956270608;
38;lisieux;21640;1655;16,9704220545143;5465,23064458006;
39;herouville-saint-clair;21434;2014;-23,0080919931143;5470,79039091229;
40;caen;108954;4239;-25,4385555338045;5468,93343563733;
41;aurillac;27924;970;192,915243376323;4994,50916161565;
42;angouleme;41613;1904;11,6594482087292;5076,04840132411;
43;saintes;26011;571;-49,1407881668137;5087,16789398856;
44;rochelle-17;75170;2644;-88,5608569728427;5133,50281992135;
45;rochefort-17;25140;1145;-76,0465981387145;5107,54992404251;
46;vierzon;26946;361;157,346920338092;5250,25749289814;
47;bourges;66381;965;181,719469385009;5235,42408968375;
48;brive-la-gaillarde;48949;1007;120,244617605129;5020,45093800183;
49;beaune;22394;715;366,305902765695;5229,86434335152;
50;dijon;151212;3741;378,177117687342;5261,37698556259;
51;saint-brieuc;46209;2111;-205,008149770696;5394,81089753606;
52;lannion;20079;457;-254,246526089117;5418,89571864727;
53;perigueux;29573;3011;56,1685920387523;5024,15372905909;
54;bergerac;27648;492;38,1022332851066;4987,09246000846;
55;montbeliard;25875;1723;510,668475635723;5283,6159708915;
56;besancon;116914;1797;455,39091634104;5253,9602839554;
57;romans-sur-isere;33536;1013;396,718112128709;5009,33144533737;
58;valence-26;63405;1728;385,719010522367;4996,35499739795;
59;montelimar;35314;754;376,290477279437;4955,59093729006;
60;vernon-27;25147;720;108,028477678467;5457,81394297287;
61;evreux;50537;1909;83,8648682365142;5450,40836085834;
62;chartres;38931;2310;110,628952750251;5387,39419592887;
63;dreux;31031;1278;100,2319516453;5418,89571864727;
64;quimper;63550;752;-305,05610762778;5337,35647893882;
65;brest;141303;2854;-330,98285278372;5381,83444959664;
66;nîmes;142205;878;348,919292867761;4874,04057808894;
67;ales;41205;1779;325,878372556241;4907,3990560823;
68;colomiers;35186;1689;108,67754209366;4849,95575697773;
69;muret;23864;412;108,948269538389;4833,27651798104;
70;tournefeuille;25340;1394;108,737888599703;4846,2418464278;
71;blagnac;21710;1286;112,671518585543;4851,80159276002;
72;toulouse;441802;3734;115,417804634393;4848,09880170276;
73;auch;21576;297;46,9333914837;4853,65854803499;
74;bouscat;23095;4374;-48,599156622697;4988,94941528342;
75;libourne;23624;1145;-18,3728540745827;4994,50916161565;
76;gradignan;23063;1462;-48,6835103255378;4977,82992261897;
77;bordeaux;239157;4845;-44,6845914847176;4985,2355047335;
78;begles;24913;2501;-42,0803288988734;4981,53271367623;
79;teste-de-buch;24591;136;-89,9704842803646;4963,10771433123;
80;saint-medard-en-jalles;27719;325;-57,7600910285462;4992,65220634069;
81;villenave-d-ornon;28420;1336;-43,4204046576934;4977,82992261897;
82;talence;40600;4862;-47,3266952783627;4983,3896689512;
83;pessac;58025;1494;-48,6554369991761;4981,53271367623;
84;merignac-33;66142;1373;-49,9415465851914;4985,2355047335;
85;cenon;22242;4029;-42,043846343299;4987,09246000846;
86;agde;24567;483;280,461949364649;4816,59727898436;
87;beziers;70955;743;262,788690480782;4820,30007004162;
88;sete;42774;1766;297,581450864127;4825,85981637385;
89;frontignan;22526;710;302,717678794402;4831,41956270608;
90;montpellier;257351;4524;312,702185310345;4848,09880170276;
91;lunel;25277;1057;332,372088181727;4857,36133909225;
92;rennes;207178;4111;-125,044000898692;5346,61901632831;
93;saint-malo;46342;1266;-148,148024035961;5409,63318125778;
94;chateauroux;46140;1806;129,36071142823;5205,77952224031;
95;tours;134817;3888;51,4474770241833;5268,78256767712;
96;joue-les-tours;35976;1110;50,2244070830856;5265,07977661986;
97;saint-martin-d-heres;36177;3906;452,093045876282;5022,30789327679;
98;fontaine-38;22243;3300;444,123805684141;5024,15372905909;
99;echirolles;35748;4548;448,435872811877;5018,59398272686;
100;grenoble;155637;8584;448,173166241447;5022,30789327679;
101;bourgoin-jallieu;26173;1073;410,817767642355;5069,56573710073;
102;vienne;29328;1294;379,183840863877;5061,22611760239;
103;dole;24629;641;416,309888991189;5237,28104495872;
104;dax;20665;1048;-84,3862780464582;4861,07524964218;
105;mont-de-marsan;31225;846;-40,0720488725824;4879,60032442116;
106;blois;46492;1241;100,003662875364;5291,02155300603;
107;saint-etienne;171260;2141;343,331246351778;5051,95246072023;
108;saint-chamond;35793;652;350,926359801886;5055,66637127016;
109;roanne;36806;2283;314,082649081629;5119,04747945756;
110;saint-herblain;43153;1437;-124,618960298106;5250,25749289814;
111;saint-sebastien-sur-loire;25017;2145;-113,289963907369;5250,25749289814;
112;orvault;24504;885;-121,986475891164;5255,81723923036;
113;vertou;21443;600;-112,136530914604;5244,69774656591;
114;nantes;284970;4371;-117,066296037614;5250,25749289814;
115;reze;38425;2788;-118,362585880493;5248,40053762317;
116;saint-nazaire-44;67031;1432;-165,949806243748;5257,66307501266;
117;fleury-les-aubrais;21171;2091;142,792059276494;5329,93977733163;
118;orleans;114167;4154;141,595577436689;5328,09394154933;
119;cahors;20194;312;113,807129294685;4940,75753407567;
120;agen;33981;2957;50,4872942990468;4914,8157576895;
121;villeneuve-sur-lot;23513;289;56,9361381428519;4937,05474301841;
122;cholet;54098;618;-66,903672816682;5233,57825390145;
123;angers;147571;3455;-41,3434109524476;5278,05622455928;
124;saumur;27283;411;-6,28792455815869;5255,81723923036;
125;cherbourg-octeville;38433;2695;-118,789639459474;5520,82810790234;
126;reims;179992;3837;292,753501647595;5476,35013724452;
127;epernay;24035;1059;287,864837013104;5454,11115191561;
128;chalons-en-champagne;45299;1738;318,817097692109;5443,9145771423;
129;chaumont-52;23011;416;381,0751433339;5350,33292687824;
130;saint-dizier;25526;535;363,755874920561;5407,77622598282;
131;laval-53;50940;1488;-56,9692470777234;5344,77318054601;
132;nancy;105421;7023;455,16173084743;5413,33597231505;
133;vandoeuvre-les-nancy;30974;3274;454,237987108589;5409,63318125778;
134;lorient;57204;3272;-251,704967910071;5309,55774727768;
135;vannes;52515;1625;-205,929250313802;5300,29520988819;
136;lanester;22219;1209;-250,458655733629;5309,55774727768;
137;forbach;21510;1318;501,502951952146;5468,93343563733;
138;metz;120738;2878;448,656055819788;5463,3736893051;
139;thionville;41015;822;446,53996894747;5489,32658518394;
140;sarreguemines;21540;725;513,267190105113;5459,67089824783;
141;montigny-les-metz;22540;3364;447,743719027864;5459,67089824783;
142;nevers;36762;2121;240,21870179755;5224,3045970193;
143;roubaix;94713;7158;223,024577050441;5637,58278087913;
144;wattrelos;41541;3090;226,546014033936;5637,58278087913;
145;villeneuve-d-ascq;63572;2315;221,342642709053;5635,72582560416;
146;lille;227560;6533;216,28874626592;5630,16607927194;
147;mons-en-baroeul;21887;7599;219,147618647411;5631,13347513374;
148;loos;21592;3106;212,837427995593;5628,32024348964;
149;halluin;20199;1608;220,284269006888;5646,84531826862;
150;valenciennes;43335;3135;250,700555044145;5598,66455655353;
151;madeleine;22442;7902;216,211897877501;5632,0230345469;
152;hazebrouck;21598;824;178,355695197398;5639,43973615409;
153;maubeuge;31046;1647;281,842509665925;5591,24785494634;
154;tourcoing;91923;6051;221,771518069814;5639,43973615409;
155;coudekerque-branche;22474;2458;167,824797958003;5674,64404992976;
156;croix-59;20676;4656;222,008024349111;5633,87998982186;
157;dunkerque;92005;2096;165,434486003949;5676,50100520472;
158;douai;42197;2499;217,513066969913;5600,5215118285;
159;armentieres;25375;4040;203,141603670116;5635,72582560416;
160;wasquehal;20046;2922;222,008024349111;5633,87998982186;
161;lambersart;28504;4627;213,861301081877;5632,0230345469;
162;cambrai;32584;1792;230,29907045569;5578,28252649958;
163;marcq-en-baroeul;38947;2774;217,309206894078;5633,87998982186;
164;denain;20351;1766;240,142015290821;5596,80760127857;
165;grande-synthe;20991;979;159,723601673987;5672,79821414746;
166;compiegne;40517;763;204,957936409195;5494,88633151617;
167;creil;33601;3029;180,187983786124;5478,20709251948;
168;beauvais;54711;1642;150,653322587758;5496,73216729847;
169;alencon;26704;2500;6,14804931821722;5385,53724065391;
170;lievin;31873;2484;196,027805888483;5606,08125816072;
171;henin-beaumont;26278;1268;207,836223274501;5606,08125816072;
172;arras;41611;3577;197,76303862647;5591,24785494634;
173;calais;73636;2198;128,429568184364;5665,38151254027;
174;boulogne-sur-mer;43070;5115;113,819479402516;5639,43973615409;
175;bethune;25655;2711;186,120583789009;5619,04658660748;
176;bruay-la-buissiere;23408;1431;180,272811719344;5613,2533309293;
177;lens;35032;2994;200,680532903093;5607,92709394302;
178;clermont-ferrand;139860;3277;239,095142088355;5090,87068504583;
179;pau;81166;2575;-29,6723943888001;4814,74032370939;
180;bayonne;44820;2067;-119,675444293594;4835,12235376334;
181;biarritz;25306;2170;-126,399336837687;4835,12235376334;
182;anglet;38032;1412;-123,709457099025;4835,12235376334;
183;tarbes;43034;2807;6,75108632012837;4807,3236221022;
184;perpignan;117419;1724;235,685557187639;4746,16641244769;
185;strasbourg;271782;3472;570,080950459963;5402,21647965059;
186;schiltigheim;30952;4056;569,892563742258;5404,07343492555;
187;illkirch-graffenstaden;26805;1206;568,190552575567;5396,65673331836;
188;haguenau;34280;187;569,884038185921;5428,16937552943;
189;colmar;67615;1015;547,22359258159;5346,61901632831;
190;saint-louis-68;20127;1194;567,522455632985;5291,02155300603;
191;mulhouse;109588;4940;548,267454880924;5309,55774727768;
192;oullins;25152;5716;372,657780204937;5083,4651029313;
193;venissieux;59855;3904;379,35381797894;5079,75119238137;
194;villefranche-sur-saone;35326;3726;364,437266999972;5113,10967037474;
195;caluire-et-cuire;41209;3943;375,977928984639;5092,72764032079;
196;saint-genis-laval;20357;1575;372,880457863571;5079,75119238137;
197;lyon;484344;10117;375,587221302504;5088,1575288357;
198;saint-priest-69;41964;1412;383,180443311865;5080,68522976518;
199;vaulx-en-velin;41421;1977;382,552382430277;5090,87068504583;
200;villeurbanne;145150;9996;378,78789689354;5089,02484926353;
201;meyzieu;30272;1315;388,092523071322;5089,08044672685;
202;bron;38717;3758;381,602282960956;5085,3109387136;
203;rillieux-la-pape;29952;2068;379,578658984588;5095,10721175098;
204;decines-charpieu;25562;1502;385,367694979527;5087,16789398856;
205;sainte-foy-les-lyon;21742;3183;372,547060960486;5085,3109387136;
206;creusot;22783;1258;337,456945452402;5203,92256696535;
207;macon;34040;1258;371,309069186521;5148,32510364307;
208;chalon-sur-saone;44985;2955;369,287671102174;5202,06561169038;
209;le-mans;142626;2700;14,8807857379405;5337,35647893882;
210;aix-les-bains;27750;2198;459,489991083845;5081,60814765633;
211;chambery;57342;2731;461,881106953234;5066,78586393461;
212;annecy;50379;3690;473,319988924738;5103,84713298525;
213;thonon-les-bains;33925;2092;497,459310089399;5155,74180525026;
214;annemasse;32196;6465;481,017559037825;5137,20561097861;
215;paris;2243833;21288;171,508878765001;5432,98411585314;
216;petit-quevilly;21898;5034;74,7239265164944;5496,73216729847;
217;grand-quevilly;24930;2243;74,7492118566187;5494,88633151617;
218;bois-guillaume;21270;2403;81,8994779703686;5500,44607784839;
219;saint-etienne-du-rouvray;28102;1539;79,6261358722974;5491,17242096624;
220;rouen;110933;5188;78,3396120436975;5496,73216729847;
221;dieppe;31963;2738;77,5380815188844;5552,32963062074;
222;sotteville-les-rouen;28835;3875;79,5719983376855;5494,88633151617;
223;havre;175497;3737;9,62868634069418;5504,14886890566;
224;lagny-sur-marne;20236;3537;198,712130050578;5433,72912186166;
225;champs-sur-marne;24418;3322;190,241706402171;5431,87216658669;
226;chelles-77;52779;3319;190,11515147537;5435,57495764396;
227;torcy-77;22425;3737;193,900200756059;5431,87216658669;
228;dammarie-les-lys;20722;2023;194,047649743613;5394,65522463876;
229;roissy-en-brie;22321;1635;194,093754428518;5426,31242025447;
230;meaux;50755;3394;209,334683020657;5442,99165925115;
231;combs-la-ville;21554;1488;188,48950927765;5411,49013653275;
232;pontault-combault;35561;2607;190,824417565799;5426,13450837184;
233;ozoir-la-ferriere;20268;1300;195,444349141634;5422,6096291972;
234;bussy-saint-georges;23341;1743;197,558695109946;5431,87216658669;
235;melun;39589;4924;196,351107516155;5396,65673331836;
236;savigny-le-temple;28599;2389;190,089141762231;5400,37064386829;
237;mee-sur-seine;20609;3859;193,89623086303;5396,65673331836;
238;villeparisis;24122;2909;191,142719970277;5441,13470397619;
239;rambouillet;26159;743;134,679554367273;5409,63318125778;
240;maisons-laffitte;22817;3380;157,000829706388;5442,99165925115;
241;houilles;31557;7123;160,759205534874;5439,28886819389;
242;mureaux;30859;2573;139,821911407393;5448,55140558338;
243;sartrouville;51150;6046;159,434707685046;5442,99165925115;
244;poissy;37680;2837;149,748564373447;5441,13470397619;
245;plaisir;30958;1657;142,776147800819;5428,16937552943;
246;versailles;86110;3289;156,251331749053;5426,31242025447;
247;guyancourt;27966;2151;151,469425553421;5422,6096291972;
248;chatou;30173;5939;157,21060602771;5435,57495764396;
249;trappes;29380;2181;146,534617685587;5424,4554649795;
250;chesnay;28975;6833;155,563628915583;5429,09229342058;
251;conflans-sainte-honorine;35380;3573;153,247274521186;5446,69445030841;
252;mantes-la-jolie;42969;4580;125,273808929659;5446,69445030841;
253;saint-germain-en-laye;40481;838;152,284740164908;5437,43191291892;
254;montigny-le-bretonneux;33337;2861;149,025885632702;5422,6096291972;
255;elancourt;26829;3152;142,871252243448;5424,4554649795;
256;celle-saint-cloud;20971;3603;157,31525721718;5431,87216658669;
257;velizy-villacoublay;20089;2249;159,913478059025;5426,31242025447;
258;niort;57325;840;-35,8396449880122;5150,18205891803;
259;abbeville;24155;914;130,763994249122;5570,86582489239;
260;amiens;133448;2698;164,733543451092;5548,62683956348;
261;albi;48916;1105;172,165125941255;4885,16007075339;
262;castres-81;42314;431;181,179533273834;4848,09880170276;
263;montauban;56271;416;107,951965741058;4894,43372763555;
264;garde-83;25930;1668;487,801706777435;4795,25897256127;
265;hyeres;54600;412;496,479047696156;4794,35829365545;
266;valette-du-var;20754;1338;485,524312735533;4796,20412943775;
267;six-fours-les-plages;34897;1312;474,158038492951;4791,76745186463;
268;draguignan;36391;677;521,300584037431;4840,68210009557;
269;frejus;51839;506;543,915281175767;4829,6293243871;
270;toulon;164532;3840;481,597671292882;4794,35829365545;
271;saint-raphael-83;33603;375;546,538152521586;4827,71677164881;
272;seyne-sur-mer;62082;2800;477,669567665137;4792,50133838048;
273;cavaillon;24951;542;404,080258324124;4874,50759678084;
274;carpentras;29278;772;403,59347044149;4898,13651869281;
275;orange;29135;392;383,073664942573;4907,3990560823;
276;avignon;89683;1381;385,595206119002;4887,01702602836;
277;roche-sur-yon;52664;601;-109,372455169784;5189,10028324363;
278;poitiers;87697;2082;25,4747046552151;5179,82662636147;
279;chatellerault;32459;625;40,5963294158039;5203,92256696535;
280;limoges;139150;1783;96,8145336387092;5098,28738665302;
281;epinal;32842;554;478,197755195284;5357,73850899277;
282;saint-die-des-vosges;21447;464;514,261329340785;5368,85800165722;
283;sens;24883;1135;243,394629785506;5359,38419390711;
284;auxerre;36200;724;266,4014362107;5315,11749360991;
285;belfort;50078;2928;514,528293643856;5296,58129933826;
286;brunoy;25377;3833;183,472092635507;5415,19292759001;
287;evry-91;52135;6258;180,040786576843;5407,77622598282;
288;draveil;28491;1808;177,415435497913;5413,33597231505;
289;grigny-91;26638;5469;175,083494139164;5409,63318125778;
290;ris-orangis;27463;3153;177,532707506427;5409,63318125778;
291;palaiseau;30285;2631;165,070092327589;5417,04988286497;
292;saint-michel-sur-orge;20046;3789;169,01788127622;5407,77622598282;
293;vigneux-sur-seine;27331;3116;177,35660084378;5415,19292759001;
294;viry-chatillon;32045;5279;175,02550080326;5411,49013653275;
295;etampes;23158;565;158,620306891232;5385,53724065391;
296;corbeil-essonnes;43086;3913;182,610490363621;5404,07343492555;
297;massy-91;42258;4481;167,460046792762;5418,89571864727;
298;yerres;29050;2952;183,411213697321;5417,04988286497;
299;gif-sur-yvette;20654;1780;156,614544398185;5413,33597231505;
300;ulis;24792;4786;159,126232203638;5413,2247773884;
301;athis-mons;30393;3550;176,074765149428;5417,04988286497;
302;morsang-sur-orge;20944;4770;172,577833068715;5411,49013653275;
303;montgeron;22880;2039;179,802650782797;5415,19292759001;
304;bretigny-sur-orge;23334;1602;170,298898532349;5405,93039020052;
305;sainte-genevieve-des-bois-91;34195;3688;171,467170834019;5407,77622598282;
306;savigny-sur-orge;36842;5285;172,577833068715;5411,49013653275;
307;longjumeau;21361;4413;168,794325224666;5415,19292759001;
308;neuilly-sur-seine;61754;16556;165,741657844106;5435,57495764396;
309;chatillon-92;32619;11170;167,237770678969;5426,31242025447;
310;bois-colombes;29284;15252;165,630940186242;5439,28886819389;
311;puteaux;44753;14029;163,357993943268;5433,72912186166;
312;clamart;52546;5991;166,017543528486;5426,31242025447;
313;meudon;45058;4551;164,159299910417;5427,23533814562;
314;issy-les-moulineaux;64355;15142;165,962262018298;5428,16937552943;
315;rueil-malmaison;79426;5403;160,866666633005;5435,57495764396;
316;antony;61793;6463;168,626591949933;5420,75267392224;
317;plessis-robinson;27727;8083;166,072810934695;5424,4554649795;
318;levallois-perret;64253;26660;166,904098611712;5437,43191291892;
319;boulogne-billancourt;114205;18509;164,687148775507;5430,01521131173;
320;asnieres-sur-seine;82327;17080;167,029664978495;5438,67729609734;
321;colombes;85398;10934;164,412823842484;5439,28886819389;
322;fontenay-aux-roses;23351;9303;167,293444300016;5424,4554649795;
323;villeneuve-la-garenne;25183;7869;170,445276931461;5441,13470397619;
324;courbevoie;87469;20975;164,638950394837;5437,13168661698;
325;montrouge;48597;23476;169,623188884986;5428,16937552943;
326;chatenay-malabry;32111;5033;166,127733416158;5422,6096291972;
327;clichy;58916;19128;168,122622138253;5437,43191291892;
328;vanves;27002;17308;168,346863192741;5430,01521131173;
329;suresnes;46723;12327;163,357993943268;5433,72912186166;
330;sevres;22978;5876;161,080782134257;5428,16937552943;
331;garenne-colombes;27628;15521;164,467782526552;5437,43191291892;
332;gennevilliers;41364;3553;168,010584418989;5441,13470397619;
333;nanterre;89185;7316;160,812942914851;5437,43191291892;
334;saint-cloud;29873;3951;162,22037814465;5430,94924869554;
335;malakoff;30982;14967;168,402635867632;5428,16937552943;
336;bagneux-92;38080;9088;168,458730258714;5426,31242025447;
337;bagnolet;33883;13184;176,768486172164;5433,72912186166;
338;courneuve;38007;5054;174,155562421559;5439,28886819389;
339;pavillons-sous-bois;21746;7447;183,960504111599;5437,43191291892;
340;sevran;49832;6845;185,054892967895;5441,13470397619;
341;villemomble;28006;6932;182,803030264779;5435,57495764396;
342;montreuil-93;102770;11521;177,987089862211;5433,72912186166;
343;livry-gargan;41808;5665;186,334533688149;5439,28886819389;
344;aulnay-sous-bois;82120;5069;183,776408417291;5442,99165925115;
345;saint-denis-93;106785;8639;172,271478936015;5441,13470397619;
346;lilas;22228;17641;177,928039053677;5435,57495764396;
347;clichy-sous-bois;29750;7531;186,334533688149;5439,28886819389;
348;noisy-le-grand;62964;4862;187,802954065869;5431,87216658669;
349;romainville;25771;7491;177,928039053677;5435,57495764396;
350;aubervilliers;76087;13209;174,155562421559;5439,28886819389;
351;noisy-le-sec;39733;7883;180,365900265289;5435,57495764396;
352;villepinte-93;35658;3438;184,931055892895;5444,84861452611;
353;bobigny;47492;7015;179,087140973357;5437,43191291892;
354;pierrefitte-sur-seine;27883;8176;172,765009710554;5444,84861452611;
355;tremblay-en-france;34493;1537;188,114000747483;5443,68106779635;
356;montfermeil;25269;4636;187,6153437233;5437,43191291892;
357;stains;33829;6276;174,039436029826;5442,99165925115;
358;pantin;54136;10805;175,432301361656;5437,43191291892;
359;neuilly-plaisance;20508;5996;184,083034131635;5433,72912186166;
360;rosny-sous-bois;41050;6945;181,644363841947;5433,72912186166;
361;saint-ouen-93;47189;10948;170,558938223413;5437,43191291892;
362;bondy;53530;9786;180,305664499898;5437,43191291892;
363;epinay-sur-seine;54518;11929;168,562662900533;5442,99165925115;
364;neuilly-sur-marne;33498;4883;185,363470030697;5431,87216658669;
365;drancy;66410;8557;178,967796446314;5441,13470397619;
366;blanc-mesnil;51438;6389;178,967796446314;5441,13470397619;
367;gagny;39056;5718;185,240160264269;5435,57495764396;
368;fontenay-sous-bois;53145;9524;181,704975676809;5431,87216658669;
369;haÿ-les-roses;30201;7743;170,956809742156;5424,4554649795;
370;alfortville;44201;12043;177,003982458402;5426,31242025447;
371;choisy-le-roi;40905;7533;177,121464313212;5422,6096291972;
372;saint-mande;22396;24343;176,886440813913;5430,01521131173;
373;fresnes-94;26248;7373;169,848768162022;5420,75267392224;
374;villiers-sur-marne;27338;6313;186,645435278908;5430,01521131173;
375;kremlin-bicetre;26046;16912;173,284115751674;5428,16937552943;
376;perreux-sur-marne;32520;8212;182,924717694395;5431,87216658669;
377;nogent-sur-marne;31637;11298;181,765572074969;5430,01521131173;
378;cachan;28248;10309;170,956809742156;5424,4554649795;
379;saint-maur-des-fosses;74816;6650;183,107315498602;5426,31242025447;
380;thiais;29653;4611;174,677924392493;5422,6096291972;
381;sucy-en-brie;25820;2475;185,671655289546;5422,6096291972;
382;vincennes;48471;25377;178,046481322921;5431,87216658669;
383;charenton-le-pont;29348;15863;176,945042618361;5428,16937552943;
384;villejuif;55490;10391;173,34183614843;5426,31242025447;
385;vitry-sur-seine;85413;7319;175,841541222705;5424,4554649795;
386;champigny-sur-marne;75510;6682;184,266896351736;5428,16937552943;
387;ivry-sur-seine;57732;9464;174,503936583654;5428,16937552943;
388;maisons-alfort;52943;9895;178,224209608885;5426,31242025447;
389;orly;21395;3198;175,958182904277;5420,75267392224;
390;villeneuve-saint-georges;32239;3684;179,683670184453;5418,89571864727;
391;creteil;89985;7852;180,726272703254;5424,4554649795;
392;cergy;56988;4891;150,663651977431;5452,25419664064;
393;montmorency;21194;3946;170,217439905781;5448,55140558338;
394;pontoise;29548;4132;153,042065247473;5454,11115191561;
395;herblay;26016;2042;158,059520308168;5448,55140558338;
396;ermont;27446;6597;165,409999875684;5446,69445030841;
397;goussainville-95;30996;2690;179,884308289532;5450,40836085834;
398;franconville-95;33097;5346;162,977016955429;5446,69445030841;
399;gonesse;26356;1311;178,788486941383;5446,69445030841;
400;deuil-la-barre;21509;5720;170,274506218342;5446,69445030841;
401;bezons;27987;6727;161,923487897409;5441,13470397619;
402;saint-gratien-95;20156;8328;166,681256627413;5444,84861452611;
403;taverny;26144;2494;161,598899402813;5452,25419664064;
404;cormeilles-en-parisis;23038;2716;160,544763784099;5446,69445030841;
405;sannois;26090;5458;164,248193389339;5444,84861452611;
406;saint-ouen-l-aumone;23608;1933;154,256927736842;5454,11115191561;
407;garges-les-gonesse;40012;7314;176,414969563651;5444,84861452611;
408;eaubonne;24062;5443;166,569918125626;5448,55140558338;
409;argenteuil;103125;5988;164,303193878778;5442,99165925115;
410;villiers-le-bel;26736;3662;173,864961685936;5448,55140558338;
411;sarcelles;58614;6936;173,864961685936;5448,55140558338;
