241
-330.98285
582.82952
4746.16641
5676.50101
30173
2243833
1;bourg-en-bresse;40088;1680;401,489579152936;5137,20561097861;
2;saint-quentin;55978;2481;235,406478144597;5543,06709323125;
3;montlucon;38402;1857;199,617297485565;5152,02789470033;
4;gap;39744;359;481,915610347014;4955,59093729006;
5;grasse;51036;1148;556,341757103303;4855,51550330995;
6;antibes;74120;2799;573,223459008034;4846,2418464278;
7;cannes;73234;3732;565,481323295849;4842,53905537053;
8;cannet-06;42320;5488;565,324616560964;4844,3960106455;
9;cagnes-sur-mer;47141;2626;575,109635603349;4855,51550330995;
10;nice;343304;4773;582,829520979843;4859,21829436722;
11;charleville-mezieres;49810;1584;338,755810402185;5533,80455584176;
12;troyes;60280;4566;302,044902089927;5370,71495693219;
13;carcassonne;47419;728;190,433245105207;4805,4777863199;
14;narbonne;51039;295;243,23938730809;4801,76387576997;
15;istres;42544;374;401,833988872485;4838,83626431327;
16;aix-en-provence;141438;760;437,999480763375;4840,68210009557;
17;salon-de-provence;43152;613;410,446246275908;4851,80159276002;
18;marseille;850726;3535;435,106030292586;4814,37338045147;
19;arles;52661;69;372,681500409799;4855,51550330995;
20;aubagne;46423;845;450,604470100928;4812,88336843443;
21;martigues;47544;665;407,996657064081;4825,85981637385;
22;vitrolles-13;35021;957;423,687714871513;4833,27651798104;
23;ciotat;33829;1075;454,170297444712;4799,91803998767;
24;marignane;34485;1488;421,345977284954;4827,71677164881;
25;caen;108954;4239;-25,4385555338045;5468,93343563733;
26;angouleme;41613;1904;11,6594482087292;5076,04840132411;
27;rochelle-17;75170;2644;-88,5608569728427;5133,50281992135;
28;bourges;66381;965;181,719469385009;5235,42408968375;
29;brive-la-gaillarde;48949;1007;120,244617605129;5020,45093800183;
30;dijon;151212;3741;378,177117687342;5261,37698556259;
31;saint-brieuc;46209;2111;-205,008149770696;5394,81089753606;
32;besancon;116914;1797;455,39091634104;5253,9602839554;
33;romans-sur-isere;33536;1013;396,718112128709;5009,33144533737;
34;valence-26;63405;1728;385,719010522367;4996,35499739795;
35;montelimar;35314;754;376,290477279437;4955,59093729006;
36;evreux;50537;1909;83,8648682365142;5450,40836085834;
37;chartres;38931;2310;110,628952750251;5387,39419592887;
38;dreux;31031;1278;100,2319516453;5418,89571864727;
39;quimper;63550;752;-305,05610762778;5337,35647893882;
40;brest;141303;2854;-330,98285278372;5381,83444959664;
41;nîmes;142205;878;348,919292867761;4874,04057808894;
42;ales;41205;1779;325,878372556241;4907,3990560823;
43;colomiers;35186;1689;108,67754209366;4849,95575697773;
44;toulouse;441802;3734;115,417804634393;4848,09880170276;
45;bordeaux;239157;4845;-44,6845914847176;4985,2355047335;
46;talence;40600;4862;-47,3266952783627;4983,3896689512;
47;pessac;58025;1494;-48,6554369991761;4981,53271367623;
48;merignac-33;66142;1373;-49,9415465851914;4985,2355047335;
49;beziers;70955;743;262,788690480782;4820,30007004162;
50;sete;42774;1766;297,581450864127;4825,85981637385;
51;montpellier;257351;4524;312,702185310345;4848,09880170276;
52;rennes;207178;4111;-125,044000898692;5346,61901632831;
53;saint-malo;46342;1266;-148,148024035961;5409,63318125778;
54;chateauroux;46140;1806;129,36071142823;5205,77952224031;
55;tours;134817;3888;51,4474770241833;5268,78256767712;
56;joue-les-tours;35976;1110;50,2244070830856;5265,07977661986;
57;saint-martin-d-heres;36177;3906;452,093045876282;5022,30789327679;
58;echirolles;35748;4548;448,435872811877;5018,59398272686;
59;grenoble;155637;8584;448,173166241447;5022,30789327679;
60;mont-de-marsan;31225;846;-40,0720488725824;4879,60032442116;
61;blois;46492;1241;100,003662875364;5291,02155300603;
62;saint-etienne;171260;2141;343,331246351778;5051,95246072023;
63;saint-chamond;35793;652;350,926359801886;5055,66637127016;
64;roanne;36806;2283;314,082649081629;5119,04747945756;
65;saint-herblain;43153;1437;-124,618960298106;5250,25749289814;
66;nantes;284970;4371;-117,066296037614;5250,25749289814;
67;reze;38425;2788;-118,362585880493;5248,40053762317;
68;saint-nazaire-44;67031;1432;-165,949806243748;5257,66307501266;
69;orleans;114167;4154;141,595577436689;5328,09394154933;
70;agen;33981;2957;50,4872942990468;4914,8157576895;
71;cholet;54098;618;-66,903672816682;5233,57825390145;
72;angers;147571;3455;-41,3434109524476;5278,05622455928;
73;cherbourg-octeville;38433;2695;-118,789639459474;5520,82810790234;
74;reims;179992;3837;292,753501647595;5476,35013724452;
75;chalons-en-champagne;45299;1738;318,817097692109;5443,9145771423;
76;laval-53;50940;1488;-56,9692470777234;5344,77318054601;
77;nancy;105421;7023;455,16173084743;5413,33597231505;
78;vandoeuvre-les-nancy;30974;3274;454,237987108589;5409,63318125778;
79;lorient;57204;3272;-251,704967910071;5309,55774727768;
80;vannes;52515;1625;-205,929250313802;5300,29520988819;
81;metz;120738;2878;448,656055819788;5463,3736893051;
82;thionville;41015;822;446,53996894747;5489,32658518394;
83;nevers;36762;2121;240,21870179755;5224,3045970193;
84;roubaix;94713;7158;223,024577050441;5637,58278087913;
85;wattrelos;41541;3090;226,546014033936;5637,58278087913;
86;villeneuve-d-ascq;63572;2315;221,342642709053;5635,72582560416;
87;lille;227560;6533;216,28874626592;5630,16607927194;
88;valenciennes;43335;3135;250,700555044145;5598,66455655353;
89;maubeuge;31046;1647;281,842509665925;5591,24785494634;
90;tourcoing;91923;6051;221,771518069814;5639,43973615409;
91;dunkerque;92005;2096;165,434486003949;5676,50100520472;
92;douai;42197;2499;217,513066969913;5600,5215118285;
93;cambrai;32584;1792;230,29907045569;5578,28252649958;
94;marcq-en-baroeul;38947;2774;217,309206894078;5633,87998982186;
95;compiegne;40517;763;204,957936409195;5494,88633151617;
96;creil;33601;3029;180,187983786124;5478,20709251948;
97;beauvais;54711;1642;150,653322587758;5496,73216729847;
98;lievin;31873;2484;196,027805888483;5606,08125816072;
99;arras;41611;3577;197,76303862647;5591,24785494634;
100;calais;73636;2198;128,429568184364;5665,38151254027;
101;boulogne-sur-mer;43070;5115;113,819479402516;5639,43973615409;
102;lens;35032;2994;200,680532903093;5607,92709394302;
103;clermont-ferrand;139860;3277;239,095142088355;5090,87068504583;
104;pau;81166;2575;-29,6723943888001;4814,74032370939;
105;bayonne;44820;2067;-119,675444293594;4835,12235376334;
106;anglet;38032;1412;-123,709457099025;4835,12235376334;
107;tarbes;43034;2807;6,75108632012837;4807,3236221022;
108;perpignan;117419;1724;235,685557187639;4746,16641244769;
109;strasbourg;271782;3472;570,080950459963;5402,21647965059;
110;schiltigheim;30952;4056;569,892563742258;5404,07343492555;
111;haguenau;34280;187;569,884038185921;5428,16937552943;
112;colmar;67615;1015;547,22359258159;5346,61901632831;
113;mulhouse;109588;4940;548,267454880924;5309,55774727768;
114;venissieux;59855;3904;379,35381797894;5079,75119238137;
115;villefranche-sur-saone;35326;3726;364,437266999972;5113,10967037474;
116;caluire-et-cuire;41209;3943;375,977928984639;5092,72764032079;
117;lyon;484344;10117;375,587221302504;5088,1575288357;
118;saint-priest-69;41964;1412;383,180443311865;5080,68522976518;
119;vaulx-en-velin;41421;1977;382,552382430277;5090,87068504583;
120;villeurbanne;145150;9996;378,78789689354;5089,02484926353;
121;meyzieu;30272;1315;388,092523071322;5089,08044672685;
122;bron;38717;3758;381,602282960956;5085,3109387136;
123;macon;34040;1258;371,309069186521;5148,32510364307;
124;chalon-sur-saone;44985;2955;369,287671102174;5202,06561169038;
125;le-mans;142626;2700;14,8807857379405;5337,35647893882;
126;chambery;57342;2731;461,881106953234;5066,78586393461;
127;annecy;50379;3690;473,319988924738;5103,84713298525;
128;thonon-les-bains;33925;2092;497,459310089399;5155,74180525026;
129;annemasse;32196;6465;481,017559037825;5137,20561097861;
130;paris;2243833;21288;171,508878765001;5432,98411585314;
131;rouen;110933;5188;78,3396120436975;5496,73216729847;
132;dieppe;31963;2738;77,5380815188844;5552,32963062074;
133;havre;175497;3737;9,62868634069418;5504,14886890566;
134;chelles-77;52779;3319;190,11515147537;5435,57495764396;
135;meaux;50755;3394;209,334683020657;5442,99165925115;
136;pontault-combault;35561;2607;190,824417565799;5426,13450837184;
137;melun;39589;4924;196,351107516155;5396,65673331836;
138;houilles;31557;7123;160,759205534874;5439,28886819389;
139;mureaux;30859;2573;139,821911407393;5448,55140558338;
140;sartrouville;51150;6046;159,434707685046;5442,99165925115;
141;poissy;37680;2837;149,748564373447;5441,13470397619;
142;plaisir;30958;1657;142,776147800819;5428,16937552943;
143;versailles;86110;3289;156,251331749053;5426,31242025447;
144;chatou;30173;5939;157,21060602771;5435,57495764396;
145;conflans-sainte-honorine;35380;3573;153,247274521186;5446,69445030841;
146;mantes-la-jolie;42969;4580;125,273808929659;5446,69445030841;
147;saint-germain-en-laye;40481;838;152,284740164908;5437,43191291892;
148;montigny-le-bretonneux;33337;2861;149,025885632702;5422,6096291972;
149;niort;57325;840;-35,8396449880122;5150,18205891803;
150;amiens;133448;2698;164,733543451092;5548,62683956348;
151;albi;48916;1105;172,165125941255;4885,16007075339;
152;castres-81;42314;431;181,179533273834;4848,09880170276;
153;montauban;56271;416;107,951965741058;4894,43372763555;
154;hyeres;54600;412;496,479047696156;4794,35829365545;
155;six-fours-les-plages;34897;1312;474,158038492951;4791,76745186463;
156;draguignan;36391;677;521,300584037431;4840,68210009557;
157;frejus;51839;506;543,915281175767;4829,6293243871;
158;toulon;164532;3840;481,597671292882;4794,35829365545;
159;saint-raphael-83;33603;375;546,538152521586;4827,71677164881;
160;seyne-sur-mer;62082;2800;477,669567665137;4792,50133838048;
161;avignon;89683;1381;385,595206119002;4887,01702602836;
162;roche-sur-yon;52664;601;-109,372455169784;5189,10028324363;
163;poitiers;87697;2082;25,4747046552151;5179,82662636147;
164;chatellerault;32459;625;40,5963294158039;5203,92256696535;
165;limoges;139150;1783;96,8145336387092;5098,28738665302;
166;epinal;32842;554;478,197755195284;5357,73850899277;
167;auxerre;36200;724;266,4014362107;5315,11749360991;
168;belfort;50078;2928;514,528293643856;5296,58129933826;
169;evry-91;52135;6258;180,040786576843;5407,77622598282;
170;palaiseau;30285;2631;165,070092327589;5417,04988286497;
171;viry-chatillon;32045;5279;175,02550080326;5411,49013653275;
172;corbeil-essonnes;43086;3913;182,610490363621;5404,07343492555;
173;massy-91;42258;4481;167,460046792762;5418,89571864727;
174;athis-mons;30393;3550;176,074765149428;5417,04988286497;
175;sainte-genevieve-des-bois-91;34195;3688;171,467170834019;5407,77622598282;
176;savigny-sur-orge;36842;5285;172,577833068715;5411,49013653275;
177;neuilly-sur-seine;61754;16556;165,741657844106;5435,57495764396;
178;chatillon-92;32619;11170;167,237770678969;5426,31242025447;
179;puteaux;44753;14029;163,357993943268;5433,72912186166;
180;clamart;52546;5991;166,017543528486;5426,31242025447;
181;meudon;45058;4551;164,159299910417;5427,23533814562;
182;issy-les-moulineaux;64355;15142;165,962262018298;5428,16937552943;
183;rueil-malmaison;79426;5403;160,866666633005;5435,57495764396;
184;antony;61793;6463;168,626591949933;5420,75267392224;
185;levallois-perret;64253;26660;166,904098611712;5437,43191291892;
186;boulogne-billancourt;114205;18509;164,687148775507;5430,01521131173;
187;asnieres-sur-seine;82327;17080;167,029664978495;5438,67729609734;
188;colombes;85398;10934;164,412823842484;5439,28886819389;
189;courbevoie;87469;20975;164,638950394837;5437,13168661698;
190;montrouge;48597;23476;169,623188884986;5428,16937552943;
191;chatenay-malabry;32111;5033;166,127733416158;5422,6096291972;
192;clichy;58916;19128;168,122622138253;5437,43191291892;
193;suresnes;46723;12327;163,357993943268;5433,72912186166;
194;gennevilliers;41364;3553;168,010584418989;5441,13470397619;
195;nanterre;89185;7316;160,812942914851;5437,43191291892;
196;malakoff;30982;14967;168,402635867632;5428,16937552943;
197;bagneux-92;38080;9088;168,458730258714;5426,31242025447;
198;bagnolet;33883;13184;176,768486172164;5433,72912186166;
199;courneuve;38007;5054;174,155562421559;5439,28886819389;
200;sevran;49832;6845;185,054892967895;5441,13470397619;
201;montreuil-93;102770;11521;177,987089862211;5433,72912186166;
202;livry-gargan;41808;5665;186,334533688149;5439,28886819389;
203;aulnay-sous-bois;82120;5069;183,776408417291;5442,99165925115;
204;saint-denis-93;106785;8639;172,271478936015;5441,13470397619;
205;noisy-le-grand;62964;4862;187,802954065869;5431,87216658669;
206;aubervilliers;76087;13209;174,155562421559;5439,28886819389;
207;noisy-le-sec;39733;7883;180,365900265289;5435,57495764396;
208;villepinte-93;35658;3438;184,931055892895;5444,84861452611;
209;bobigny;47492;7015;179,087140973357;5437,43191291892;
210;tremblay-en-france;34493;1537;188,114000747483;5443,68106779635;
211;stains;33829;6276;174,039436029826;5442,99165925115;
212;pantin;54136;10805;175,432301361656;5437,43191291892;
213;rosny-sous-bois;41050;6945;181,644363841947;5433,72912186166;
214;saint-ouen-93;47189;10948;170,558938223413;5437,43191291892;
215;bondy;53530;9786;180,305664499898;5437,43191291892;
216;epinay-sur-seine;54518;11929;168,562662900533;5442,99165925115;
217;neuilly-sur-marne;33498;4883;185,363470030697;5431,87216658669;
218;drancy;66410;8557;178,967796446314;5441,13470397619;
219;blanc-mesnil;51438;6389;178,967796446314;5441,13470397619;
220;gagny;39056;5718;185,240160264269;5435,57495764396;
221;fontenay-sous-bois;53145;9524;181,704975676809;5431,87216658669;
222;haÿ-les-roses;30201;7743;170,956809742156;5424,4554649795;
223;alfortville;44201;12043;177,003982458402;5426,31242025447;
224;choisy-le-roi;40905;7533;177,121464313212;5422,6096291972;
225;perreux-sur-marne;32520;8212;182,924717694395;5431,87216658669;
226;nogent-sur-marne;31637;11298;181,765572074969;5430,01521131173;
227;saint-maur-des-fosses;74816;6650;183,107315498602;5426,31242025447;
228;vincennes;48471;25377;178,046481322921;5431,87216658669;
229;villejuif;55490;10391;173,34183614843;5426,31242025447;
230;vitry-sur-seine;85413;7319;175,841541222705;5424,4554649795;
231;champigny-sur-marne;75510;6682;184,266896351736;5428,16937552943;
232;ivry-sur-seine;57732;9464;174,503936583654;5428,16937552943;
233;maisons-alfort;52943;9895;178,224209608885;5426,31242025447;
234;villeneuve-saint-georges;32239;3684;179,683670184453;5418,89571864727;
235;creteil;89985;7852;180,726272703254;5424,4554649795;
236;cergy;56988;4891;150,663651977431;5452,25419664064;
237;goussainville-95;30996;2690;179,884308289532;5450,40836085834;
238;franconville-95;33097;5346;162,977016955429;5446,69445030841;
239;garges-les-gonesse;40012;7314;176,414969563651;5444,84861452611;
240;argenteuil;103125;5988;164,303193878778;5442,99165925115;
241;sarcelles;58614;6936;173,864961685936;5448,55140558338;
