573
-330.98285
602.08878
4746.16641
5676.50101
15020
2243833
1;oyonnax;22650;626;435,725802874108;5142,76535731084;
2;bourg-en-bresse;40088;1680;401,489579152936;5137,20561097861;
3;soissons;28646;2325;241,372584343198;5489,32658518394;
4;laon;25986;618;260,822839846433;5511,56557051285;
5;saint-quentin;55978;2481;235,406478144597;5543,06709323125;
6;montlucon;38402;1857;199,617297485565;5152,02789470033;
7;vichy;24774;4234;263,35490470958;5127,94307358912;
8;moulins-03;19590;2275;254,825038490702;5177,98079057917;
9;manosque;22105;389;463,888600924347;4874,04057808894;
10;digne-les-bains;16922;144;498,044649092254;4902,95125901652;
11;gap;39744;359;481,915610347014;4955,59093729006;
12;vence;19281;491;571,951707985607;4861,07524964218;
13;grasse;51036;1148;556,341757103303;4855,51550330995;
14;vallauris;28252;2166;567,853418242892;4846,2418464278;
15;antibes;74120;2799;573,223459008034;4846,2418464278;
16;cannes;73234;3732;565,481323295849;4842,53905537053;
17;villeneuve-loubet;15020;766;572,587971485075;4853,65854803499;
18;mougins;18917;737;563,669659074149;4848,09880170276;
19;cannet-06;42320;5488;565,324616560964;4844,3960106455;
20;cagnes-sur-mer;47141;2626;575,109635603349;4855,51550330995;
21;menton;28858;2053;602,088784184201;4868,48083175671;
22;saint-laurent-du-var;29963;2963;577,790531289315;4855,51550330995;
23;nice;343304;4773;582,829520979843;4859,21829436722;
24;mandelieu-la-napoule;22203;707;558,764859006738;4842,53905537053;
25;annonay;16660;785;365,42769828203;5029,71347539132;
26;charleville-mezieres;49810;1584;338,755810402185;5533,80455584176;
27;sedan;18577;1141;356,002723331224;5526,38785423457;
28;pamiers;15372;335;129,869107915557;4794,35829365545;
29;troyes;60280;4566;302,044902089927;5370,71495693219;
30;carcassonne;47419;728;190,433245105207;4805,4777863199;
31;narbonne;51039;295;243,23938730809;4801,76387576997;
32;rodez;23917;2139;204,143311594248;4929,63804141122;
33;millau;21887;130;246,210070247358;4903,69626502504;
34;istres;42544;374;401,833988872485;4838,83626431327;
35;aix-en-provence;141438;760;437,999480763375;4840,68210009557;
36;allauch;19521;388;443,493392459069;4818,44311476666;
37;salon-de-provence;43152;613;410,446246275908;4851,80159276002;
38;marseille;850726;3535;435,106030292586;4814,37338045147;
39;arles;52661;69;372,681500409799;4855,51550330995;
40;aubagne;46423;845;450,604470100928;4812,88336843443;
41;martigues;47544;665;407,996657064081;4825,85981637385;
42;port-de-bouc;17216;1502;402,610293276663;4825,85981637385;
43;vitrolles-13;35021;957;423,687714871513;4833,27651798104;
44;miramas;25368;985;402,732920739639;4846,2418464278;
45;fos-sur-mer;15357;166;399,697649762952;4829,56260743111;
46;pennes-mirabeau;19482;578;429,482457147015;4826,782734265;
47;ciotat;33829;1075;454,170297444712;4799,91803998767;
48;marignane;34485;1488;421,345977284954;4827,71677164881;
49;gardanne;20474;757;441,295374169332;4831,41956270608;
50;lisieux;21640;1655;16,9704220545143;5465,23064458006;
51;herouville-saint-clair;21434;2014;-23,0080919931143;5470,79039091229;
52;caen;108954;4239;-25,4385555338045;5468,93343563733;
53;aurillac;27924;970;192,915243376323;4994,50916161565;
54;cognac;18557;1197;-25,8867195902343;5081,60814765633;
55;angouleme;41613;1904;11,6594482087292;5076,04840132411;
56;saintes;26011;571;-49,1407881668137;5087,16789398856;
57;rochelle-17;75170;2644;-88,5608569728427;5133,50281992135;
58;royan;17946;929;-80,3443289826658;5074,19144604914;
59;rochefort-17;25140;1145;-76,0465981387145;5107,54992404251;
60;vierzon;26946;361;157,346920338092;5250,25749289814;
61;bourges;66381;965;181,719469385009;5235,42408968375;
62;brive-la-gaillarde;48949;1007;120,244617605129;5020,45093800183;
63;beaune;22394;715;366,305902765695;5229,86434335152;
64;dijon;151212;3741;378,177117687342;5261,37698556259;
65;saint-brieuc;46209;2111;-205,008149770696;5394,81089753606;
66;lannion;20079;457;-254,246526089117;5418,89571864727;
67;perigueux;29573;3011;56,1685920387523;5024,15372905909;
68;bergerac;27648;492;38,1022332851066;4987,09246000846;
69;pontarlier;18456;446;483,717794396396;5215,0420596298;
70;montbeliard;25875;1723;510,668475635723;5283,6159708915;
71;besancon;116914;1797;455,39091634104;5253,9602839554;
72;romans-sur-isere;33536;1013;396,718112128709;5009,33144533737;
73;valence-26;63405;1728;385,719010522367;4996,35499739795;
74;montelimar;35314;754;376,290477279437;4955,59093729006;
75;bourg-les-valence;18623;917;384,294979903017;4998,21195267292;
76;louviers;17734;655;84,7381807614124;5472,64734618725;
77;vernon-27;25147;720;108,028477678467;5457,81394297287;
78;evreux;50537;1909;83,8648682365142;5450,40836085834;
79;luce-28;15926;2628;108,206346747983;5385,53724065391;
80;chartres;38931;2310;110,628952750251;5387,39419592887;
81;dreux;31031;1278;100,2319516453;5418,89571864727;
82;concarneau;19048;463;-292,167825140364;5322,5341952171;
83;morlaix;15421;621;-281,975278687315;5402,21647965059;
84;quimper;63550;752;-305,05610762778;5337,35647893882;
85;landerneau;15272;1157;-313,448699459046;5387,39419592887;
86;brest;141303;2854;-330,98285278372;5381,83444959664;
87;beaucaire-30;15946;184;371,852882844804;4870,33778703167;
88;nîmes;142205;878;348,919292867761;4874,04057808894;
89;bagnols-sur-ceze;18245;581;368,234204124702;4911,11296663223;
90;ales;41205;1779;325,878372556241;4907,3990560823;
91;colomiers;35186;1689;108,67754209366;4849,95575697773;
92;muret;23864;412;108,948269538389;4833,27651798104;
93;tournefeuille;25340;1394;108,737888599703;4846,2418464278;
94;blagnac;21710;1286;112,671518585543;4851,80159276002;
95;toulouse;441802;3734;115,417804634393;4848,09880170276;
96;cugnaux;15807;1214;110,171984837085;4840,68210009557;
97;plaisance-du-touch;16091;606;104,739427895177;4844,3960106455;
98;auch;21576;297;46,9333914837;4853,65854803499;
99;bouscat;23095;4374;-48,599156622697;4988,94941528342;
100;libourne;23624;1145;-18,3728540745827;4994,50916161565;
101;floirac-33;16202;1868;-42,0560350793657;4985,2355047335;
102;gradignan;23063;1462;-48,6835103255378;4977,82992261897;
103;bordeaux;239157;4845;-44,6845914847176;4985,2355047335;
104;begles;24913;2501;-42,0803288988734;4981,53271367623;
105;teste-de-buch;24591;136;-89,9704842803646;4963,10771433123;
106;eysines;19571;1629;-51,2113356529002;4990,79525106572;
107;gujan-mestras;19305;357;-84,4037766290401;4962,99651940458;
108;saint-medard-en-jalles;27719;325;-57,7600910285462;4992,65220634069;
109;lormont;19799;2690;-42,0316540354078;4988,94941528342;
110;villenave-d-ornon;28420;1336;-43,4204046576934;4977,82992261897;
111;cestas;16353;164;-53,9777204093032;4974,11601206904;
112;talence;40600;4862;-47,3266952783627;4983,3896689512;
113;pessac;58025;1494;-48,6554369991761;4981,53271367623;
114;merignac-33;66142;1373;-49,9415465851914;4985,2355047335;
115;cenon;22242;4029;-42,043846343299;4987,09246000846;
116;mauguio;16307;329;323,349498519513;4849,95575697773;
117;lattes;15927;572;314,218283685532;4844,3960106455;
118;agde;24567;483;280,461949364649;4816,59727898436;
119;beziers;70955;743;262,788690480782;4820,30007004162;
120;sete;42774;1766;297,581450864127;4825,85981637385;
121;frontignan;22526;710;302,717678794402;4831,41956270608;
122;montpellier;257351;4524;312,702185310345;4848,09880170276;
123;lunel;25277;1057;332,372088181727;4857,36133909225;
124;rennes;207178;4111;-125,044000898692;5346,61901632831;
125;saint-malo;46342;1266;-148,148024035961;5409,63318125778;
126;bruz;16465;549;-130,122807020944;5341,05926999608;
127;fougeres;19779;1890;-88,6773139662908;5376,27470326441;
128;vitre-35;16834;454;-89,0537732124132;5352,17876266054;
129;cesson-sevigne;15219;473;-118,757555977619;5351,25584476939;
130;chateauroux;46140;1806;129,36071142823;5205,77952224031;
131;saint-cyr-sur-loire;16072;1190;50,1768076192766;5270,63952295208;
132;tours;134817;3888;51,4474770241833;5268,78256767712;
133;saint-pierre-des-corps;15227;1349;55,2119283988559;5268,78256767712;
134;joue-les-tours;35976;1110;50,2244070830856;5265,07977661986;
135;voiron;19893;908;436,180120980055;5044,5468786057;
136;saint-martin-d-heres;36177;3906;452,093045876282;5022,30789327679;
137;meylan;17487;1419;452,868741587773;5029,71347539132;
138;fontaine-38;22243;3300;444,123805684141;5024,15372905909;
139;echirolles;35748;4548;448,435872811877;5018,59398272686;
140;grenoble;155637;8584;448,173166241447;5022,30789327679;
141;bourgoin-jallieu;26173;1073;410,817767642355;5069,56573710073;
142;saint-egreve;16006;1471;445,029539722747;5029,53556350869;
143;villefontaine;18374;1579;400,545650531127;5072,34561026684;
144;isle-d-abeau;15586;1710;407,026712484284;5072,34561026684;
145;vienne;29328;1294;379,183840863877;5061,22611760239;
146;dole;24629;641;416,309888991189;5237,28104495872;
147;lons-le-saunier;17681;2302;423,501305486037;5189,10028324363;
148;dax;20665;1048;-84,3862780464582;4861,07524964218;
149;mont-de-marsan;31225;846;-40,0720488725824;4879,60032442116;
150;romorantin-lanthenay;17027;375;131,335449660499;5266,06941146699;
151;vendome;16920;708;79,6716320721758;5315,11749360991;
152;blois;46492;1241;100,003662875364;5291,02155300603;
153;firminy;17133;1639;335,82540182401;5046,392714388;
154;montbrison;15299;936;315,086005988296;5070,48865499188;
155;saint-etienne;171260;2141;343,331246351778;5051,95246072023;
156;saint-chamond;35793;652;350,926359801886;5055,66637127016;
157;roanne;36806;2283;314,082649081629;5119,04747945756;
158;puy-en-velay;18521;1103;305,294150300873;5008,68651476283;
159;carquefou;17805;410;-113,111872116417;5259,52003028763;
160;saint-herblain;43153;1437;-124,618960298106;5250,25749289814;
161;bouguenais;18194;577;-122,178546683185;5246,54358234821;
162;saint-sebastien-sur-loire;25017;2145;-113,289963907369;5250,25749289814;
163;coueron;18591;422;-130,912595426373;5250,25749289814;
164;orvault;24504;885;-121,986475891164;5255,81723923036;
165;vertou;21443;600;-112,136530914604;5244,69774656591;
166;nantes;284970;4371;-117,066296037614;5250,25749289814;
167;reze;38425;2788;-118,362585880493;5248,40053762317;
168;guerande;15534;190;-183,376740375254;5263,22282134489;
169;baule-escoublac;16040;722;-178,465649587841;5259,52003028763;
170;chapelle-sur-erdre;17300;517;-116,882267853631;5259,52003028763;
171;saint-nazaire-44;67031;1432;-165,949806243748;5257,66307501266;
172;saint-jean-de-braye;19057;1391;146,611391300973;5326,23698627436;
173;fleury-les-aubrais;21171;2091;142,792059276494;5329,93977733163;
174;saran;15120;769;140,262907794945;5331,79673260659;
175;saint-jean-de-la-ruelle;16631;2726;139,111692912497;5328,09394154933;
176;orleans;114167;4154;141,595577436689;5328,09394154933;
177;olivet-45;19583;837;141,73235625332;5322,5341952171;
178;cahors;20194;312;113,807129294685;4940,75753407567;
179;agen;33981;2957;50,4872942990468;4914,8157576895;
180;villeneuve-sur-lot;23513;289;56,9361381428519;4937,05474301841;
181;marmande;18400;408;13,2183316654268;4948,17423568286;
182;cholet;54098;618;-66,903672816682;5233,57825390145;
183;angers;147571;3455;-41,3434109524476;5278,05622455928;
184;saumur;27283;411;-6,28792455815869;5255,81723923036;
185;equeurdreville-hainneville;17339;1351;24,8587370272208;5520,65019601971;
186;tourlaville;15910;925;-112,829094288148;5518,97115262738;
187;cherbourg-octeville;38433;2695;-118,789639459474;5520,82810790234;
188;saint-lo;18718;807;-78,844060235741;5461,5278535228;
189;reims;179992;3837;292,753501647595;5476,35013724452;
190;epernay;24035;1059;287,864837013104;5454,11115191561;
191;chalons-en-champagne;45299;1738;318,817097692109;5443,9145771423;
192;chaumont-52;23011;416;381,0751433339;5350,33292687824;
193;saint-dizier;25526;535;363,755874920561;5407,77622598282;
194;laval-53;50940;1488;-56,9692470777234;5344,77318054601;
195;nancy;105421;7023;455,16173084743;5413,33597231505;
196;luneville;19740;1208;477,974408299959;5404,07343492555;
197;vandoeuvre-les-nancy;30974;3274;454,237987108589;5409,63318125778;
198;toul;15693;513;433,137776129006;5413,33597231505;
199;verdun-55;18513;596;391,414750497225;5466,32035486118;
200;bar-le-duc;15898;673;378,548006578797;5424,4554649795;
201;lorient;57204;3272;-251,704967910071;5309,55774727768;
202;vannes;52515;1625;-205,929250313802;5300,29520988819;
203;lanester;22219;1209;-250,458655733629;5309,55774727768;
204;hennebont;15191;818;-245,238227128856;5315,11749360991;
205;ploemeur;17805;448;-256,771077592688;5307,70079200272;
206;yutz;16171;1157;448,200498578545;5488,45926475611;
207;forbach;21510;1318;501,502951952146;5468,93343563733;
208;metz;120738;2878;448,656055819788;5463,3736893051;
209;hayange;15604;1277;438,389212290488;5485,61267463401;
210;thionville;41015;822;446,53996894747;5489,32658518394;
211;saint-avold;16273;458;487,785840241739;5459,67089824783;
212;sarreguemines;21540;725;513,267190105113;5459,67089824783;
213;montigny-les-metz;22540;3364;447,743719027864;5459,67089824783;
214;nevers;36762;2121;240,21870179755;5224,3045970193;
215;roubaix;94713;7158;223,024577050441;5637,58278087913;
216;wattrelos;41541;3090;226,546014033936;5637,58278087913;
217;villeneuve-d-ascq;63572;2315;221,342642709053;5635,72582560416;
218;lille;227560;6533;216,28874626592;5630,16607927194;
219;mons-en-baroeul;21887;7599;219,147618647411;5631,13347513374;
220;sin-le-noble;16257;1409;221,059471815722;5600,5215118285;
221;loos;21592;3106;212,837427995593;5628,32024348964;
222;halluin;20199;1608;220,284269006888;5646,84531826862;
223;valenciennes;43335;3135;250,700555044145;5598,66455655353;
224;madeleine;22442;7902;216,211897877501;5632,0230345469;
225;hazebrouck;21598;824;178,355695197398;5639,43973615409;
226;maubeuge;31046;1647;281,842509665925;5591,24785494634;
227;tourcoing;91923;6051;221,771518069814;5639,43973615409;
228;coudekerque-branche;22474;2458;167,824797958003;5674,64404992976;
229;croix-59;20676;4656;222,008024349111;5633,87998982186;
230;ronchin;18120;3343;218,794319849227;5626,46328821467;
231;dunkerque;92005;2096;165,434486003949;5676,50100520472;
232;saint-amand-les-eaux;16697;493;243,177636926223;5607,92709394302;
233;douai;42197;2499;217,513066969913;5600,5215118285;
234;armentieres;25375;4040;203,141603670116;5635,72582560416;
235;wasquehal;20046;2922;222,008024349111;5633,87998982186;
236;lambersart;28504;4627;213,861301081877;5632,0230345469;
237;cambrai;32584;1792;230,29907045569;5578,28252649958;
238;marcq-en-baroeul;38947;2774;217,309206894078;5633,87998982186;
239;denain;20351;1766;240,142015290821;5596,80760127857;
240;hem;17369;1799;225,612169945903;5632,0230345469;
241;grande-synthe;20991;979;159,723601673987;5672,79821414746;
242;faches-thumesnil;17407;3767;216,518721371479;5624,60633293971;
243;compiegne;40517;763;204,957936409195;5494,88633151617;
244;nogent-sur-oise;18833;2524;178,979150562237;5478,20709251948;
245;senlis-60;16170;672;187,697152809014;5470,79039091229;
246;creil;33601;3029;180,187983786124;5478,20709251948;
247;beauvais;54711;1642;150,653322587758;5496,73216729847;
248;flers-61;15356;726;-41,5457065132576;5420,75267392224;
249;alencon;26704;2500;6,14804931821722;5385,53724065391;
250;lievin;31873;2484;196,027805888483;5606,08125816072;
251;henin-beaumont;26278;1268;207,836223274501;5606,08125816072;
252;arras;41611;3577;197,76303862647;5591,24785494634;
253;calais;73636;2198;128,429568184364;5665,38151254027;
254;boulogne-sur-mer;43070;5115;113,819479402516;5639,43973615409;
255;bethune;25655;2711;186,120583789009;5619,04658660748;
256;carvin;17152;815;209,902809104374;5613,48684027525;
257;bruay-la-buissiere;23408;1431;180,272811719344;5613,2533309293;
258;avion;17271;1324;200,821652786785;5604,22430288576;
259;lens;35032;2994;200,680532903093;5607,92709394302;
260;berck;15367;1032;112,873552616611;5605,15834026957;
261;cournon-d-auvergne;19244;1035;249,583866737632;5087,16789398856;
262;clermont-ferrand;139860;3277;239,095142088355;5090,87068504583;
263;chamalieres;17081;4530;237,803251480736;5090,87068504583;
264;riom;17941;561;241,174071820462;5103,84713298525;
265;hendaye;15370;1933;-143,503425715895;4821,22298793277;
266;pau;81166;2575;-29,6723943888001;4814,74032370939;
267;bayonne;44820;2067;-119,675444293594;4835,12235376334;
268;biarritz;25306;2170;-126,399336837687;4835,12235376334;
269;anglet;38032;1412;-123,709457099025;4835,12235376334;
270;tarbes;43034;2807;6,75108632012837;4807,3236221022;
271;perpignan;117419;1724;235,685557187639;4746,16641244769;
272;strasbourg;271782;3472;570,080950459963;5402,21647965059;
273;bischheim;17770;4029;569,704128609472;5405,93039020052;
274;schiltigheim;30952;4056;569,892563742258;5404,07343492555;
275;illkirch-graffenstaden;26805;1206;568,190552575567;5396,65673331836;
276;selestat;19197;432;551,43767713855;5367,01216587492;
277;haguenau;34280;187;569,884038185921;5428,16937552943;
278;lingolsheim;16441;2889;565,362383271205;5400,37064386829;
279;colmar;67615;1015;547,22359258159;5346,61901632831;
280;saint-louis-68;20127;1194;567,522455632985;5291,02155300603;
281;mulhouse;109588;4940;548,267454880924;5309,55774727768;
282;oullins;25152;5716;372,657780204937;5083,4651029313;
283;venissieux;59855;3904;379,35381797894;5079,75119238137;
284;villefranche-sur-saone;35326;3726;364,437266999972;5113,10967037474;
285;tassin-la-demi-lune;19511;2504;371,03114285698;5089,02484926353;
286;caluire-et-cuire;41209;3943;375,977928984639;5092,72764032079;
287;saint-fons;16666;2750;377,946742831359;5081,60814765633;
288;saint-genis-laval;20357;1575;372,880457863571;5079,75119238137;
289;lyon;484344;10117;375,587221302504;5088,1575288357;
290;saint-priest-69;41964;1412;383,180443311865;5080,68522976518;
291;vaulx-en-velin;41421;1977;382,552382430277;5090,87068504583;
292;villeurbanne;145150;9996;378,78789689354;5089,02484926353;
293;meyzieu;30272;1315;388,092523071322;5089,08044672685;
294;bron;38717;3758;381,602282960956;5085,3109387136;
295;rillieux-la-pape;29952;2068;379,578658984588;5095,10721175098;
296;ecully;17998;2129;369,738867634489;5089,02484926353;
297;decines-charpieu;25562;1502;385,367694979527;5087,16789398856;
298;givors;19118;1102;370,952586710312;5068,63169971691;
299;sainte-foy-les-lyon;21742;3183;372,547060960486;5085,3109387136;
300;vesoul;15761;1737;462,076405676224;5296,58129933826;
301;creusot;22783;1258;337,456945452402;5203,92256696535;
302;montceau-les-mines;19372;1165;333,205485698507;5189,10028324363;
303;macon;34040;1258;371,309069186521;5148,32510364307;
304;chalon-sur-saone;44985;2955;369,287671102174;5202,06561169038;
305;le-mans;142626;2700;14,8807857379405;5337,35647893882;
306;fleche;15087;203;-6,23627314402342;5303,99800094545;
307;aix-les-bains;27750;2198;459,489991083845;5081,60814765633;
308;albertville;18876;1076;495,878961061305;5079,75119238137;
309;chambery;57342;2731;461,881106953234;5066,78586393461;
310;seynod;18842;982;470,881640198302;5101,99017771028;
311;annecy;50379;3690;473,319988924738;5103,84713298525;
312;thonon-les-bains;33925;2092;497,459310089399;5155,74180525026;
313;annecy-le-vieux;19968;1173;475,755971912372;5105,70408826021;
314;cran-gevrier;17227;3588;472,030031445362;5103,84713298525;
315;sallanches;15531;235;512,992222198868;5107,54992404251;
316;annemasse;32196;6465;481,017559037825;5137,20561097861;
317;cluses-74;17408;1664;509,185503198013;5122,38332725689;
318;paris;2243833;21288;171,508878765001;5432,98411585314;
319;petit-quevilly;21898;5034;74,7239265164944;5496,73216729847;
320;grand-quevilly;24930;2243;74,7492118566187;5494,88633151617;
321;elbeuf;17178;1052;72,5346022199811;5480,05292830178;
322;bois-guillaume;21270;2403;81,8994779703686;5500,44607784839;
323;saint-etienne-du-rouvray;28102;1539;79,6261358722974;5491,17242096624;
324;rouen;110933;5188;78,3396120436975;5496,73216729847;
325;mont-saint-aignan;19341;2435;78,2862550798439;5500,44607784839;
326;dieppe;31963;2738;77,5380815188844;5552,32963062074;
327;montivilliers;16611;870;14,4283027888021;5509,70861523789;
328;sotteville-les-rouen;28835;3875;79,5719983376855;5494,88633151617;
329;fecamp;19207;1274;26,3434504057891;5531,9476005668;
330;havre;175497;3737;9,62868634069418;5504,14886890566;
331;moissy-cramayel;17272;1209;191,12654637221;5405,93039020052;
332;lagny-sur-marne;20236;3537;198,712130050578;5433,72912186166;
333;champs-sur-marne;24418;3322;190,241706402171;5431,87216658669;
334;chelles-77;52779;3319;190,11515147537;5435,57495764396;
335;torcy-77;22425;3737;193,900200756059;5431,87216658669;
336;dammarie-les-lys;20722;2023;194,047649743613;5394,65522463876;
337;roissy-en-brie;22321;1635;194,093754428518;5426,31242025447;
338;fontainebleau;15107;87;199,328111585817;5381,83444959664;
339;meaux;50755;3394;209,334683020657;5442,99165925115;
340;brie-comte-robert;16251;815;192,098071976862;5413,33597231505;
341;montereau-fault-yonne;16681;1833;217,855905527589;5379,97749432168;
342;combs-la-ville;21554;1488;188,48950927765;5411,49013653275;
343;pontault-combault;35561;2607;190,824417565799;5426,13450837184;
344;ozoir-la-ferriere;20268;1300;195,444349141634;5422,6096291972;
345;noisiel;15660;3600;192,680458738472;5431,87216658669;
346;bussy-saint-georges;23341;1743;197,558695109946;5431,87216658669;
347;melun;39589;4924;196,351107516155;5396,65673331836;
348;savigny-le-temple;28599;2389;190,089141762231;5400,37064386829;
349;mee-sur-seine;20609;3859;193,89623086303;5396,65673331836;
350;mitry-mory;18499;617;190,951212295882;5446,69445030841;
351;villeparisis;24122;2909;191,142719970277;5441,13470397619;
352;rambouillet;26159;743;134,679554367273;5409,63318125778;
353;montesson;15193;2064;157,105587227263;5439,28886819389;
354;vesinet;16249;3249;154,72178721799;5437,43191291892;
355;maisons-laffitte;22817;3380;157,000829706388;5442,99165925115;
356;maurepas-78;18679;2245;140,475694656367;5422,6096291972;
357;houilles;31557;7123;160,759205534874;5439,28886819389;
358;mureaux;30859;2573;139,821911407393;5448,55140558338;
359;sartrouville;51150;6046;159,434707685046;5442,99165925115;
360;acheres-78;19626;2079;150,865250591976;5444,84861452611;
361;carrieres-sous-poissy;15234;2118;148,481161426461;5442,99165925115;
362;poissy;37680;2837;149,748564373447;5441,13470397619;
363;marly-le-roi;16614;2540;152,386172004061;5433,72912186166;
364;carrieres-sur-seine;15473;3082;159,541089191116;5439,28886819389;
365;verneuil-sur-seine;15178;1609;144,733293798145;5446,69445030841;
366;plaisir;30958;1657;142,776147800819;5428,16937552943;
367;mantes-la-ville;19234;3173;125,315531620301;5444,84861452611;
368;saint-cyr-l-ecole;17401;3473;151,368958288598;5426,31242025447;
369;versailles;86110;3289;156,251331749053;5426,31242025447;
370;guyancourt;27966;2151;151,469425553421;5422,6096291972;
371;chatou;30173;5939;157,21060602771;5435,57495764396;
372;trappes;29380;2181;146,534617685587;5424,4554649795;
373;chesnay;28975;6833;155,563628915583;5429,09229342058;
374;conflans-sainte-honorine;35380;3573;153,247274521186;5446,69445030841;
375;mantes-la-jolie;42969;4580;125,273808929659;5446,69445030841;
376;saint-germain-en-laye;40481;838;152,284740164908;5437,43191291892;
377;clayes-sous-bois;17553;2872;145,216521650153;5428,16937552943;
378;pecq;16496;5808;153,503263691449;5437,43191291892;
379;montigny-le-bretonneux;33337;2861;149,025885632702;5422,6096291972;
380;elancourt;26829;3152;142,871252243448;5424,4554649795;
381;viroflay;15905;4557;158,693250908542;5426,31242025447;
382;limay;16302;1420;126,489570640861;5446,69445030841;
383;celle-saint-cloud;20971;3603;157,31525721718;5431,87216658669;
384;velizy-villacoublay;20089;2249;159,913478059025;5426,31242025447;
385;niort;57325;840;-35,8396449880122;5150,18205891803;
386;bressuire;18615;103;-36,7562180529484;5209,48231329758;
387;abbeville;24155;914;130,763994249122;5570,86582489239;
388;amiens;133448;2698;164,733543451092;5548,62683956348;
389;albi;48916;1105;172,165125941255;4885,16007075339;
390;castres-81;42314;431;181,179533273834;4848,09880170276;
391;montauban;56271;416;107,951965741058;4894,43372763555;
392;garde-83;25930;1668;487,801706777435;4795,25897256127;
393;sanary-sur-mer;16429;854;470,775516193894;4794,35829365545;
394;hyeres;54600;412;496,479047696156;4794,35829365545;
395;valette-du-var;20754;1338;485,524312735533;4796,20412943775;
396;six-fours-les-plages;34897;1312;474,158038492951;4791,76745186463;
397;draguignan;36391;677;521,300584037431;4840,68210009557;
398;frejus;51839;506;543,915281175767;4829,6293243871;
399;crau;16786;443;492,152584458381;4798,06108471271;
400;toulon;164532;3840;481,597671292882;4794,35829365545;
401;brignoles;16368;232;490,134867229891;4825,85981637385;
402;saint-raphael-83;33603;375;546,538152521586;4827,71677164881;
403;seyne-sur-mer;62082;2800;477,669567665137;4792,50133838048;
404;pontet-84;16731;1553;388,154306332163;4888,87398130332;
405;cavaillon;24951;542;404,080258324124;4874,50759678084;
406;sorgues;18046;540;389,270023434805;4892,57677236058;
407;isle-sur-la-sorgue;19048;427;404,500714883208;4883,31423497109;
408;carpentras;29278;772;403,59347044149;4898,13651869281;
409;orange;29135;392;383,073664942573;4907,3990560823;
410;avignon;89683;1381;385,595206119002;4887,01702602836;
411;pertuis-84;18931;285;442,269667556063;4857,36133909225;
412;challans;18686;288;-143,222350109881;5209,48231329758;
413;roche-sur-yon;52664;601;-109,372455169784;5189,10028324363;
414;herbiers;15229;171;-77,2910676397539;5211,33926857254;
415;poitiers;87697;2082;25,4747046552151;5179,82662636147;
416;chatellerault;32459;625;40,5963294158039;5203,92256696535;
417;limoges;139150;1783;96,8145336387092;5098,28738665302;
418;epinal;32842;554;478,197755195284;5357,73850899277;
419;saint-die-des-vosges;21447;464;514,261329340785;5368,85800165722;
420;sens;24883;1135;243,394629785506;5359,38419390711;
421;auxerre;36200;724;266,4014362107;5315,11749360991;
422;belfort;50078;2928;514,528293643856;5296,58129933826;
423;brunoy;25377;3833;183,472092635507;5415,19292759001;
424;evry-91;52135;6258;180,040786576843;5407,77622598282;
425;draveil;28491;1808;177,415435497913;5413,33597231505;
426;grigny-91;26638;5469;175,083494139164;5409,63318125778;
427;ris-orangis;27463;3153;177,532707506427;5409,63318125778;
428;palaiseau;30285;2631;165,070092327589;5417,04988286497;
429;verrieres-le-buisson;15418;1555;166,182972684849;5420,75267392224;
430;saint-michel-sur-orge;20046;3789;169,01788127622;5407,77622598282;
431;vigneux-sur-seine;27331;3116;177,35660084378;5415,19292759001;
432;viry-chatillon;32045;5279;175,02550080326;5411,49013653275;
433;etampes;23158;565;158,620306891232;5385,53724065391;
434;corbeil-essonnes;43086;3913;182,610490363621;5404,07343492555;
435;orsay;15966;2003;160,232049605553;5415,19292759001;
436;massy-91;42258;4481;167,460046792762;5418,89571864727;
437;yerres;29050;2952;183,411213697321;5417,04988286497;
438;gif-sur-yvette;20654;1780;156,614544398185;5413,33597231505;
439;chilly-mazarin;18484;3318;168,794325224666;5415,19292759001;
440;ulis;24792;4786;159,126232203638;5413,2247773884;
441;athis-mons;30393;3550;176,074765149428;5417,04988286497;
442;morsang-sur-orge;20944;4770;172,577833068715;5411,49013653275;
443;montgeron;22880;2039;179,802650782797;5415,19292759001;
444;bretigny-sur-orge;23334;1602;170,298898532349;5405,93039020052;
445;sainte-genevieve-des-bois-91;34195;3688;171,467170834019;5407,77622598282;
446;savigny-sur-orge;36842;5285;172,577833068715;5411,49013653275;
447;longjumeau;21361;4413;168,794325224666;5415,19292759001;
448;neuilly-sur-seine;61754;16556;165,741657844106;5435,57495764396;
449;chatillon-92;32619;11170;167,237770678969;5426,31242025447;
450;bois-colombes;29284;15252;165,630940186242;5439,28886819389;
451;puteaux;44753;14029;163,357993943268;5433,72912186166;
452;clamart;52546;5991;166,017543528486;5426,31242025447;
453;meudon;45058;4551;164,159299910417;5427,23533814562;
454;issy-les-moulineaux;64355;15142;165,962262018298;5428,16937552943;
455;rueil-malmaison;79426;5403;160,866666633005;5435,57495764396;
456;antony;61793;6463;168,626591949933;5420,75267392224;
457;plessis-robinson;27727;8083;166,072810934695;5424,4554649795;
458;levallois-perret;64253;26660;166,904098611712;5437,43191291892;
459;boulogne-billancourt;114205;18509;164,687148775507;5430,01521131173;
460;asnieres-sur-seine;82327;17080;167,029664978495;5438,67729609734;
461;colombes;85398;10934;164,412823842484;5439,28886819389;
462;fontenay-aux-roses;23351;9303;167,293444300016;5424,4554649795;
463;garches;18169;6754;159,780489750193;5430,94924869554;
464;villeneuve-la-garenne;25183;7869;170,445276931461;5441,13470397619;
465;courbevoie;87469;20975;164,638950394837;5437,13168661698;
466;montrouge;48597;23476;169,623188884986;5428,16937552943;
467;chatenay-malabry;32111;5033;166,127733416158;5422,6096291972;
468;clichy;58916;19128;168,122622138253;5437,43191291892;
469;vanves;27002;17308;168,346863192741;5430,01521131173;
470;suresnes;46723;12327;163,357993943268;5433,72912186166;
471;sevres;22978;5876;161,080782134257;5428,16937552943;
472;sceaux-92;19638;5455;167,293444300016;5424,4554649795;
473;chaville;18668;5258;161,134437638769;5426,31242025447;
474;garenne-colombes;27628;15521;164,467782526552;5437,43191291892;
475;gennevilliers;41364;3553;168,010584418989;5441,13470397619;
476;nanterre;89185;7316;160,812942914851;5437,43191291892;
477;saint-cloud;29873;3951;162,22037814465;5430,94924869554;
478;malakoff;30982;14967;168,402635867632;5428,16937552943;
479;bagneux-92;38080;9088;168,458730258714;5426,31242025447;
480;bourg-la-reine;19985;10744;169,764245160598;5423,53254708835;
481;bagnolet;33883;13184;176,768486172164;5433,72912186166;
482;courneuve;38007;5054;174,155562421559;5439,28886819389;
483;pavillons-sous-bois;21746;7447;183,960504111599;5437,43191291892;
484;sevran;49832;6845;185,054892967895;5441,13470397619;
485;villemomble;28006;6932;182,803030264779;5435,57495764396;
486;montreuil-93;102770;11521;177,987089862211;5433,72912186166;
487;livry-gargan;41808;5665;186,334533688149;5439,28886819389;
488;aulnay-sous-bois;82120;5069;183,776408417291;5442,99165925115;
489;saint-denis-93;106785;8639;172,271478936015;5441,13470397619;
490;lilas;22228;17641;177,928039053677;5435,57495764396;
491;clichy-sous-bois;29750;7531;186,334533688149;5439,28886819389;
492;noisy-le-grand;62964;4862;187,802954065869;5431,87216658669;
493;romainville;25771;7491;177,928039053677;5435,57495764396;
494;aubervilliers;76087;13209;174,155562421559;5439,28886819389;
495;noisy-le-sec;39733;7883;180,365900265289;5435,57495764396;
496;villepinte-93;35658;3438;184,931055892895;5444,84861452611;
497;bobigny;47492;7015;179,087140973357;5437,43191291892;
498;pierrefitte-sur-seine;27883;8176;172,765009710554;5444,84861452611;
499;tremblay-en-france;34493;1537;188,114000747483;5443,68106779635;
500;montfermeil;25269;4636;187,6153437233;5437,43191291892;
501;pre-saint-gervais;18045;25778;175,490909054187;5435,57495764396;
502;stains;33829;6276;174,039436029826;5442,99165925115;
503;pantin;54136;10805;175,432301361656;5437,43191291892;
504;neuilly-plaisance;20508;5996;184,083034131635;5433,72912186166;
505;rosny-sous-bois;41050;6945;181,644363841947;5433,72912186166;
506;saint-ouen-93;47189;10948;170,558938223413;5437,43191291892;
507;bondy;53530;9786;180,305664499898;5437,43191291892;
508;epinay-sur-seine;54518;11929;168,562662900533;5442,99165925115;
509;neuilly-sur-marne;33498;4883;185,363470030697;5431,87216658669;
510;drancy;66410;8557;178,967796446314;5441,13470397619;
511;blanc-mesnil;51438;6389;178,967796446314;5441,13470397619;
512;gagny;39056;5718;185,240160264269;5435,57495764396;
513;fontenay-sous-bois;53145;9524;181,704975676809;5431,87216658669;
514;haÿ-les-roses;30201;7743;170,956809742156;5424,4554649795;
515;limeil-brevannes;19901;2871;182,128101501697;5418,89571864727;
516;alfortville;44201;12043;177,003982458402;5426,31242025447;
517;plessis-trevise;19194;4443;187,927823218424;5428,16937552943;
518;choisy-le-roi;40905;7533;177,121464313212;5422,6096291972;
519;saint-mande;22396;24343;176,886440813913;5430,01521131173;
520;fresnes-94;26248;7373;169,848768162022;5420,75267392224;
521;villiers-sur-marne;27338;6313;186,645435278908;5430,01521131173;
522;kremlin-bicetre;26046;16912;173,284115751674;5428,16937552943;
523;boissy-saint-leger;16705;1868;184,511950070712;5420,75267392224;
524;arcueil;19775;8487;170,899916988941;5426,31242025447;
525;perreux-sur-marne;32520;8212;182,924717694395;5431,87216658669;
526;nogent-sur-marne;31637;11298;181,765572074969;5430,01521131173;
527;cachan;28248;10309;170,956809742156;5424,4554649795;
528;saint-maur-des-fosses;74816;6650;183,107315498602;5426,31242025447;
529;thiais;29653;4611;174,677924392493;5422,6096291972;
530;sucy-en-brie;25820;2475;185,671655289546;5422,6096291972;
531;vincennes;48471;25377;178,046481322921;5431,87216658669;
532;charenton-le-pont;29348;15863;176,945042618361;5428,16937552943;
533;bry-sur-marne;15625;4664;184,20586964838;5430,01521131173;
534;bonneuil-sur-marne;16513;2996;182,007078323862;5422,6096291972;
535;joinville-le-pont;17802;7740;180,605969485049;5428,16937552943;
536;gentilly;17097;14488;170,843009716966;5428,16937552943;
537;villejuif;55490;10391;173,34183614843;5426,31242025447;
538;vitry-sur-seine;85413;7319;175,841541222705;5424,4554649795;
539;chevilly-larue;18498;4383;172,235117387168;5422,6096291972;
540;chennevieres-sur-marne;18049;3424;184,328275078346;5426,31242025447;
541;champigny-sur-marne;75510;6682;184,266896351736;5428,16937552943;
542;ivry-sur-seine;57732;9464;174,503936583654;5428,16937552943;
543;maisons-alfort;52943;9895;178,224209608885;5426,31242025447;
544;orly;21395;3198;175,958182904277;5420,75267392224;
545;villeneuve-le-roi;18479;2199;177,239238867209;5418,89571864727;
546;villeneuve-saint-georges;32239;3684;179,683670184453;5418,89571864727;
547;creteil;89985;7852;180,726272703254;5424,4554649795;
548;osny;16236;1296;150,562473308222;5455,96810719057;
549;cergy;56988;4891;150,663651977431;5452,25419664064;
550;jouy-le-moutier;16589;2407;148,282567418566;5450,40836085834;
551;montmorency;21194;3946;170,217439905781;5448,55140558338;
552;pontoise;29548;4132;153,042065247473;5454,11115191561;
553;vaureal;16180;4676;148,233110983016;5452,25419664064;
554;herblay;26016;2042;158,059520308168;5448,55140558338;
555;ermont;27446;6597;165,409999875684;5446,69445030841;
556;goussainville-95;30996;2690;179,884308289532;5450,40836085834;
557;franconville-95;33097;5346;162,977016955429;5446,69445030841;
558;gonesse;26356;1311;178,788486941383;5446,69445030841;
559;deuil-la-barre;21509;5720;170,274506218342;5446,69445030841;
560;bezons;27987;6727;161,923487897409;5441,13470397619;
561;saint-gratien-95;20156;8328;166,681256627413;5444,84861452611;
562;taverny;26144;2494;161,598899402813;5452,25419664064;
563;cormeilles-en-parisis;23038;2716;160,544763784099;5446,69445030841;
564;sannois;26090;5458;164,248193389339;5444,84861452611;
565;saint-ouen-l-aumone;23608;1933;154,256927736842;5454,11115191561;
566;garges-les-gonesse;40012;7314;176,414969563651;5444,84861452611;
567;montigny-les-cormeilles;19041;4678;159,328272323972;5446,69445030841;
568;eaubonne;24062;5443;166,569918125626;5448,55140558338;
569;argenteuil;103125;5988;164,303193878778;5442,99165925115;
570;villiers-le-bel;26736;3662;173,864961685936;5448,55140558338;
571;eragny;16886;3577;153,144541997113;5450,40836085834;
572;sarcelles;58614;6936;173,864961685936;5448,55140558338;
573;soisy-sous-montmorency;17428;4378;167,842253047013;5446,69445030841;
