241
375



1 121 322
1 123 544
2 93 674
2 95 511
3 83 183
3 103 855
4 58 233
4 59 944
5 8 1209
5 9 1255
6 8 1887
6 9 2075
7 8 1933
7 9 1879
8 9 1108
8 159 659
9 10 9696
10 18 12121
10 158 3782
11 74 1402
11 89 208
12 74 915
12 75 414
12 167 402
13 49 523
13 152 616
14 49 1616
14 108 1378
15 17 1008
15 19 866
15 21 1131
15 24 716
16 18 54224
16 22 2698
16 158 4518
17 22 733
18 20 21688
18 24 15196
18 41 10423
18 51 13230
18 59 3044
18 130 4222
18 158 36529
19 41 3124
19 161 1807
20 23 889
21 22 889
21 24 928
22 24 739
23 155 585
25 73 349
25 133 5098
26 29 133
26 149 279
26 165 678
27 149 1009
27 162 845
28 54 642
28 61 295
28 83 519
29 165 910
30 32 2546
30 103 436
30 109 725
30 120 734
30 124 1433
31 52 1012
31 53 464
32 128 330
32 168 930
33 34 1142
33 58 299
34 35 717
35 161 544
36 38 581
36 131 1604
36 146 699
37 38 471
37 142 305
38 146 473
39 40 2297
39 79 762
40 52 669
40 66 638
41 42 1933
41 51 10999
41 161 4369
42 161 726
43 44 9441
43 153 596
44 51 2913
44 70 1596
44 152 3461
44 153 7068
44 165 976
45 66 903
45 165 1010
46 47 1468
46 48 1668
47 48 2377
49 50 1131
49 108 1167
50 51 4917
52 53 1726
52 66 5874
52 72 2487
52 76 1857
52 80 1154
53 73 130
54 164 173
55 56 3004
55 61 1534
55 125 2761
55 163 1267
55 164 810
55 165 599
56 61 384
57 58 795
57 59 3487
58 59 3448
59 120 2265
59 126 2561
60 104 470
60 107 163
61 69 1232
62 63 3676
62 103 1851
62 117 22744
62 120 6386
63 114 762
64 115 339
64 123 240
65 66 7435
65 67 1011
65 68 923
66 67 6822
66 72 5687
66 125 1610
67 68 706
67 71 507
67 162 426
68 79 358
69 175 483
70 107 105
70 153 394
71 72 2051
71 76 212
72 125 2787
72 165 399
74 75 2624
74 109 594
74 130 23764
74 150 1096
77 78 2023
77 81 3334
78 81 902
78 82 174
78 166 228
79 80 859
81 82 2251
83 167 138
84 85 2441
84 86 3749
84 90 5425
84 94 2244
85 90 2350
86 90 3622
86 94 1529
87 92 4045
87 94 5490
87 98 2938
87 130 12457
87 150 3033
88 89 539
88 92 712
88 93 606
89 93 249
91 100 2335
91 101 771
92 93 630
92 102 776
93 99 507
95 96 571
95 237 324
96 97 691
96 237 457
96 241 818
97 236 939
98 99 735
98 100 265
98 101 158
98 102 687
99 102 784
100 101 1333
103 117 3565
103 120 1022
103 165 944
104 105 393
104 106 310
104 107 1245
105 106 1055
109 110 5246
109 111 4243
110 111 502
112 113 2647
112 166 376
112 168 716
113 166 446
113 168 2002
114 118 1555
114 122 1418
115 116 697
115 117 7574
115 123 441
116 117 12318
116 119 1038
117 120 43647
118 122 1001
119 120 3718
119 121 768
119 122 984
120 122 3467
121 122 709
121 129 84
123 124 371
126 127 992
127 128 383
127 129 618
128 129 509
130 133 12525
130 150 21486
131 132 825
132 133 720
133 150 892
134 135 1353
134 205 2053
134 220 1270
135 210 874
136 205 1365
136 231 1632
137 171 577
137 172 936
138 140 999
138 189 1705
138 195 1755
139 145 617
139 146 738
139 236 1021
140 236 1666
140 240 3250
141 146 750
141 147 942
141 236 1252
142 144 508
142 148 619
143 148 1727
143 181 2337
143 186 5855
144 147 751
144 183 1486
144 195 1665
145 147 852
145 236 1232
147 148 745
149 163 884
151 152 722
151 153 520
154 158 4984
154 160 1764
155 158 3462
155 160 1344
156 157 873
156 159 530
157 159 1082
158 160 6312
163 164 1231
166 168 271
169 172 1387
169 176 1153
170 173 795
170 184 1151
171 172 810
171 176 735
171 234 618
173 184 1627
173 191 840
174 175 611
174 176 682
174 234 606
175 176 780
177 189 3368
177 193 1793
178 180 1070
178 197 776
179 183 2209
179 193 1307
180 182 2109
181 182 1808
181 186 3200
182 186 4579
183 193 2306
183 195 4418
184 191 1233
184 222 1153
185 187 3303
185 189 3501
185 192 2364
186 193 3304
187 192 3026
187 214 2408
188 189 4655
188 240 5459
189 195 4832
190 196 940
190 197 1153
191 197 755
192 194 1511
192 214 1731
194 216 1406
196 197 736
198 201 2174
198 228 1023
199 206 1807
199 212 1282
200 202 1298
200 203 2550
201 228 3107
202 220 1011
203 208 1825
203 210 1750
204 206 5057
204 211 2249
204 216 3601
205 217 1313
205 220 1518
206 212 2566
207 215 1326
207 221 1307
208 210 763
209 212 1594
209 215 1587
211 239 841
213 220 992
213 221 1361
213 225 832
215 218 2201
215 219 1705
216 238 1098
217 220 811
217 221 1104
217 225 678
218 219 2135
218 237 1224
221 225 1079
221 226 1049
221 228 1597
222 229 1042
223 230 2353
223 232 1586
223 233 1461
224 230 2177
224 233 1341
224 234 814
225 226 641
225 231 1520
227 231 3520
227 235 4184
229 230 2945
229 232 1996
230 232 3053
230 233 2811
233 235 2960
237 241 1109
238 240 2113
239 241 1448



40088 0 1680 bourg-en-bresse
55978 0 2481 saint-quentin
38402 0 1857 montlucon
39744 0 359 gap
51036 0 1148 grasse
74120 0 2799 antibes
73234 0 3732 cannes
42320 0 5488 cannet-06
47141 0 2626 cagnes-sur-mer
343304 0 4773 nice
49810 0 1584 charleville-mezieres
60280 0 4566 troyes
47419 0 728 carcassonne
51039 0 295 narbonne
42544 0 374 istres
141438 0 760 aix-en-provence
43152 0 613 salon-de-provence
850726 0 3535 marseille
52661 0 69 arles
46423 0 845 aubagne
47544 0 665 martigues
35021 0 957 vitrolles-13
33829 0 1075 ciotat
34485 0 1488 marignane
108954 0 4239 caen
41613 0 1904 angouleme
75170 0 2644 rochelle-17
66381 0 965 bourges
48949 0 1007 brive-la-gaillarde
151212 0 3741 dijon
46209 0 2111 saint-brieuc
116914 0 1797 besancon
33536 0 1013 romans-sur-isere
63405 0 1728 valence-26
35314 0 754 montelimar
50537 0 1909 evreux
38931 0 2310 chartres
31031 0 1278 dreux
63550 0 752 quimper
141303 0 2854 brest
142205 0 878 nîmes
41205 0 1779 ales
35186 0 1689 colomiers
441802 0 3734 toulouse
239157 0 4845 bordeaux
40600 0 4862 talence
58025 0 1494 pessac
66142 0 1373 merignac-33
70955 0 743 beziers
42774 0 1766 sete
257351 0 4524 montpellier
207178 0 4111 rennes
46342 0 1266 saint-malo
46140 0 1806 chateauroux
134817 0 3888 tours
35976 0 1110 joue-les-tours
36177 0 3906 saint-martin-d-heres
35748 0 4548 echirolles
155637 0 8584 grenoble
31225 0 846 mont-de-marsan
46492 0 1241 blois
171260 0 2141 saint-etienne
35793 0 652 saint-chamond
36806 0 2283 roanne
43153 0 1437 saint-herblain
284970 0 4371 nantes
38425 0 2788 reze
67031 0 1432 saint-nazaire-44
114167 0 4154 orleans
33981 0 2957 agen
54098 0 618 cholet
147571 0 3455 angers
38433 0 2695 cherbourg-octeville
179992 0 3837 reims
45299 0 1738 chalons-en-champagne
50940 0 1488 laval-53
105421 0 7023 nancy
30974 0 3274 vandoeuvre-les-nancy
57204 0 3272 lorient
52515 0 1625 vannes
120738 0 2878 metz
41015 0 822 thionville
36762 0 2121 nevers
94713 0 7158 roubaix
41541 0 3090 wattrelos
63572 0 2315 villeneuve-d-ascq
227560 0 6533 lille
43335 0 3135 valenciennes
31046 0 1647 maubeuge
91923 0 6051 tourcoing
92005 0 2096 dunkerque
42197 0 2499 douai
32584 0 1792 cambrai
38947 0 2774 marcq-en-baroeul
40517 0 763 compiegne
33601 0 3029 creil
54711 0 1642 beauvais
31873 0 2484 lievin
41611 0 3577 arras
73636 0 2198 calais
43070 0 5115 boulogne-sur-mer
35032 0 2994 lens
139860 0 3277 clermont-ferrand
81166 0 2575 pau
44820 0 2067 bayonne
38032 0 1412 anglet
43034 0 2807 tarbes
117419 0 1724 perpignan
271782 0 3472 strasbourg
30952 0 4056 schiltigheim
34280 0 187 haguenau
67615 0 1015 colmar
109588 0 4940 mulhouse
59855 0 3904 venissieux
35326 0 3726 villefranche-sur-saone
41209 0 3943 caluire-et-cuire
484344 0 10117 lyon
41964 0 1412 saint-priest-69
41421 0 1977 vaulx-en-velin
145150 0 9996 villeurbanne
30272 0 1315 meyzieu
38717 0 3758 bron
34040 0 1258 macon
44985 0 2955 chalon-sur-saone
142626 0 2700 le-mans
57342 0 2731 chambery
50379 0 3690 annecy
33925 0 2092 thonon-les-bains
32196 0 6465 annemasse
2243833 0 21288 paris
110933 0 5188 rouen
31963 0 2738 dieppe
175497 0 3737 havre
52779 0 3319 chelles-77
50755 0 3394 meaux
35561 0 2607 pontault-combault
39589 0 4924 melun
31557 0 7123 houilles
30859 0 2573 mureaux
51150 0 6046 sartrouville
37680 0 2837 poissy
30958 0 1657 plaisir
86110 0 3289 versailles
30173 0 5939 chatou
35380 0 3573 conflans-sainte-honorine
42969 0 4580 mantes-la-jolie
40481 0 838 saint-germain-en-laye
33337 0 2861 montigny-le-bretonneux
57325 0 840 niort
133448 0 2698 amiens
48916 0 1105 albi
42314 0 431 castres-81
56271 0 416 montauban
54600 0 412 hyeres
34897 0 1312 six-fours-les-plages
36391 0 677 draguignan
51839 0 506 frejus
164532 0 3840 toulon
33603 0 375 saint-raphael-83
62082 0 2800 seyne-sur-mer
89683 0 1381 avignon
52664 0 601 roche-sur-yon
87697 0 2082 poitiers
32459 0 625 chatellerault
139150 0 1783 limoges
32842 0 554 epinal
36200 0 724 auxerre
50078 0 2928 belfort
52135 0 6258 evry-91
30285 0 2631 palaiseau
32045 0 5279 viry-chatillon
43086 0 3913 corbeil-essonnes
42258 0 4481 massy-91
30393 0 3550 athis-mons
34195 0 3688 sainte-genevieve-des-bois-91
36842 0 5285 savigny-sur-orge
61754 0 16556 neuilly-sur-seine
32619 0 11170 chatillon-92
44753 0 14029 puteaux
52546 0 5991 clamart
45058 0 4551 meudon
64355 0 15142 issy-les-moulineaux
79426 0 5403 rueil-malmaison
61793 0 6463 antony
64253 0 26660 levallois-perret
114205 0 18509 boulogne-billancourt
82327 0 17080 asnieres-sur-seine
85398 0 10934 colombes
87469 0 20975 courbevoie
48597 0 23476 montrouge
32111 0 5033 chatenay-malabry
58916 0 19128 clichy
46723 0 12327 suresnes
41364 0 3553 gennevilliers
89185 0 7316 nanterre
30982 0 14967 malakoff
38080 0 9088 bagneux-92
33883 0 13184 bagnolet
38007 0 5054 courneuve
49832 0 6845 sevran
102770 0 11521 montreuil-93
41808 0 5665 livry-gargan
82120 0 5069 aulnay-sous-bois
106785 0 8639 saint-denis-93
62964 0 4862 noisy-le-grand
76087 0 13209 aubervilliers
39733 0 7883 noisy-le-sec
35658 0 3438 villepinte-93
47492 0 7015 bobigny
34493 0 1537 tremblay-en-france
33829 0 6276 stains
54136 0 10805 pantin
41050 0 6945 rosny-sous-bois
47189 0 10948 saint-ouen-93
53530 0 9786 bondy
54518 0 11929 epinay-sur-seine
33498 0 4883 neuilly-sur-marne
66410 0 8557 drancy
51438 0 6389 blanc-mesnil
39056 0 5718 gagny
53145 0 9524 fontenay-sous-bois
30201 0 7743 haÿ-les-roses
44201 0 12043 alfortville
40905 0 7533 choisy-le-roi
32520 0 8212 perreux-sur-marne
31637 0 11298 nogent-sur-marne
74816 0 6650 saint-maur-des-fosses
48471 0 25377 vincennes
55490 0 10391 villejuif
85413 0 7319 vitry-sur-seine
75510 0 6682 champigny-sur-marne
57732 0 9464 ivry-sur-seine
52943 0 9895 maisons-alfort
32239 0 3684 villeneuve-saint-georges
89985 0 7852 creteil
56988 0 4891 cergy
30996 0 2690 goussainville-95
33097 0 5346 franconville-95
40012 0 7314 garges-les-gonesse
103125 0 5988 argenteuil
58614 0 6936 sarcelles
