113
174



1 36 1180
1 69 1238
2 4 2043
2 5 7851
3 4 3252
3 5 13851
3 72 1482
4 5 11891
4 72 1758
5 9 12121
5 26 1208
6 36 915
6 65 214
7 25 1616
7 51 1378
8 9 54224
8 74 1751
9 21 3637
9 26 13230
9 56 5248
9 61 4222
9 73 36529
9 74 14697
10 20 3124
10 75 1807
11 37 330
11 63 5098
12 68 1009
12 76 845
13 33 698
13 49 380
14 15 2546
14 79 376
15 54 1041
15 79 930
16 29 1754
16 30 1837
17 62 1604
17 111 521
18 19 2297
18 39 762
19 39 668
20 75 4369
21 22 2373
21 26 2913
21 50 1597
21 70 7068
22 23 8522
22 24 9725
22 31 903
23 24 2377
25 26 4102
25 51 1167
26 56 2023
27 31 5874
27 37 1857
27 40 1154
27 61 4872
28 58 2761
28 77 1267
28 78 599
29 59 2561
29 60 967
30 49 1851
30 55 3013
30 56 22744
31 32 5123
31 34 3819
31 61 5481
32 39 358
32 40 767
33 80 690
33 85 704
34 35 2051
34 76 580
34 77 395
35 37 1311
35 58 2787
36 44 1379
36 52 594
36 61 23764
37 58 1170
38 41 3334
38 53 529
39 40 859
41 52 1741
42 43 3749
42 44 12724
42 45 5425
43 45 3622
44 46 3629
44 48 1730
44 61 12457
44 69 3033
46 48 2335
47 69 1771
47 111 939
47 113 783
49 56 3565
50 70 179
52 54 3045
52 56 965
52 79 924
53 54 2647
53 79 716
54 79 2002
55 56 17260
55 57 5168
55 59 438
56 57 43647
57 60 741
59 60 992
61 93 140561
62 63 3351
64 65 1353
64 96 2053
64 103 1670
65 96 1506
66 90 2698
66 111 1666
66 112 3250
67 83 3276
67 87 5855
68 77 884
71 73 4984
71 74 1764
73 74 6312
77 78 990
80 109 1443
80 110 2532
81 90 3368
81 91 2261
82 83 2109
82 85 1985
82 87 3716
83 87 4579
84 87 5520
84 89 4173
84 92 4418
85 105 2078
86 88 3303
86 90 3501
86 91 2364
88 91 3026
89 90 4655
89 112 5459
90 92 4832
93 103 3378
94 101 3355
94 102 2599
95 97 5057
95 98 3562
95 100 3601
95 101 4317
95 102 3344
95 113 3783
96 107 2925
97 98 2566
97 101 3108
99 101 2201
99 102 1705
100 112 3476
100 113 1930
101 102 2135
103 107 2478
104 107 3520
104 110 4184
105 108 1996
105 109 1810
106 108 3053
106 109 2811
107 110 4181
109 110 2960
111 112 3182



55978 0 2481 saint-quentin
51036 0 1148 grasse
74120 0 2799 antibes
73234 0 3732 cannes
343304 0 4773 nice
60280 0 4566 troyes
51039 0 295 narbonne
141438 0 760 aix-en-provence
850726 0 3535 marseille
52661 0 69 arles
108954 0 4239 caen
75170 0 2644 rochelle-17
66381 0 965 bourges
151212 0 3741 dijon
116914 0 1797 besancon
63405 0 1728 valence-26
50537 0 1909 evreux
63550 0 752 quimper
141303 0 2854 brest
142205 0 878 nîmes
441802 0 3734 toulouse
239157 0 4845 bordeaux
58025 0 1494 pessac
66142 0 1373 merignac-33
70955 0 743 beziers
257351 0 4524 montpellier
207178 0 4111 rennes
134817 0 3888 tours
155637 0 8584 grenoble
171260 0 2141 saint-etienne
284970 0 4371 nantes
67031 0 1432 saint-nazaire-44
114167 0 4154 orleans
54098 0 618 cholet
147571 0 3455 angers
179992 0 3837 reims
50940 0 1488 laval-53
105421 0 7023 nancy
57204 0 3272 lorient
52515 0 1625 vannes
120738 0 2878 metz
94713 0 7158 roubaix
63572 0 2315 villeneuve-d-ascq
227560 0 6533 lille
91923 0 6051 tourcoing
92005 0 2096 dunkerque
54711 0 1642 beauvais
73636 0 2198 calais
139860 0 3277 clermont-ferrand
81166 0 2575 pau
117419 0 1724 perpignan
271782 0 3472 strasbourg
67615 0 1015 colmar
109588 0 4940 mulhouse
59855 0 3904 venissieux
484344 0 10117 lyon
145150 0 9996 villeurbanne
142626 0 2700 le-mans
57342 0 2731 chambery
50379 0 3690 annecy
2243833 0 21288 paris
110933 0 5188 rouen
175497 0 3737 havre
52779 0 3319 chelles-77
50755 0 3394 meaux
51150 0 6046 sartrouville
86110 0 3289 versailles
57325 0 840 niort
133448 0 2698 amiens
56271 0 416 montauban
54600 0 412 hyeres
51839 0 506 frejus
164532 0 3840 toulon
62082 0 2800 seyne-sur-mer
89683 0 1381 avignon
52664 0 601 roche-sur-yon
87697 0 2082 poitiers
139150 0 1783 limoges
50078 0 2928 belfort
52135 0 6258 evry-91
61754 0 16556 neuilly-sur-seine
52546 0 5991 clamart
64355 0 15142 issy-les-moulineaux
79426 0 5403 rueil-malmaison
61793 0 6463 antony
64253 0 26660 levallois-perret
114205 0 18509 boulogne-billancourt
82327 0 17080 asnieres-sur-seine
85398 0 10934 colombes
87469 0 20975 courbevoie
58916 0 19128 clichy
89185 0 7316 nanterre
102770 0 11521 montreuil-93
82120 0 5069 aulnay-sous-bois
106785 0 8639 saint-denis-93
62964 0 4862 noisy-le-grand
76087 0 13209 aubervilliers
54136 0 10805 pantin
53530 0 9786 bondy
54518 0 11929 epinay-sur-seine
66410 0 8557 drancy
51438 0 6389 blanc-mesnil
53145 0 9524 fontenay-sous-bois
74816 0 6650 saint-maur-des-fosses
55490 0 10391 villejuif
85413 0 7319 vitry-sur-seine
75510 0 6682 champigny-sur-marne
57732 0 9464 ivry-sur-seine
52943 0 9895 maisons-alfort
89985 0 7852 creteil
56988 0 4891 cergy
103125 0 5988 argenteuil
58614 0 6936 sarcelles
