463
666



1 355 1
1 433 1
1 455 1
2 75 1
2 111 1
3 235 1
3 247 1
4 186 2
4 235 1
5 411 1
5 438 1
6 47 1
6 340 1
6 421 1
7 34 1
7 344 1
8 11 1
8 14 1
8 424 1
9 287 1
9 380 1
10 23 1
10 211 1
11 14 1
11 18 1
11 289 1
11 418 1
12 13 1
12 37 1
12 184 1
13 184 1
13 444 1
14 31 1
14 177 1
14 382 1
15 75 1
15 122 1
15 358 1
15 404 1
16 98 3
16 124 8
16 209 2
16 382 1
17 176 1
17 323 1
18 194 1
18 418 1
19 188 1
19 329 1
19 336 1
20 21 1
20 84 1
21 83 1
21 140 1
22 208 1
22 278 1
23 389 1
24 100 1
24 388 1
25 88 1
25 159 1
26 259 1
26 353 1
27 213 1
27 375 1
28 437 1
28 447 1
29 92 1
29 363 1
30 101 1
30 323 1
31 289 1
32 243 1
32 456 1
33 55 1
33 133 1
33 331 1
34 157 1
34 322 1
34 343 1
34 344 1
34 370 1
35 228 1
35 317 1
35 350 1
36 361 1
36 376 1
37 103 1
38 196 1
38 398 1
39 256 1
39 388 1
40 65 1
40 304 1
40 359 1
41 204 1
41 238 1
41 417 1
42 320 1
42 349 1
43 57 1
43 333 1
44 113 4
44 346 1
45 82 1
45 428 1
45 455 1
46 72 1
46 121 1
47 291 1
47 421 1
48 81 3
48 343 1
49 104 1
49 366 1
50 107 1
50 431 1
51 97 1
51 187 1
52 265 1
52 266 1
53 225 1
53 285 1
54 59 1
54 84 1
54 145 1
54 190 1
55 140 1
55 270 1
55 331 1
56 154 1
56 320 1
57 333 1
58 244 1
58 327 1
58 345 1
59 190 1
60 232 1
60 364 1
61 231 1
61 289 1
61 418 1
62 150 1
62 381 1
63 342 1
63 384 1
64 301 1
64 377 1
64 405 1
65 93 1
66 107 1
66 200 1
66 314 1
67 257 1
67 462 1
68 301 1
68 377 1
68 445 1
69 120 1
69 284 1
69 372 1
70 127 1
70 385 1
70 432 1
71 181 1
71 307 1
71 370 1
71 434 1
72 126 1
73 116 1
73 403 1
74 110 1
74 393 1
75 256 1
75 267 1
75 358 1
76 168 1
76 380 1
77 218 1
77 299 1
77 397 1
78 89 1
78 268 1
78 348 1
79 205 1
79 401 1
80 102 1
80 132 1
80 223 1
81 106 1
81 343 1
82 355 1
83 262 1
83 308 1
85 116 1
85 241 1
85 282 2
86 103 1
86 128 1
86 136 1
86 362 1
87 206 1
87 212 1
88 159 1
88 299 1
89 268 1
90 139 1
90 342 1
91 131 1
91 191 1
91 361 1
92 342 1
93 139 1
93 282 1
94 128 1
94 315 1
95 367 1
95 422 1
96 106 1
96 459 1
97 457 1
98 153 1
98 382 1
99 238 1
99 297 1
99 332 1
100 144 1
100 208 1
101 184 1
102 341 1
102 390 1
103 300 1
103 420 1
104 124 1
104 366 1
104 404 1
105 195 1
105 423 1
106 258 1
106 260 1
106 343 1
106 427 1
107 217 1
108 284 1
108 335 1
109 224 1
109 407 1
110 134 1
111 189 1
111 278 1
111 383 1
112 351 1
112 374 1
113 183 2
113 288 3
113 327 11
113 346 6
113 450 2
114 193 1
114 446 1
115 230 1
115 288 1
116 142 1
117 181 1
117 271 1
118 168 1
118 182 1
118 281 1
118 328 1
119 152 1
119 296 1
120 284 1
120 372 1
121 261 1
122 242 1
122 267 1
122 426 1
123 239 1
123 245 1
124 404 1
125 292 1
125 311 1
125 432 1
126 356 1
126 360 1
127 263 1
127 292 1
128 275 1
128 407 1
129 166 1
129 381 1
129 422 1
130 244 1
130 277 1
130 324 1
130 405 1
131 448 1
132 285 1
133 254 1
133 274 1
134 273 1
134 394 1
135 412 1
135 443 1
136 449 1
137 188 1
137 336 1
138 217 1
138 412 1
138 451 1
141 352 1
141 357 1
141 435 1
142 293 1
142 365 1
142 403 1
143 212 1
143 247 1
143 462 1
144 388 1
145 281 1
145 287 1
146 379 1
146 413 1
147 391 1
147 458 1
148 186 3
148 222 1
148 295 1
148 306 1
148 365 1
149 218 1
149 416 1
149 436 1
150 164 1
151 223 1
151 347 1
151 392 1
151 410 1
152 188 1
152 336 1
153 231 1
154 262 1
154 296 1
154 308 1
154 322 1
155 371 1
155 420 1
156 180 1
156 192 1
156 338 1
156 415 1
157 252 1
157 349 1
158 248 1
158 280 1
158 459 1
159 299 1
160 176 1
160 323 1
160 378 1
161 290 1
161 424 1
162 172 1
162 330 1
162 416 1
163 437 1
163 439 1
164 461 1
165 293 1
165 365 1
165 452 1
166 238 1
166 422 1
167 291 1
167 421 1
168 328 1
169 280 1
169 450 1
170 372 1
170 387 1
171 318 1
171 334 1
171 463 1
172 330 1
173 218 1
173 395 1
174 205 1
174 279 1
175 259 1
175 419 1
176 323 1
177 231 1
177 382 1
178 226 1
178 261 1
178 442 1
179 264 1
179 400 1
180 192 1
180 286 1
180 312 1
180 373 1
181 271 1
181 321 1
182 281 1
183 430 1
184 444 1
185 203 41
185 362 11
186 247 13
186 365 1
187 242 1
188 336 1
189 278 1
190 196 1
190 262 1
191 361 1
192 286 1
192 399 1
193 446 1
193 458 1
194 290 1
195 327 1
196 203 1
196 255 1
196 341 1
197 249 1
197 343 1
198 262 1
198 454 1
199 299 1
199 377 1
199 405 1
200 302 1
201 396 1
201 442 1
202 263 1
202 269 1
202 272 1
203 254 1
203 255 1
203 341 1
204 215 1
205 279 1
205 401 1
206 339 1
207 353 1
207 419 1
208 313 1
209 312 1
209 440 1
209 447 1
210 324 1
210 406 1
211 227 1
211 320 1
212 235 1
213 337 1
213 375 1
214 216 1
214 235 1
215 316 1
215 364 1
216 276 1
216 319 1
217 386 1
217 451 1
218 224 1
218 321 1
219 251 1
219 264 1
220 262 1
220 305 1
220 322 1
221 280 1
221 409 1
222 295 1
222 339 1
223 232 1
223 410 1
223 417 1
224 362 1
224 369 1
224 407 1
225 285 1
226 400 1
227 320 1
228 266 1
228 317 1
228 405 1
229 294 1
229 319 1
230 337 1
230 375 1
232 250 1
232 417 1
233 272 1
233 441 1
234 253 1
234 397 1
236 398 1
236 432 1
237 312 1
237 408 1
238 297 1
238 335 1
238 417 1
239 245 1
239 427 1
240 277 1
240 406 1
241 413 1
242 426 1
243 304 1
243 456 1
244 253 1
245 268 1
246 352 1
246 428 1
247 282 14
248 459 1
249 459 1
250 347 1
251 341 1
252 349 1
253 443 1
255 262 1
256 325 1
256 401 1
257 368 1
258 268 1
258 427 1
259 420 1
260 427 1
261 396 1
263 269 1
265 283 1
266 283 1
266 326 1
266 405 1
266 430 1
270 331 1
272 341 1
272 360 1
273 394 1
274 425 1
275 300 1
276 319 1
277 406 1
280 288 1
280 343 1
282 342 4
282 351 1
282 416 3
283 375 1
286 312 1
286 422 1
286 437 1
286 447 1
287 380 1
288 409 1
288 423 1
289 418 1
290 366 1
293 295 1
294 460 1
296 307 1
296 329 1
296 434 1
298 303 1
298 374 1
300 315 1
300 353 1
300 420 1
302 446 1
303 456 1
304 359 1
304 376 1
305 433 1
306 353 1
306 365 1
306 452 1
307 331 1
307 434 1
309 399 1
309 415 1
309 439 1
310 354 1
310 363 1
310 460 1
311 385 1
311 432 1
312 447 1
313 316 1
314 431 1
314 446 1
314 458 1
315 353 1
318 334 1
319 460 1
321 397 1
322 389 1
323 378 1
325 358 1
326 350 1
327 345 1
327 423 1
332 335 1
337 375 1
338 415 1
340 421 1
340 453 1
341 360 1
342 384 1
342 462 1
343 402 1
346 450 1
348 391 1
352 435 1
353 379 1
353 419 1
354 363 1
354 460 1
355 380 1
355 455 1
356 360 1
357 389 1
357 435 1
361 376 1
363 462 1
364 417 1
367 461 1
368 462 1
369 407 1
371 378 1
373 453 1
374 395 1
374 436 1
377 405 1
379 413 1
382 463 1
383 457 1
386 402 1
387 438 1
390 449 1
392 410 1
393 442 1
394 425 1
395 436 1
396 442 1
398 441 1
404 424 1
408 414 1
408 429 1
408 461 1
411 438 1
412 451 1
414 429 1
414 461 1
428 454 1
431 458 1
433 455 1
439 440 1
445 448 1
447 457 1



96 0 11 mont-d-astarac
134 0 16 sabazan
393 0 15 terraube
558 0 20 romieu
129 0 20 aurensan-32
285 0 49 monguilhem
86 0 11 tirent-pontejac
1161 0 33 gondrin
87 0 10 samaran
96 0 9 betcave-aguin
433 0 33 mouchan
207 0 9 riguepeu
139 0 12 bezolles
458 0 16 lagraulet-du-gers
324 0 11 demu
4092 0 58 eauze
109 0 8 bazian
218 0 25 cassaigne-32
144 0 8 durban
134 0 9 moncassin
165 0 12 clermont-pouyguilles
188 0 18 termes-d-armagnac
87 0 12 meilhan-32
49 0 9 loussous-debat
242 0 12 crastes
135 0 13 bonas
201 0 28 saint-germier-32
147 0 16 bourrouillan
165 0 13 plieux
50 0 6 callian-32
250 0 19 lauraet
129 0 12 sainte-gemme-32
361 0 24 miramont-d-astarac
856 0 65 saramon
174 0 10 saint-georges-32
75 0 13 avezan
236 0 18 brouilh-monbert
138 0 13 belloc-saint-clamens
201 0 8 couloume-mondebat
37 0 11 serempuy
532 0 24 viella-32
58 0 8 lamaguere
61 0 10 mascaras-32
990 0 188 segoufielle
51 0 12 cabas-loumasses
312 0 34 haget
100 0 8 castex-d-armagnac
1911 0 97 lombez
84 0 17 mourede
146 0 11 saint-soulan
125 0 13 loubedat
198 0 23 ardizas
95 0 10 armous-et-cau
155 0 18 lagarde-hachan
325 0 17 labejan
106 0 10 pouy-loubrin
121 0 10 laveraet
388 0 17 sainte-marie-32
135 0 11 saint-arroman-32
179 0 29 galiax
226 0 14 larroque-sur-l-osse
148 0 19 arblade-le-bas
143 0 14 mauroux-32
371 0 18 sarrant
251 0 18 brugnens
87 0 13 saint-martin-gimois
122 0 8 flamarens
103 0 11 homps-32
49 0 17 gee-riviere
83 0 14 sadeillan
700 0 26 pessan
97 0 17 malabat
67 0 9 lamothe-goas
69 0 13 pallanne
775 0 24 aignan
123 0 17 ponsan-soubiran
352 0 22 nougaroulet
82 0 16 montadet
162 0 6 peyrusse-grande
1239 0 60 marciac
2324 0 69 samatan
276 0 30 panassac
137 0 14 lourties-monbrun
117 0 13 saint-elix-theux
613 0 24 pauilhac
932 0 21 ordan-larroque
139 0 12 pouy-roquelaure
43 0 6 maravat
188 0 19 puylausic
74 0 23 magnas
63 0 5 casteron
243 0 15 isle-bouzon
246 0 31 urdens
63 0 15 merens
124 0 13 mormes
148 0 21 savignac-mona
120 0 17 sion
1067 0 24 castelnau-d-auzan
173 0 27 maulicheres
266 0 26 tasque
93 0 7 castelnau-d-angles
353 0 10 bassoues
399 0 10 biran
436 0 44 marambat
301 0 23 maurens-32
368 0 28 monblanc
260 0 17 polastron-32
303 0 24 saint-mont
106 0 16 peyrusse-massas
75 0 6 saint-christaud-32
192 0 18 bouzon-gellenave
116 0 20 lalanne-32
7336 0 104 isle-jourdain-32
198 0 15 tournan
249 0 48 clermont-saves
356 0 12 sauvetat-32
257 0 51 lahitte
124 0 12 sainte-aurence-cazaux
136 0 13 haulies
139 0 16 corneillan
94 0 27 beccas
67 0 8 seailles
241 0 15 montpezat-32
3645 0 67 vic-fezensac
89 0 11 manas-bastanous
113 0 20 betplan
94 0 17 castex-32
261 0 26 saint-lary-32
1304 0 64 barcelonne-du-gers
367 0 20 saint-sauvy
159 0 12 pessoulens
126 0 16 juillac-32
140 0 18 lamazere
163 0 11 pouylebon
134 0 17 bedechan
723 0 13 barran
240 0 19 ornezan
214 0 26 aurimont
211 0 12 castelnau-d-arbieu
179 0 16 loubersan
94 0 14 monbardon
586 0 15 saint-puy
336 0 13 gimbrede
145 0 14 pouydraguin
110 0 16 viozan
172 0 14 cezan
73 0 17 cadeillan
593 0 44 caussens
566 0 57 sainte-christie
233 0 17 lelin-lapujolle
268 0 29 ladeveze-ville
79 0 7 traverseres
216 0 16 labarrere
1080 0 58 seissan
189 0 12 caillavet
1707 0 30 cazaubon
74 0 10 semezies-cachan
182 0 17 pompiac
59 0 10 taybosc
152 0 10 belmont-32
113 0 13 roques-32
76 0 10 puysegur
155 0 11 ayzieu
146 0 19 luppe-violles
149 0 13 saint-orens-pouy-petit
499 0 52 saint-germe
103 0 12 lannemaignan
107 0 16 cuelas
628 0 29 aurade
225 0 17 lannux
98 0 17 noulens
165 0 12 prechac-32
211 0 29 mirepoix-32
85 0 8 gazax-et-baccarisse
128 0 11 rozes
62 0 12 tudelle
1231 0 19 montreal-32
55 0 10 blousson-serian
254 0 20 tillac
380 0 18 panjas
558 0 48 montegut-32
108 0 16 sauviac-32
341 0 31 monbrun
144 0 10 saint-arailles
21576 0 297 auch
7012 0 72 condom
105 0 11 cravenceres
255 0 30 orbessan
97 0 18 betous
355 0 29 esclassan-labastide
122 0 16 gaudonville
630 0 27 estang
156 0 13 sabaillan
66 0 16 mansencome
82 0 15 giscaro
452 0 25 berdoues
274 0 48 cazaux-saves
172 0 11 bellegarde-32
480 0 21 monfort
77 0 10 mongausy
157 0 11 saint-justin-32
278 0 27 laguian-mazous
3685 0 157 mirande
153 0 16 maumusson-laguian
70 0 6 peyrusse-vieille
227 0 20 ligardes
185 0 29 ayguetinte
90 0 30 izotges
812 0 19 manciet
96 0 12 ansan
147 0 20 moncorneil-grazan
331 0 17 pergain-taillac
101 0 32 catonvielle
115 0 12 garde-32
55 0 11 cannet-32
50 0 8 larroque-engalin
99 0 17 saint-andre-32
1248 0 116 preignan
92 0 21 marseillan-32
336 0 22 saint-blancard
289 0 24 castillon-saves
170 0 16 castelnau-sur-l-auvignon
682 0 21 beaumarches
580 0 27 roquelaure
45 0 7 courties
185 0 14 troncens
102 0 10 tachoires
519 0 29 touget
108 0 13 berrac
198 0 30 beaupuy-32
279 0 11 fources
1458 0 106 plaisance-32
67 0 12 bazugues
244 0 19 lussan-32
461 0 17 marsolan
114 0 13 montaut-32
285 0 23 arblade-le-haut
1727 0 54 riscle
201 0 18 laymont
82 0 12 mansempuy
184 0 18 sainte-radegonde-32
154 0 10 averon-bergelle
105 0 14 bajonnette
1114 0 28 aubiet
121 0 11 saint-lizier-du-plante
62 0 7 aussos
3785 0 44 lectoure
260 0 19 seysses-saves
134 0 37 labastide-saves
153 0 28 saint-aunix-lengros
124 0 8 saint-maur-32
155 0 10 lartigue-32
139 0 19 isle-arne
212 0 16 idrac-respailles
325 0 19 saint-medard-32
141 0 7 castelnavet
76 0 14 peyrecave
71 0 20 sauvimont
106 0 10 saint-paul-de-baïse
94 0 23 pebees
91 0 22 cazaux-villecomtal
1604 0 76 masseube
169 0 15 estampes
287 0 26 laas-32
262 0 87 saint-cricq
850 0 130 cologne
195 0 11 margouet-meymes
71 0 19 montegut-saves
260 0 20 aux-aussat
355 0 23 lasseran
309 0 34 leboulin
1215 0 55 mielan
129 0 12 bars-32
73 0 23 mouches
56 0 8 antras-32
305 0 16 castera-lectourois
145 0 12 saint-antonin-32
130 0 16 fusterouau
81 0 6 louslitges
568 0 33 endoufielle
80 0 11 saint-ost
6339 0 146 fleurance
229 0 37 thoux
147 0 13 labarthete
96 0 13 tourdun
428 0 19 caupenne-d-armagnac
94 0 11 aujan-mournede
705 0 28 monferran-saves
141 0 18 beaumont-32
68 0 13 lagardere
289 0 8 mauleon-d-armagnac
97 0 11 sarraguzan
61 0 16 roquepine
214 0 14 saint-mezard
136 0 12 blaziert
537 0 49 auterive-32
254 0 19 sarragachies
94 0 17 pis
444 0 22 puycasquier
1137 0 28 jegun
203 0 21 labrihe
193 0 23 saint-elix
186 0 21 goutz
132 0 15 cadeilhan
136 0 12 lalanne-arque
1185 0 42 valence-sur-baïse
337 0 23 lasseube-propre
169 0 26 labarthe-32
71 0 22 marguestau
204 0 21 sainte-mere
107 0 15 mont-de-marrast
1980 0 179 nogaro
239 0 36 cahuzac-sur-adour
64 0 12 gaujac-32
407 0 13 lavardens
84 0 15 goux
84 0 19 saint-orens
145 0 8 ramouzens
130 0 23 saint-martin-de-goyne
128 0 11 monferran-plaves
646 0 24 montaut-les-creneaux
690 0 19 simorre
133 0 10 cazaux-d-angles
54 0 16 blanquefort-32
308 0 8 lupiac
116 0 17 sainte-anne-32
2815 0 102 gimont
136 0 13 duffort
135 0 21 boucagneres
274 0 38 roquefort-32
387 0 22 saint-jean-le-comtal
129 0 18 caumont-32
49 0 9 scieurac-et-floures
153 0 14 bascous
169 0 37 tarsac
97 0 26 sansan
189 0 43 razengues
199 0 19 monclar-32
285 0 13 gazaupouy
206 0 14 toujouse
453 0 49 saint-martin-32
1003 0 56 saint-clar
320 0 17 noilhan
161 0 17 boulaur
502 0 19 escorneboeuf
1372 0 78 pujaudran
129 0 21 tieste-uragnoux
142 0 15 garravet
228 0 13 faget-abbatial
142 0 17 sirac
181 0 16 ceran
70 0 6 monties
949 0 47 castera-verduzan
99 0 13 saint-avit-frandat
190 0 14 chelan
289 0 18 montegut-arros
105 0 9 gaujan
328 0 9 castillon-debats
175 0 13 saint-leonard-32
847 0 75 villecomtal-sur-arros
283 0 14 tournecoupe
813 0 123 duran
191 0 23 castet-arrouy
212 0 48 prechac-sur-adour
340 0 27 beraut
99 0 15 justian
86 0 16 perchede
204 0 20 saint-antoine-32
290 0 25 castin
497 0 11 castelnau-barbarens
196 0 10 roquebrune-32
216 0 26 bernede
246 0 21 laujuzan
153 0 15 miramont-latour
126 0 29 roquelaure-saint-aubin
135 0 13 bives
461 0 33 solomiac
144 0 16 preneron
165 0 9 larroque-saint-sernin
187 0 15 monlaur-bernet
297 0 28 vergoignan
398 0 32 bretagne-d-armagnac
210 0 22 sorbets-32
102 0 12 saint-creac-32
223 0 11 sainte-dode
166 0 11 lahas
248 0 28 segos
204 0 15 lasserade
164 0 12 villefranche-32
600 0 12 montesquiou
195 0 21 espaon
87 0 18 armentieux
198 0 11 monlezun
115 0 10 monclar-sur-losse
122 0 17 tourrenquets
66 0 24 semboues
438 0 29 marsan
266 0 16 saint-michel-32
197 0 16 lias-d-armagnac
43 0 12 monpardiac
78 0 9 saint-pierre-d-aubezies
116 0 12 bezeril
170 0 12 mas-d-auvignon
563 0 18 lannepax
1947 0 60 mauvezin-32
88 0 22 augnax
249 0 25 castillon-massas
130 0 17 saint-griede
247 0 29 marestaing
217 0 16 ladeveze-riviere
98 0 15 verlus
225 0 16 juilles
208 0 15 rejaumont-32
123 0 18 lanne-soubiran
240 0 18 laree
707 0 43 montestruc-sur-gers
317 0 31 jû-belloc
211 0 24 larressingle
286 0 17 beaucaire-32
316 0 29 saint-jean-poutge
192 0 19 maupas-32
1180 0 37 houga
325 0 26 fregouville
391 0 15 courrensan
198 0 16 estipouy
116 0 7 espas
97 0 15 saint-loube
209 0 16 bezues-bajon
227 0 21 saint-martin-d-armagnac
386 0 24 encausse
121 0 18 montamat
120 0 13 barcugnan
93 0 12 manent-montane
2399 0 97 pavie
75 0 11 sarcos
130 0 15 gavarret-sur-aulouste
118 0 19 salles-d-armagnac
156 0 13 projan
199 0 36 campagne-d-armagnac
251 0 20 reans
108 0 12 ponsampere
73 0 9 ricourt
135 0 17 saint-caprais-32
70 0 8 mirannes
134 0 13 estramiac
125 0 9 pellefigue
366 0 16 sainte-christie-d-armagnac
61 0 12 avensac
549 0 21 isle-de-noe
512 0 47 lias
123 0 11 montiron
220 0 19 maignaut-tauzia
198 0 30 monlezun-d-armagnac
92 0 10 sere
90 0 14 arrouede
85 0 14 saint-bres-32
238 0 35 urgosse
231 0 14 sauveterre-32
159 0 38 nizas-32
305 0 14 sempesserre
231 0 20 magnan
533 0 15 miradoux
144 0 17 cazeneuve
