77
116



1 2 3252
1 3 13851
2 3 11891
3 6 12121
3 20 1208
4 29 915
4 70 221
5 6 54224
5 53 1751
6 16 3637
6 20 13230
6 44 5248
6 47 4222
6 52 36529
6 53 14697
7 21 898
7 49 5098
8 18 209
8 25 1435
8 55 422
9 27 698
9 38 380
10 11 2546
10 30 546
11 43 1041
12 23 1754
12 24 1837
13 14 2297
13 26 164
14 26 222
15 20 10999
15 54 4369
16 17 2373
16 20 2913
16 39 1597
17 18 9725
17 25 903
18 39 181
19 20 4102
19 40 1167
20 40 1805
20 44 2023
20 54 3001
21 25 5874
21 47 4872
22 46 2761
22 55 1267
22 56 599
23 45 2265
24 38 1851
24 44 22744
24 45 6386
25 26 5123
25 28 5687
25 47 5481
26 28 604
27 60 704
27 74 878
28 46 2787
29 68 1093
30 31 3334
30 42 529
31 41 1741
32 33 3749
32 34 12724
32 35 5425
33 35 3622
34 36 3629
34 37 1730
34 41 349
34 47 12457
34 51 3033
36 37 2335
38 44 3565
41 42 3858
41 43 3045
41 44 965
41 47 3816
42 43 2647
44 45 43647
47 58 87453
47 67 140561
48 49 3351
48 51 1369
50 59 4023
50 62 5855
52 53 6312
55 56 990
57 63 3156
57 65 3368
58 60 2397
58 62 4579
59 62 5520
59 64 4173
59 66 4418
60 74 3175
61 63 3303
61 65 3501
63 64 4375
64 65 4655
64 77 5459
65 66 4832
65 77 5524
67 71 4758
68 69 5081
68 72 3355
69 71 5057
69 72 4317
70 75 2925
70 76 3337
71 72 3108
73 75 3520
73 76 4184
74 75 3840
74 76 4736
75 76 4181



74120 0 2799 antibes
73234 0 3732 cannes
343304 0 4773 nice
60280 0 4566 troyes
141438 0 760 aix-en-provence
850726 0 3535 marseille
108954 0 4239 caen
75170 0 2644 rochelle-17
66381 0 965 bourges
151212 0 3741 dijon
116914 0 1797 besancon
63405 0 1728 valence-26
63550 0 752 quimper
141303 0 2854 brest
142205 0 878 nîmes
441802 0 3734 toulouse
239157 0 4845 bordeaux
66142 0 1373 merignac-33
70955 0 743 beziers
257351 0 4524 montpellier
207178 0 4111 rennes
134817 0 3888 tours
155637 0 8584 grenoble
171260 0 2141 saint-etienne
284970 0 4371 nantes
67031 0 1432 saint-nazaire-44
114167 0 4154 orleans
147571 0 3455 angers
179992 0 3837 reims
105421 0 7023 nancy
120738 0 2878 metz
94713 0 7158 roubaix
63572 0 2315 villeneuve-d-ascq
227560 0 6533 lille
91923 0 6051 tourcoing
92005 0 2096 dunkerque
73636 0 2198 calais
139860 0 3277 clermont-ferrand
81166 0 2575 pau
117419 0 1724 perpignan
271782 0 3472 strasbourg
67615 0 1015 colmar
109588 0 4940 mulhouse
484344 0 10117 lyon
145150 0 9996 villeurbanne
142626 0 2700 le-mans
2243833 0 21288 paris
110933 0 5188 rouen
175497 0 3737 havre
86110 0 3289 versailles
133448 0 2698 amiens
164532 0 3840 toulon
62082 0 2800 seyne-sur-mer
89683 0 1381 avignon
87697 0 2082 poitiers
139150 0 1783 limoges
61754 0 16556 neuilly-sur-seine
64355 0 15142 issy-les-moulineaux
79426 0 5403 rueil-malmaison
61793 0 6463 antony
64253 0 26660 levallois-perret
114205 0 18509 boulogne-billancourt
82327 0 17080 asnieres-sur-seine
85398 0 10934 colombes
87469 0 20975 courbevoie
89185 0 7316 nanterre
102770 0 11521 montreuil-93
82120 0 5069 aulnay-sous-bois
106785 0 8639 saint-denis-93
62964 0 4862 noisy-le-grand
76087 0 13209 aubervilliers
66410 0 8557 drancy
74816 0 6650 saint-maur-des-fosses
85413 0 7319 vitry-sur-seine
75510 0 6682 champigny-sur-marne
89985 0 7852 creteil
103125 0 5988 argenteuil
