119
174



1 7 8
1 37 15
1 105 29
2 86 30
2 107 33
3 18 8
3 74 17
3 92 19
4 87 2
4 109 6
5 15 14
5 42 39
5 91 9
6 9 13
6 43 24
6 109 26
7 57 4
7 108 1
8 16 10
8 22 4
8 62 9
9 12 5
9 53 6
9 109 12
10 28 2
10 88 4
11 38 27
11 62 25
11 65 80
12 15 8
12 53 5
12 87 3
12 91 5
13 17 650
13 112 21
14 46 203
14 72 653
15 42 48
16 42 38
16 62 10
17 36 54224
17 56 696
17 81 451
18 54 5
18 74 25
18 92 28
19 52 133
19 86 75
19 95 44
20 103 35
20 113 35
20 117 15
21 37 16
21 105 31
21 117 11
22 80 1
23 45 73
23 101 46
23 114 173
24 26 20
24 111 10
25 88 9
25 114 57
26 28 7
26 74 34
26 111 11
27 73 1
27 74 12
29 56 6
29 77 2
30 35 13
30 85 102
30 93 19
30 107 21
31 63 37
31 64 141
31 100 141
32 73 1
32 82 1
33 84 254
33 102 113
34 57 3
34 109 7
35 85 85
35 110 12
36 58 21688
36 59 17123
37 41 15
37 105 26
37 108 1
38 42 38
38 62 10
39 59 209
39 79 76
40 62 6
40 89 1
41 56 26
43 57 9
43 84 33
44 70 1
44 84 4
44 104 1
45 68 60
46 72 122
46 102 20
46 104 6
47 87 1
47 91 2
48 51 1
48 90 2
48 94 5
49 59 158
49 79 51
50 64 257
50 115 99
50 117 25
51 89 1
51 90 1
52 95 24
53 91 6
54 82 1
55 59 726
55 96 52
55 98 324
56 69 18
57 61 2
58 86 182
58 93 175
58 107 198
59 60 503
59 79 435
60 79 163
61 70 1
62 65 31
63 83 107
63 100 193
63 118 24
64 115 292
65 75 18
65 80 2
66 74 24
66 88 8
67 69 10
67 106 12
68 83 135
69 106 9
70 84 3
71 97 30
71 119 54
72 102 66
73 77 1
73 82 1
75 89 1
76 111 16
76 116 62
77 81 7
78 82 1
78 106 3
81 114 67
84 103 49
86 95 14
90 96 1
93 110 18
94 98 24
94 109 13
97 99 20
99 118 14
99 119 38
100 119 247
101 114 69
111 116 22
112 113 24
112 117 10
113 117 18



5186 0 203 roque-d-antheron
7722 0 287 cassis
2943 0 118 peynier
1499 0 68 aureille
4319 0 206 cabannes-13
6540 0 213 senas
2481 0 172 charleval-13
3791 0 139 barbentane
3118 0 89 orgon
2124 0 508 cadolive
10617 0 119 saint-remy-de-provence
2547 0 179 molleges
7554 0 221 eguilles
42544 0 374 istres
5233 0 187 noves
4104 0 436 rognonas
141438 0 760 aix-en-provence
4432 0 227 rousset-13
19521 0 388 allauch
6895 0 493 fare-les-oliviers
5523 0 151 saint-cannat
1535 0 79 boulbon
13679 0 628 bouc-bel-air
5384 0 403 peypin
4519 0 241 mimet
5990 0 475 bouilladisse
2123 0 161 chateauneuf-le-rouge
1799 0 138 belcodene
1123 0 49 saint-marc-jaumegarde
5052 0 162 roquefort-la-bedoule
6561 0 1387 saint-victoret
137 0 7 saint-antonin-sur-bayon
43152 0 613 salon-de-provence
1747 0 91 lamanon
4112 0 181 ceyreste
850726 0 3535 marseille
4682 0 80 rognes
4170 0 200 eyragues
8638 0 117 port-saint-louis-du-rhone
2318 0 138 maillane
5299 0 114 puy-sainte-reparade
14928 0 427 chateaurenard
6041 0 214 mallemort
684 0 29 barben
8572 0 234 cabries
7778 0 291 saint-chamas
803 0 174 verquieres
2132 0 67 maussane-les-alpilles
5428 0 258 saint-mitre-les-remparts
11770 0 674 rognac
436 0 24 baux-de-provence
10917 0 1281 plan-de-cuques
2895 0 193 plan-d-orgon
1821 0 44 puyloubier
52661 0 69 arles
8185 0 398 venelles
2414 0 143 alleins
46423 0 845 aubagne
47544 0 665 martigues
17216 0 1502 port-de-bouc
1437 0 90 vernegues
3914 0 166 graveson
9018 0 1043 gignac-la-nerthe
35021 0 957 vitrolles-13
13297 0 179 tarascon
4109 0 668 greasque
4682 0 134 peyrolles-en-provence
11209 0 628 septemes-les-vallons
3578 0 85 meyrargues
532 0 41 aurons
7606 0 628 sausset-les-pins
25368 0 985 miramas
613 0 62 beaurecueil
9247 0 308 fuveau
2250 0 77 saint-etienne-du-gres
8549 0 358 roquevaire
2240 0 207 tholonet
985 0 21 saint-paul-les-durance
15357 0 166 fos-sur-mer
242 0 58 saint-pierre-de-mezoargues
5295 0 263 meyreuil
992 0 18 vauvenargues
19482 0 578 pennes-mirabeau
9518 0 498 pelissanne
33829 0 1075 ciotat
6336 0 1779 penne-sur-huveaune
1775 0 52 eygalieres
3239 0 549 saint-savournin
502 0 319 mas-blanc-des-alpilles
1417 0 87 paradou
3189 0 199 saint-andiol
10288 0 146 trets
6137 0 187 gemenos
3560 0 92 mouries
3621 0 90 fontvieille
2296 0 6 saintes-maries-de-la-mer
6305 0 624 carry-le-rouet
11180 0 52 saint-martin-de-crau
5225 0 202 ensues-la-redonne
34485 0 1488 marignane
5435 0 182 simiane-collongue
4245 0 153 grans
8326 0 120 lancon-provence
1337 0 89 cornillon-confoux
9239 0 141 lambesc
4238 0 52 jouques
6862 0 1988 carnoux-en-provence
354 0 40 saint-esteve-janson
6404 0 93 eyguieres
4873 0 125 cuges-les-pins
2953 0 1007 destrousse
4581 0 174 ventabren
8515 0 337 velaux
20474 0 757 gardanne
13582 0 311 berre-l-etang
11764 0 263 auriol
3448 0 272 coudoux
4273 0 186 rove
11665 0 368 chateauneuf-les-martigues
