320
479



1 211 1
1 217 1
2 108 1
2 138 1
3 217 1
3 218 1
4 55 1
4 313 1
5 32 1
5 133 1
5 157 1
5 255 1
5 304 1
6 60 104
6 81 3
6 163 17
7 52 1
7 221 1
8 124 1
8 152 2
8 228 5
9 37 1
9 83 1
9 314 1
10 143 1
10 168 1
11 28 1
11 286 1
12 47 1
12 116 1
12 138 1
13 112 1
13 293 1
13 314 1
14 68 1
14 237 1
15 262 1
15 304 1
16 60 29
16 319 1
17 133 2
17 312 1
18 146 1
18 236 1
19 46 1
19 154 1
20 27 14
20 30 1
20 131 1
20 246 2
21 70 1
21 295 1
22 80 1
22 134 1
23 43 2
23 49 1
23 316 1
23 319 1
24 94 1
24 159 1
24 204 1
25 117 1
25 264 1
26 76 1
26 301 1
27 60 212
27 131 3
27 183 8
27 190 13
28 249 1
29 33 1
29 42 2
29 63 1
29 225 1
29 271 1
30 101 1
30 192 1
31 174 1
31 311 1
31 315 1
32 104 1
32 304 1
33 142 1
33 154 1
34 186 1
34 220 1
35 82 1
35 161 1
36 219 1
36 295 1
37 83 1
37 314 1
38 151 1
38 251 1
38 252 1
39 150 1
39 163 5
39 306 1
40 41 1
40 65 1
40 140 1
40 148 1
41 61 1
41 72 1
41 149 1
41 195 1
42 184 1
42 310 1
43 117 1
43 120 2
44 193 1
44 299 1
45 159 1
45 171 1
46 95 1
46 154 1
47 116 1
47 169 1
47 256 1
48 91 1
48 188 1
48 278 1
48 308 1
49 216 1
49 319 1
50 280 160
51 106 27
51 122 1
51 166 1
51 182 3
51 281 4
52 108 1
52 221 1
53 250 1
53 254 1
54 205 1
54 208 1
55 164 1
55 185 1
56 142 1
56 241 4
57 210 1
57 270 1
58 266 1
58 301 1
59 123 1
59 267 1
61 149 1
62 154 1
62 180 1
62 295 1
63 225 1
64 68 1
64 101 1
64 113 1
64 199 1
65 170 1
65 201 1
65 246 1
66 111 1
66 204 1
66 282 1
67 205 1
67 233 1
67 298 1
68 101 1
68 199 1
68 237 1
69 86 1
69 292 1
69 299 1
70 158 1
70 276 1
70 295 1
71 91 1
71 137 1
71 156 1
72 73 1
72 74 1
72 301 1
73 301 1
74 195 1
75 206 1
75 243 1
75 311 1
76 207 1
77 277 3
77 313 1
78 197 1
78 265 1
79 120 1
79 213 1
80 87 1
80 189 1
81 177 1
82 103 1
83 112 1
83 200 1
83 314 1
84 100 1
84 296 1
84 312 1
85 140 1
85 307 1
86 143 1
86 230 1
86 256 1
86 285 1
87 161 1
88 137 1
88 156 1
89 97 1
89 99 1
89 156 1
90 233 1
90 291 1
91 188 1
92 144 1
92 308 1
93 115 1
93 179 1
93 215 1
93 312 1
94 145 1
94 221 1
95 173 1
95 219 1
96 167 1
96 187 1
97 288 1
97 291 1
98 132 1
98 169 1
98 231 1
99 191 1
100 114 1
102 205 1
102 208 1
102 255 1
102 303 1
103 163 3
103 212 1
103 306 1
104 255 1
105 146 1
105 272 1
106 130 7
106 133 21
106 135 132
106 178 4
107 236 1
107 238 1
107 263 1
108 175 1
108 221 1
109 169 1
109 236 2
110 136 1
110 189 1
111 145 1
113 170 1
114 119 1
114 121 1
115 312 1
117 120 1
117 258 1
117 264 1
118 245 1
118 290 1
119 283 1
119 296 1
120 163 5
120 213 1
120 273 1
121 185 1
122 166 1
123 267 1
124 143 1
124 292 1
125 167 1
125 234 1
126 151 1
126 202 1
126 273 1
126 318 1
127 206 1
127 302 1
128 166 1
128 182 1
129 212 1
129 239 2
130 178 1
131 153 1
131 183 1
131 192 1
132 169 1
132 236 1
133 305 2
134 189 1
134 268 1
135 228 42
135 261 205
136 189 1
137 206 1
137 209 1
139 228 3
139 261 16
140 239 1
140 307 1
141 262 1
141 286 1
142 241 2
143 168 1
143 169 1
144 308 1
146 175 1
146 209 1
146 272 1
147 211 1
147 217 1
147 310 1
148 220 1
148 234 1
149 195 1
150 257 1
151 224 1
151 252 1
151 281 1
151 286 1
152 228 2
152 292 1
153 183 1
153 237 1
154 219 1
154 295 1
155 197 1
155 218 1
155 253 1
155 259 1
157 255 1
158 181 1
158 242 1
158 295 1
159 203 1
159 204 1
159 206 1
160 267 1
160 294 1
161 212 1
162 247 1
162 269 1
162 278 1
163 273 2
164 182 1
165 235 1
165 248 1
165 309 1
167 187 1
167 198 1
167 201 1
168 196 1
170 246 1
171 175 1
172 239 1
172 289 1
173 219 1
174 204 1
174 275 1
176 235 1
176 320 1
177 198 1
179 312 1
180 181 1
180 208 1
183 190 2
184 232 1
184 310 1
185 245 1
185 274 1
186 300 1
187 201 1
188 308 1
189 212 1
189 242 1
190 319 1
191 294 1
193 284 1
194 281 1
194 283 1
194 296 1
196 256 1
197 259 1
197 265 1
198 257 1
200 314 1
201 246 1
202 254 1
203 287 1
203 315 1
204 282 1
205 288 1
205 303 1
206 302 1
207 217 1
207 279 1
207 301 2
208 298 1
209 272 1
210 270 1
212 306 1
214 242 1
214 268 1
215 304 1
216 223 1
217 279 1
217 310 1
218 253 1
218 260 1
220 234 1
222 223 1
222 258 1
222 264 1
223 316 1
224 240 1
224 318 1
225 271 1
226 281 1
226 283 1
227 231 1
227 238 1
229 248 2
229 269 1
230 284 1
231 235 1
232 279 1
232 301 1
232 310 1
233 291 1
235 263 1
235 320 1
239 300 1
239 317 1
240 262 1
241 280 46
242 268 1
243 311 1
244 311 3
244 315 1
245 274 1
247 269 1
248 277 8
248 309 2
249 296 1
250 251 1
250 254 1
253 260 1
262 286 1
266 289 1
266 307 1
267 293 1
267 314 1
269 305 1
270 276 1
275 315 1
276 297 1
277 309 2
277 313 2
279 301 1
284 285 1
286 296 1
286 312 1
287 315 1
290 305 1
294 311 2
294 314 1
295 297 1
300 317 1
305 308 1
309 313 1



171 0 14 neure
277 0 13 andelaroche
179 0 14 limoise
2227 0 132 vendat
442 0 82 louchy-montfand
4348 0 521 desertines-03
320 0 14 montaiguet-en-forez
2757 0 434 saint-yorre
718 0 38 garnat-sur-engievre
361 0 13 arronnes
161 0 21 chezelle
131 0 19 chatelus-03
213 0 8 chapelle-aux-chasses
190 0 9 saint-palais-03
348 0 12 fleuriel
1200 0 132 lavault-sainte-anne
677 0 29 bayet
275 0 22 servilly
322 0 24 chatillon-03
2556 0 73 huriel
413 0 10 deux-chaises
222 0 8 saint-priest-en-murat
1276 0 83 villebret
224 0 8 neuilly-en-donjon
206 0 19 saint-fargeol
272 0 6 isle-et-bardais
8990 0 252 domerat
223 0 16 taxat-senat
1021 0 36 saint-menoux
353 0 14 archignat
777 0 13 saligny-sur-roudon
233 0 52 montord
1989 0 44 souvigny
346 0 11 louroux-hodement
317 0 16 hyds
1076 0 22 buxieres-les-mines
1622 0 25 beaulon
75 0 32 valignat
1218 0 44 doyet
1674 0 44 vallon-en-sully
763 0 36 meaulne
2571 0 46 bourbon-l-archambault
2667 0 80 neris-les-bains
153 0 8 lavoine
246 0 6 liernolles
151 0 6 meillers
677 0 11 arfeuilles
560 0 25 bouce-03
542 0 24 teillet-argenty
13074 0 302 yzeure
5806 0 157 gannat
146 0 6 loddes
235 0 17 chouvigny
298 0 15 ferte-hauterive
905 0 50 espinasse-vozelle
1510 0 79 neuvy-03
193 0 10 chappes-03
388 0 9 theneuille
654 0 17 saint-ennemond
38402 0 1857 montlucon
115 0 3 vitray
670 0 16 cressanges
356 0 18 autry-issards
291 0 9 viplaix
482 0 16 chazemais
281 0 15 saint-leger-sur-vouzance
792 0 16 besson
132 0 8 mesples
560 0 14 ferrieres-sur-sichon
514 0 290 montet
558 0 17 treteau
742 0 26 saint-bonnet-troncais
1050 0 43 ainay-le-chateau
288 0 13 braize
549 0 15 vaumas
388 0 18 valigny
1619 0 77 saint-remy-en-rollat
553 0 25 montilly
343 0 17 arpheuilles-saint-priest
199 0 10 saint-bonnet-de-four
1073 0 52 chamblet
316 0 24 colombier-03
418 0 11 paray-le-fresil
442 0 38 saint-germain-de-salles
342 0 7 brethon
1573 0 54 mayet-de-montagne
285 0 11 beaune-d-allier
326 0 12 thionne
233 0 10 gouise
1026 0 43 bressolles-03
641 0 33 montoldre
570 0 32 saint-loup-03
213 0 30 fourilles
208 0 9 bouchaud
224 0 8 gipcy
2032 0 87 saint-victor-03
1434 0 30 neuilly-le-real
494 0 17 saint-christophe-03
262 0 9 mercy-03
272 0 40 mayet-d-ecole
311 0 10 chamberat
549 0 46 monetay-sur-allier
830 0 70 malicorne-03
238 0 16 verneuil-en-bourbonnais
322 0 14 cindre
8546 0 450 bellerive-sur-allier
461 0 16 perigny-03
213 0 8 barrais-bussolles
797 0 36 saint-prix-03
207 0 9 blomard
287 0 10 luneau
145 0 7 saint-martin-des-lais
322 0 12 courcais
349 0 37 saulzet
145 0 18 ussel-d-allier
369 0 15 saint-pierre-laval
901 0 25 marcillat-en-combraille
380 0 11 saint-didier-la-foret
287 0 39 mazerier
1286 0 52 durdat-larequille
238 0 25 monteignet-sur-l-andelot
140 0 17 saint-priest-d-andelot
669 0 17 gennetines
829 0 22 busset
244 0 16 givarlais
404 0 17 echassieres
149 0 7 chatelperron
369 0 45 charmes-03
1331 0 33 villefranche-d-allier
1352 0 50 brugheas
622 0 24 saint-martinien
542 0 15 breuil-03
4987 0 139 saint-pourcain-sur-sioule
160 0 8 sazeret
24774 0 4234 vichy
171 0 8 vernusse
618 0 64 jaligny-sur-besbre
357 0 16 droiturier
1909 0 189 vernet-03
648 0 19 herisson
91 0 11 deneuille-les-chantelle
702 0 41 coulandon
819 0 30 molles
417 0 10 saint-gerand-de-vaux
153 0 13 avrilly-03
254 0 13 varennes-sur-teche
516 0 24 veurdre
195 0 10 nassigny
295 0 23 urcay
347 0 13 deneuille-les-mines
1015 0 29 bellenaves
1135 0 140 hauterive-03
447 0 15 treignat
687 0 32 noyant-d-allier
311 0 12 bagneux-03
197 0 7 saint-voir
503 0 32 bransat
411 0 14 theil-03
1080 0 29 donjon
681 0 20 montbeugny
182 0 17 louroux-de-beaune
253 0 30 sanssat
6651 0 317 commentry
655 0 52 cognat-lyonne
494 0 49 seuillet
123 0 58 poezat
1124 0 99 estivareilles-03
382 0 18 chapelle-03
503 0 19 isserpent
470 0 11 saint-desire
371 0 15 montcombroux-les-mines
267 0 8 vieure
284 0 13 saint-aubin-le-monial
285 0 9 monetay-sur-loire
267 0 11 bert
347 0 66 saint-felix-03
755 0 29 saint-angel-03
743 0 51 serbannes
131 0 16 barberier
394 0 15 treban-03
191 0 8 lafeline
744 0 45 biozat
1360 0 53 quinssaines
773 0 14 ygrande
729 0 54 escurolles
238 0 7 venas
1057 0 58 vaux-03
582 0 65 rongeres
1530 0 170 montmarault
2315 0 109 premilhat
224 0 6 chapeau
175 0 21 lamaids
362 0 10 laprugne
640 0 39 saint-bonnet-de-rochefort
120 0 18 letelon
333 0 18 nizerolles
985 0 37 villeneuve-sur-allier
601 0 19 verneix
55 0 4 saint-eloy-d-allier
415 0 12 gannay-sur-loire
452 0 15 audes
129 0 15 nades
1160 0 44 molinet
268 0 8 saint-didier-en-donjon
549 0 28 chatel-de-neuvre
602 0 17 saint-leon-03
2147 0 30 lurcy-levis
279 0 10 meillard-03
277 0 27 chavroches
291 0 14 murat-03
175 0 6 chateau-sur-allier
987 0 99 bezenet
185 0 9 ronnet
267 0 10 target
348 0 27 chareil-cintrat
287 0 14 mazirat
415 0 11 pouzy-mesangy
365 0 9 saint-leopardin-d-augy
500 0 24 saint-hilaire-03
368 0 13 maillet-03
242 0 8 lenax
185 0 12 petite-marche
202 0 15 sainte-therence
131 0 9 coutansouze
342 0 14 agonges
328 0 24 vicq-03
192 0 20 bost
2732 0 261 abrest
837 0 81 billy-03
363 0 13 saint-clement-03
513 0 26 saint-etienne-de-vicq
403 0 7 saint-plaisir
633 0 37 chemilly-03
264 0 34 reugny-03
860 0 67 magnet
3150 0 95 lapalisse
340 0 10 saint-sauvier
392 0 24 billezois
2213 0 87 cosne-d-allier
137 0 7 chirat-l-eglise
3808 0 244 avermes
464 0 13 voussac
411 0 12 saint-pourcain-sur-besbre
1502 0 60 diou-03
1182 0 37 broût-vernet
981 0 34 chapelaude
239 0 32 langy
3658 0 440 saint-germain-des-fosses
386 0 37 charroux-03
98 0 12 sussat
40 0 11 veauce
120 0 14 naves-03
138 0 8 aubigny-03
376 0 15 lalizolle
644 0 80 saulcet
412 0 11 chatel-montagne
283 0 9 bizeneuille
207 0 11 terjat
370 0 13 aurouer
298 0 15 couzon
13370 0 418 cusset
266 0 8 monestier-03
996 0 50 saint-gerand-le-puy
150 0 14 saint-marcel-en-marcillat
1635 0 40 trevol
265 0 10 vilhain
1665 0 37 lusigny
139 0 8 saint-marcel-en-murat
487 0 41 crechy
137 0 7 chavenon
189 0 10 marigny-03
387 0 21 trezelles
416 0 13 celle-03
578 0 46 saint-pont
305 0 12 coulanges-03
230 0 11 saint-sornin-03
3333 0 292 creuzier-le-vieux
308 0 23 montaigu-le-blin
581 0 10 couleuvre
19590 0 2275 moulins-03
1277 0 54 ebreuil
393 0 18 pin-03
230 0 27 begues
189 0 9 chabanne
181 0 6 saint-nicolas-des-biefs
1072 0 97 chantelle
961 0 38 chassenard
1388 0 40 bessay-sur-allier
238 0 7 louroux-bourbonnais
342 0 36 loriges
1137 0 29 toulon-sur-allier
762 0 80 mariol
212 0 5 chezy
1001 0 17 thiel-sur-acolin
926 0 29 tronget
517 0 44 jenzat
377 0 17 rocles-03
395 0 17 bresnay
143 0 11 guillermie
94 0 4 sauvagny
1351 0 19 cerilly-03
292 0 17 sorbier
611 0 34 contigny
378 0 31 cesset
641 0 28 paray-sous-briailles
743 0 74 montvicq
92 0 4 saint-caprais-03
3600 0 149 varennes-sur-allier
1033 0 94 creuzier-le-neuf
446 0 11 franchesse
3152 0 69 dompierre-sur-besbre
718 0 55 etroussat
746 0 100 charmeil
701 0 14 chevagnes
513 0 20 pierrefitte-sur-loire
342 0 22 saint-genest-03
177 0 7 tortezais
280 0 16 louroux-de-bouble
697 0 59 lignerolles-03
375 0 20 marcenat-03
